clf_lex,clf_pos,clf_conc,clf_emb,clf_lex_pos,clf_lex_conc,clf_lex_emb,clf_lex_pos_conc,clf_lex_pos_emb,clf_lex_emb_conc,clf_lex_pos_emb_conc,clf_lex_tm,clf_pos_tm,clf_conc_tm,clf_emb_tm,clf_lex_pos_tm,clf_lex_emb_tm,clf_lex_conc_tm,clf_conc_emb_tm,clf_lex_pos_conc_tm,clf_lex_pos_conc_emb_tm,gold,lemmas
1,1,0,0,1,1,0,1,0,0,0,1,1,1,0,1,0,1,1,1,0,1,"['время', 'ребенок', 'музыка']"
1,1,1,1,1,1,1,1,1,1,1,1,1,1,1,1,1,1,1,1,1,1,"['добрынин', 'говорить', 'шевченко', 'центр', 'вашингтон', 'запрос', 'месяц', 'знак-кавычки']"
0,0,1,1,0,0,0,0,0,0,0,0,0,1,1,0,0,0,1,0,0,1,"['принять', 'внимание', 'настойчиво', 'группа', 'особый', 'интерес', 'мем', 'будущий', 'действовать', 'конгрессмен', 'особенность', 'политический', 'система', 'легко', 'прийти', 'вывод', 'усвоение', 'принадлежать', 'необходимый', 'условие', 'вступление', 'кандидат', 'конгресс', 'знак-кавычки', 'знак-кавычки']"
1,1,1,1,1,1,1,1,1,1,0,1,0,1,1,1,1,1,1,1,1,1,"['закончить', 'друг', 'вопрос', 'лучший', 'место', 'делать', 'покупка']"
1,1,1,1,1,1,1,1,1,1,1,1,1,1,1,1,1,1,1,1,1,1,"['сигнал', 'настойчиво', 'день', 'придать', 'особый', 'значение', 'вихрь', 'усилиться']"
1,0,1,1,1,1,1,1,1,1,1,1,1,1,1,1,1,1,1,1,1,1,"['сделать', 'епископ', 'начало', 'синод', 'прошение', 'отправить', 'покой']"
1,1,1,0,1,1,1,1,1,1,1,1,1,1,0,1,1,1,1,1,1,1,"['пойти', 'телеграмма', 'губернатор', 'войско', 'давать', 'знак-кавычки']"
1,1,1,0,1,1,1,1,1,1,1,1,1,1,0,1,1,1,1,1,1,1,"['покупатель', 'активно', 'администрация', 'магазин', 'вопрос', 'долгожданный', 'новинка', 'обрести', 'новый', 'владелец']"
1,1,1,1,1,1,1,1,1,1,1,1,1,1,1,1,1,1,1,1,1,1,"['подхватывать', 'иметься', 'группа', 'земля', 'другой', 'сфера', 'который', 'сознание', 'сценарий', 'страх', 'удерживать', 'власть', 'буквально']"
1,0,1,1,1,1,1,1,1,1,1,1,1,1,1,1,1,1,1,1,1,1,"['нина', 'протасов', 'телеграмма']"
1,1,1,1,1,1,1,1,1,1,1,1,1,1,1,1,1,1,1,1,1,1,"['сообщение', 'сми', 'врач', 'последний', 'новомодный', 'диета', 'говорить', 'пища', 'должный', 'считать', 'привлекательный']"
1,1,1,1,1,1,1,1,1,1,1,1,1,1,1,1,1,1,1,1,1,1,"['служба', 'нелепый', 'звонок', 'знак-кавычки', 'буквально']"
1,1,1,1,1,1,1,1,1,1,1,1,1,1,1,1,1,1,1,1,1,1,"['председатель', 'фрс', 'иллюзионист', 'бен', 'бернанка', 'регулярно', 'американский', 'рынок', 'тонна', 'долларовый', 'наличность', 'пытаться', 'самый', 'создать', 'временный', 'ощущение', 'роста', 'экономика', 'знак-кавычки']"
1,0,1,0,1,1,1,1,1,1,1,1,0,1,0,1,1,1,1,1,1,1,"['объем', 'дневной', 'порция', 'письмо', 'почтовый', 'ящик', 'пользователь', 'интернет', 'начинать', 'превышать', 'разумный', 'рамка']"
1,1,1,1,1,1,1,1,1,1,1,1,1,1,1,1,1,1,1,1,1,1,"['газета', 'письмо', 'откровенный', 'псих', 'правда', 'говорить', 'особенно', 'отличаться']"
1,1,1,1,1,1,1,1,1,1,1,1,1,1,1,1,1,1,1,1,1,1,"['час', 'день', 'начать', 'телефон', 'знак-кавычки']"
1,0,1,1,1,1,1,1,1,1,1,1,1,1,1,1,1,1,1,1,1,1,"['итог', 'правый', 'крайний', 'оставаться', 'обороноспособность', 'страна', 'офицер', 'обложиться', 'юридический', 'литература', 'начинать', 'суд', 'иск', 'отбывать', 'служба', 'номер']"
1,0,1,1,1,1,0,1,0,0,0,1,1,1,1,1,0,1,1,1,0,1,"['радиопередатчик', 'нацелить', 'встроенный', 'мозг', 'человек', 'приемник', 'жертва', 'приказ', 'сдача', 'знак-кавычки', 'знак-кавычки', 'знак-кавычки']"
1,1,1,1,1,1,1,1,1,1,1,1,1,1,1,1,1,1,1,1,1,1,"['прохождение', 'город', 'песня', 'изумительный', 'мир', 'луис', 'армстронг', 'стиль', 'техно', 'знак-кавычки']"
1,0,1,1,1,1,1,1,1,1,1,1,1,1,1,1,1,1,1,1,1,1,"['данный', 'ситуация', 'жалоба', 'обращение', 'различный', 'инстанция', 'буквально']"
1,0,1,1,1,1,1,1,1,1,1,1,1,1,1,1,1,1,1,1,1,1,"['бедный', 'прасковья', 'ивановна', 'беспокоить', 'презренный', 'письмо', 'выразиться', 'первый', 'жалеть', 'послужить', 'невинный', 'причина', 'знак-кавычки']"
1,1,1,1,1,1,1,1,1,1,1,1,1,1,1,1,1,1,1,1,1,1,"['лиза', 'пытаться', 'вновь', 'вероломный', 'возлюбленный', 'разговор', 'душа', 'угроза', 'знак-кавычки']"
1,1,1,1,1,1,1,1,1,1,1,1,1,1,1,1,1,1,1,1,1,1,"['слово', 'обама', 'медиа', 'индустрия', 'круглосуточно', 'день', 'неделя', 'человек', 'данные', 'самый', 'различный', 'род', 'многий', 'являться', 'достоверный', 'знак-кавычки']"
1,1,1,1,1,1,1,1,1,1,1,1,1,1,1,1,1,1,1,1,1,1,"['карл', 'выбор', 'остановить', 'немой', 'находиться', 'пост', 'посол', 'бухарест', 'граф', 'венский', 'начальство', 'длинный', 'письмо', 'меморандум', 'настаивать', 'необходимость', 'приступить', 'мирный', 'переговоры', 'антанта', 'совпадать', 'намерение', 'план', 'молодой', 'монарх']"
0,1,1,0,0,0,0,0,0,0,0,0,1,1,1,0,0,0,1,0,0,1,"['постоянно', 'призыв', 'помощь', 'реальный', 'участие', 'нужный', 'веский', 'причина']"
1,1,1,1,1,1,1,1,1,1,1,1,1,1,1,1,1,1,1,1,1,1,"['потребитель', 'поднимать', 'голова', 'начинать', 'бренд']"
1,0,1,0,1,1,1,1,1,1,1,1,1,1,1,1,1,1,1,1,1,1,"['банк', 'продолжать', 'повестка', 'суд', 'предложение', 'войти', 'трудный', 'положение', 'реструктурировать', 'кредит', 'знак-кавычки']"
1,1,1,1,1,1,1,1,1,1,1,1,1,1,1,1,1,1,1,1,1,1,"['алиса', 'подписываться', 'стоить', 'повод', 'забота', 'выше', 'крыша']"
1,1,1,0,1,1,1,1,1,1,1,1,1,1,0,1,0,1,1,1,1,1,"['день', 'телевизионный', 'коммерческий', 'реклама', 'рекламный', 'объявление', 'радио', 'газета', 'стенка', 'автобус', 'щит']"
1,0,1,0,1,1,1,1,1,1,1,1,1,1,0,1,1,1,1,1,1,1,"['виновница', 'переполох', 'спешить', 'почивать', 'лавр', 'продолжать', 'рынок', 'новинка', 'автофокусный', 'зеркалка', 'предел', 'сша', 'известный', 'база', 'свежеиспеченный', 'байонет', 'знак-кавычки', 'знак-кавычки', 'знак-кавычки']"
1,1,1,0,1,1,1,1,1,1,1,1,1,1,0,1,1,1,1,1,1,1,"['время', 'панегирик', 'адрес', 'ретиф', 'бретонный', 'начало', 'данте', 'дзакканьинь', 'ученый', 'запойный', 'читатель', 'кайроу', 'штат', 'ньюйорк']"
1,1,1,1,1,1,1,1,1,1,1,1,1,1,1,1,1,1,1,1,1,1,"['объяснить', 'польский', 'правительство', 'заключить', 'договор', 'начать', 'ссср', 'просьба', 'вернуть', 'поляков', 'год', 'нагло', 'врать']"
1,1,1,1,1,1,1,1,1,1,1,1,1,1,1,1,1,1,1,1,1,1,"['мужик', 'планомерно', 'настойчиво', 'мысль', 'оружие', 'доверять', 'раб']"
1,0,1,1,1,1,1,1,1,1,1,1,1,1,1,1,1,1,1,1,1,1,"['касаться', 'влияние', 'пробиотик', 'здоровье', 'потребитель', 'заявление', 'польза', 'сброженный', 'продукт', 'который', 'являться', 'источник', 'живой', 'культура', 'знать', 'йогурт']"
1,0,1,0,1,1,1,1,1,1,1,1,1,1,1,1,1,1,1,1,1,1,"['прошение', 'уважаемый', 'человек', 'космонавт', 'особенно', 'видеть', 'иллюминатор', 'летать', 'тарелка', 'писать', 'буквоедство', 'мешать', 'распространение', 'передовой', 'научный', 'идея']"
1,1,1,1,1,1,1,1,1,1,1,1,1,1,1,1,1,1,1,1,1,1,"['человек', 'постоянно', 'противоречивый', 'информация', 'передавать', 'разный', 'орган', 'чувство', 'счастье', 'хороший', 'примиритель', 'арбитр', 'ум', 'который', 'синтезировать', 'интегрировать', 'сглаживать', 'конфликт', 'агент', 'докладывать', 'штаб', 'различный', 'аванпост', 'знак-кавычки', 'знак-кавычки', 'знак-кавычки']"
1,1,1,0,1,1,1,1,1,1,0,1,1,1,0,1,1,1,1,1,1,1,"['последующий', 'минута', 'карл', 'подобный', 'детский', 'задача', 'буквально']"
1,1,1,0,1,1,1,1,1,1,1,1,1,1,0,1,1,1,1,1,1,1,"['сайт', 'откликаться', 'потребность', 'должный', 'образ', 'реагировать', 'многочисленный', 'поток', 'символически', 'насыщенный', 'сообщение', 'день', 'сознание', 'огромный', 'множество', 'человек', 'телевидение', 'радио', 'пресса', 'кино', 'видеоигр', 'другой', 'средство', 'электронный', 'культура', 'который', 'возрастать', 'роль', 'играть', 'интернет', 'учитывать', 'проблематика', 'экология', 'масса', 'медиа', 'мультимедийный', 'грамотность', 'музыкальный', 'структурирование', 'современный', 'житель', 'глобальный', 'деревня', 'знак-кавычки']"
1,1,1,0,1,1,1,1,1,1,1,1,1,0,1,1,1,1,1,1,1,1,"['хабаровский', 'межрайонный', 'природоохранный', 'прокуратура', 'ростехнадзор', 'местный', 'суд', 'исковый', 'заявление', 'требование', 'обязать', 'руководство', 'водоканал', 'объяснить', 'орг', 'низация', 'ведение', 'находиться', 'канализационный', 'сеть', 'право', 'пользование', 'водный', 'объект']"
0,1,1,1,0,0,0,0,0,0,0,0,1,0,1,0,0,0,1,0,0,1,"['изображение', 'который', 'телевидение', 'кино', 'персональный', 'компьютер', 'наглядно', 'демонстрировать', 'мощь', 'современный', 'график']"
1,0,1,0,1,1,1,1,1,1,1,1,1,0,0,1,1,1,1,1,1,1,"['неделя', 'служба', 'поддержка', 'сервис', 'получить', 'один', 'ответ']"
0,0,1,1,0,0,1,0,1,1,1,0,1,1,1,0,1,0,1,0,1,1,"['последний', 'год', 'находить', 'новый', 'мифический', 'долг', 'вновь', 'ультиматум']"
1,1,0,1,1,1,0,1,0,0,0,1,1,1,1,1,0,1,1,1,0,1,"['начать', 'регулярно', 'предложение', 'скачать', 'новый', 'микс', 'оценить', 'проект', 'знак-кавычки', 'знак-кавычки']"
0,1,0,0,0,0,0,0,0,0,0,0,1,1,0,0,0,0,1,0,0,1,"['неожиданно', 'влюбиться', 'второй', 'летний', 'баронесса', 'александр', 'бистр', 'который', 'месяц', 'любовный', 'письмо', 'страница', 'день', 'описывать', 'достоинство', 'недостаток']"
0,1,1,0,0,0,0,0,0,0,0,0,1,0,0,0,0,0,1,0,0,1,"['энтузиаст', 'отчет', 'предложение', 'минавиапр', 'ссср', 'нии', 'ввс', 'военно-воздушный', 'академия', 'имя', 'жуковский', 'кгб', 'отклик', 'находить']"
1,0,1,0,1,1,1,1,0,0,0,1,0,0,0,1,0,1,1,1,0,1,"['стать', 'замкнутый', 'ученый', 'заведение', 'подробнейший', 'отчет', 'изыскание']"
0,1,0,0,0,0,0,0,0,0,0,0,1,0,0,0,0,0,1,0,0,1,"['ленин', 'украина', 'телеграмма', 'млн', 'пуд', 'хлеб', 'который', 'околеть', 'знак-кавычки']"
0,0,1,0,0,0,0,0,0,0,0,0,1,0,0,0,0,0,1,0,0,1,"['сначала', 'нелишний', 'предпринять', 'нежный', 'разведка', 'аккуратно', 'уточнить', 'бесценный', 'приставать', 'лишний', 'возможность', 'красавица', 'флюид', 'знак-кавычки']"
1,0,1,0,0,1,0,1,0,0,0,0,1,0,0,0,0,0,0,0,0,1,"['министр', 'здравоохранение', 'соцразвития', 'михаил', 'зурабов', 'парламент', 'демографический', 'идея']"
0,0,0,1,0,0,0,0,0,0,0,0,1,1,1,0,0,0,1,0,0,1,"['компания', 'больше', 'абонент', 'кампания', 'подойти', 'вопрос', 'избирательно', 'утверждать', 'г-жа', 'шмидт', 'знак-кавычки']"
1,1,1,0,1,1,0,1,0,0,0,1,1,1,1,1,0,1,1,1,0,1,"['производитель', 'рынок', 'подобный', 'модель', 'буквально']"
1,0,1,0,1,1,0,1,0,0,0,1,1,0,0,0,0,1,1,0,0,1,"['заказать', 'козлов', 'френкель', 'пресса', 'письмо', 'донос', 'делать', 'глаз', 'общество', 'главный', 'враг', 'знак-кавычки', 'буквально']"
0,0,0,0,0,0,0,0,0,0,0,0,1,0,0,0,0,0,1,0,0,1,"['гипотетичный', 'представить', 'повышение', 'скорость', 'количество', 'новый', 'элемент', 'старый', 'культура', 'большой', 'неизбежно', 'привести', 'разрушение', 'структура', 'выразиться', 'культурообразующий', 'энергия', 'превзойти']"
0,0,1,0,0,0,0,0,0,0,0,0,1,1,0,0,0,0,1,0,0,1,"['явно', 'потрясти', 'удаться', 'обнаружить', 'документ', 'вивер', 'начало', 'предшественник', 'должность', 'уоттс', 'электронный', 'письмо', 'сообщать', 'преждевременный', 'сверхоптимистичный', 'данные', 'запас', 'создать', 'ложный', 'представление', 'компания', 'знак-кавычки', 'знак-кавычки']"
0,0,1,0,0,0,0,0,0,0,0,0,0,0,0,0,0,0,1,0,0,1,"['исследование', 'процент-знак', 'население', 'сша', 'считать', 'постоянно', 'реклама', 'уверенный', 'оказывать', 'никакой', 'влияние', 'потребительский', 'выбор']"
0,0,1,0,0,0,0,0,0,0,0,0,1,1,0,0,0,0,0,0,0,1,"['напротив', 'рок-музыка', 'насильно', 'проповедь', 'взрослый', 'секс', 'извращение', 'подталкивать', 'извращенный', 'половый', 'поведение']"
0,0,0,0,0,0,0,0,0,0,0,0,1,0,0,0,0,0,1,0,0,1,"['источник', 'бесконечный', 'факт', 'число', 'теория', 'понятие']"
0,1,1,0,0,0,1,0,1,0,0,0,1,0,0,1,1,0,1,1,1,1,"['фильм', 'должный', 'быстрый', 'зритель', 'дать', 'расслабиться']"
1,1,1,1,1,1,0,1,0,0,0,1,1,0,1,1,0,1,1,1,0,1,"['один', 'брат', 'держаться', 'особняком', 'остальной', 'время', 'врач', 'устный', 'письменный', 'заявление', 'нормальный', 'должный', 'сидеть', 'психушка']"
1,0,1,1,1,1,1,1,1,1,1,1,1,1,1,1,1,1,1,1,1,1,"['услуга', 'рекрутмент', 'признать', 'профессиональный', 'сервис', 'брокерство', 'резюме', 'соискатель', 'который', 'клиент', 'агентство', 'подбор', 'кандидат', 'знать', 'представить', 'компания']"
1,1,0,1,1,1,1,1,1,1,1,1,1,0,1,1,1,1,1,1,1,1,"['интересно', 'происходить', 'потребитель', 'ежедневно', 'больший', 'количество', 'повторяться', 'реклама', 'один', 'марка']"
1,1,1,1,1,1,1,1,1,1,1,1,1,1,1,1,1,1,1,1,1,1,"['близко', 'год', 'публикация', 'апокалипсис', 'основать', 'календарь', 'майя', 'регулярный', 'объявление', 'конец', 'свет']"
1,0,1,0,1,1,1,1,1,1,1,1,1,1,0,1,1,1,1,1,1,1,"['регулярно', 'писать', 'письмо', 'заботливо', 'справляться', 'состояние', 'здоровье', 'подробный', 'отчет', 'достоинство', 'джулиана', 'красота', 'успех', 'учеба']"
1,0,1,1,0,1,1,1,1,1,1,1,1,1,1,1,1,1,1,1,1,1,"['год', 'п.', 'л.', 'капица', 'вождь', 'сталин', 'г.', 'м.', 'маленков', 'берия', 'письмо', 'который', 'утверждаться', 'опыт', 'война', 'совершенно', 'изменить', 'представление', 'роль', 'значение', 'наука', 'приводиться', 'аргумент', 'польза', 'создание', 'особый', 'вуз', 'полноценный', 'раскрыться', 'специальный', 'метод', 'обучение', 'рассчитать', 'максимальный', 'развитие', 'творческий', 'инициатива', 'индивидуально', 'приспособить', 'особенность', 'каждый', 'учащийся', 'знак-кавычки', 'буквально']"
1,1,1,1,1,1,1,1,1,1,1,1,1,1,1,1,1,1,1,1,1,1,"['битва', 'сознание', 'потребитель', 'восприниматься', 'своеобразный', 'игра', 'компания', 'стремиться', 'заполучить', 'расположение', 'реклама', 'акция', 'ока', 'интерес', 'понаблюдать', 'попытка', 'знак-кавычки']"
1,1,1,1,1,1,1,1,1,1,1,1,1,1,1,1,1,1,1,1,1,1,"['долгий', 'неделя', 'крупный', 'событие', 'свидетельство', 'очевидец', 'сотня', 'прокручивать', 'один', 'кадры', 'шокировать', 'ранее', 'неизвестный', 'подробность']"
1,1,0,0,1,1,0,1,0,0,1,1,1,0,0,1,0,1,1,1,0,1,"['реклама', 'персонально', 'знак-кавычки']"
0,0,1,0,0,0,0,0,0,1,0,0,1,1,0,0,0,0,1,0,0,1,"['день', 'протяжение', 'который', 'страна', 'разоблачение', 'размах', 'выходить', 'рамка', 'трагический', 'событие', 'зима', 'год', 'нант', 'буквально']"
1,1,1,1,1,1,1,1,1,1,1,0,1,1,1,1,1,0,1,1,1,1,"['настойчивость', 'достойный', 'лучший', 'применение', 'сообщник', 'высокохудожественный', 'рецензия', 'знак-кавычки']"
1,1,1,0,1,1,1,1,1,1,1,1,1,0,0,1,1,1,1,1,1,1,"['целый', 'год', 'безрезультатно', 'высший', 'инстанция', 'рапорт', 'просьба', 'отправить', 'фронт', 'июнь', 'го', 'попросту', 'сбежать', 'война', 'опытный', 'истребитель', 'лагга', 'сделать', 'прощание', 'мертвый', 'петля', 'мост', 'волга', 'знак-кавычки', 'знак-кавычки']"
0,1,1,1,0,0,1,0,0,1,1,1,1,1,1,1,1,1,1,1,1,1,"['оглядываться', 'назад', 'думать', 'сменить', 'рекламный', 'агентство', 'начать', 'потребитель', 'большой', 'число', 'резон', 'следовать', 'покупать', 'сделать', 'поздно', 'подействовать']"
1,0,1,0,1,1,1,1,1,1,1,1,1,1,0,1,1,1,1,1,1,1,"['курс', 'пастись', 'рекрутинговый', 'компания', 'недавний', 'выпускник', 'заманчивый', 'предложение', 'знак-кавычки']"
1,1,1,0,1,1,0,1,0,1,0,1,1,1,1,1,0,1,1,1,1,1,"['служба', 'нелепый', 'звонок', 'знак-кавычки', 'буквально']"
1,0,1,0,1,1,1,1,1,1,1,1,1,0,0,1,1,1,1,1,1,1,"['средство', 'массовый', 'информация', 'духовный', 'основа', 'общество']"
1,0,1,1,1,1,1,1,1,1,1,1,1,1,1,1,1,1,1,1,1,1,"['последний', 'год', 'сми', 'публика', 'сообщение', 'новый', 'эпидемия', 'грипп', 'десятилетие', 'назад', 'журналист', 'твердить', 'быстро', 'стать', 'штамп', 'фраза', 'чума', 'век', 'синдром', 'приобрести', 'иммунодефицит', 'знак-кавычки']"
1,1,1,1,1,1,1,1,1,1,1,1,1,1,1,1,1,1,1,1,1,1,"['слушатель', 'непрерывно', 'разглагольствование', 'набитый', 'тема', 'утратить', 'подлинный', 'значение', 'представлять', 'пустота', 'заполнять', 'случайно', 'прийти', 'голова', 'мысль']"
1,1,1,1,1,1,1,1,1,1,1,1,1,1,1,1,1,1,1,1,1,1,"['свидетель', 'участник', 'смысл', 'инициатор', 'событие', 'неудивительный', 'группа', 'люден', 'протяжение', 'последний', 'год', 'соответствующий', 'запрос', 'официальный', 'неофициальный', 'просьба', 'споспешествовать', 'напоминание', 'гражданский', 'долг', 'знак-кавычки']"
1,1,1,1,1,1,1,1,1,1,1,1,1,1,1,1,1,1,1,1,1,1,"['считать', 'стоить', 'конкретный', 'компания', 'скоро', 'положиться', 'естественный', 'ход', 'вещь', 'рынок']"
1,1,1,1,1,1,1,1,1,1,1,1,1,1,1,1,1,1,1,1,1,1,"['средство', 'массовый', 'информация', 'один', 'год', 'стать', 'конец', 'существование', 'планета', 'земля', 'значить', 'человечество', 'целое']"
1,1,0,1,1,1,1,1,1,1,1,1,1,0,1,1,1,1,1,1,1,1,"['образовательный', 'медицинский', 'учреждение', 'привыкнуть', 'минфин', 'россия', 'письмо', 'связанный', 'возможность', 'применение', 'п', 'знак-кавычки']"
1,1,1,1,1,1,1,1,1,1,1,1,1,1,1,1,1,1,1,1,1,1,"['некоторый', 'житель', 'северо-восток', 'сша', 'принять', 'свет', 'нло', 'отмечать', 'телеканал', 'сообщение', 'странный', 'появиться', 'небо']"
1,0,0,1,0,0,0,0,0,0,0,1,0,0,1,1,0,1,1,0,0,1,"['пустозерская', 'ссылка', 'отправить', 'артамон', 'новый', 'царь', 'оправдательный', 'письмо', 'часто', 'поминать', 'гаден', 'ссылаться', 'авторитет']"
1,1,0,0,1,1,1,1,1,1,1,1,1,1,0,1,1,1,1,1,1,1,"['адвокат', 'продолжать', 'прокурор']"
1,1,1,1,1,1,1,1,1,1,1,1,1,1,1,1,1,1,1,1,1,1,"['вклиниться', 'обмен', 'данные', 'заводить', 'знакомство', 'впоследствии', 'начинать', 'новый', 'знакомый', 'порнографический', 'изображение', 'посылать', 'словесный', 'послание', 'гадкий', 'слово']"
1,1,1,1,1,1,1,1,1,1,1,1,1,1,1,1,1,1,1,1,1,1,"['епископ', 'гермоген', 'илиодор', 'сталь', 'государь', 'телеграмма', 'умолять', 'принимать', 'распутин']"
1,1,1,1,1,1,1,1,1,1,1,1,1,1,1,1,1,1,1,1,1,1,"['начало', 'монетизация', 'многократно', 'правительство', 'запрос', 'положение', 'труженик', 'тыл', 'знак-кавычки']"
0,1,0,1,0,0,1,0,1,1,1,0,1,1,1,0,1,0,1,0,1,1,"['многократно', 'правительство', 'запрос', 'предложение', 'тема']"
0,0,1,1,0,0,1,0,1,1,1,0,1,1,1,0,1,0,1,0,1,1,"['ход', 'доклад', 'докладчик', 'вопрос', 'стесняться', 'показать', 'непонимание']"
0,0,0,1,0,0,0,0,0,0,0,0,1,0,1,0,0,0,1,0,0,1,"['приветствие', 'адрес', 'многотысячный', 'трудовой', 'коллектив', 'вологодский', 'чиновник', 'комбинат', 'угроза', 'запрет', 'стремиться', 'стать', 'сорвать', 'пуск', 'знак-кавычки']"
1,1,1,1,1,1,1,1,1,1,1,1,1,1,1,1,1,1,1,1,1,1,"['напрасно', 'вглядываться', 'честный', 'открытый', 'лицо', 'вопрос']"
1,1,1,1,1,1,1,1,1,1,1,1,1,1,1,1,1,1,1,1,1,1,"['большинство', 'женский', 'журнал', 'молодой', 'читательница', 'статья', 'сексуальность', 'техника', 'секс']"
1,1,1,0,1,1,1,1,1,1,1,1,1,1,0,1,1,1,1,1,1,1,"['зарегистрироваться', 'начинать', 'почтовый', 'ящик', 'остальной', 'интернетчик', 'предложение', 'посетить', 'данный', 'проект']"
1,1,0,0,1,0,1,0,1,1,1,1,1,0,0,1,1,0,1,0,1,1,"['федосов', 'продолжать', 'властный', 'партийный', 'орган', 'жалоба']"
0,1,1,1,1,1,1,1,1,1,1,1,1,1,1,1,1,1,1,1,1,1,"['ложь', 'настолько', 'масса', 'медиа', 'агрессивный', 'защищаться', 'невозможно']"
1,1,1,1,1,1,1,1,1,1,1,1,0,1,1,1,1,1,0,1,1,1,"['итог', 'вышеперечисленный', 'процесс', 'начинать', 'страдать', 'орган', 'человек', 'стресс', 'знак-кавычки']"
0,1,1,1,0,1,0,1,0,0,0,1,1,1,1,1,0,1,1,1,0,1,"['спецслужба', 'реагировать', 'требование', 'птичник', 'прекратить', 'секретный', 'данные']"
1,1,1,1,1,1,1,1,1,1,1,1,1,1,1,1,1,1,1,1,1,1,"['россиянин', 'ежедневно', 'информация', 'фальсифицировать', 'лекарственный', 'средство', 'телепередача', 'радиопрограмма', 'печатный', 'продукция', 'пестреть', 'сообщение', 'подделка', 'оговариваться', 'речь', 'идти', 'один', 'конкретный', 'серия', 'препарат']"
1,1,0,0,1,1,0,1,0,1,0,1,1,0,0,1,0,0,1,1,0,1,"['последний', 'серия', 'настолько', 'необычный', 'соответствовать', 'представление', 'зритель', 'заканчиваться', 'аниме', 'сериал', 'просто', 'письмо', 'самый', 'разный', 'тональность', 'обычно', 'выражать', 'недоумение', 'повод', 'знак-кавычки']"
1,1,1,1,1,1,1,1,1,1,1,1,1,1,1,1,1,1,1,1,1,1,"['вербовщик', 'приводить', 'община', 'новоиспеченный', 'жертва', 'сектантство', 'любовь', 'говорить', 'методика', 'попрактиковаться', 'уберменш', 'стать', 'знак-кавычки']"
1,1,1,1,1,1,1,1,1,1,1,1,1,1,1,1,1,1,1,1,1,1,"['недобросовестный', 'реклама', 'потребитель', 'многий', 'биолог', 'интенсивно', 'трудиться', 'изучать', 'старение', 'попытка', 'найти', 'способ', 'замедлить', 'процесс', 'повысить', 'продолжительность', 'жизнь']"
1,1,0,0,1,1,0,1,1,0,0,1,1,0,0,1,0,1,1,1,0,1,"['мозг', 'юрий', 'воронцов', 'подписать', 'новый', 'редакция', 'знак-кавычки']"
0,1,0,1,0,0,1,0,1,1,1,0,1,1,1,0,1,0,1,0,1,1,"['последний', 'время', 'отношение', 'реклама', 'становиться', 'пессимистичный', 'бюджет', 'компания', 'разрастаться', 'неимоверный', 'размер', 'привлекать', 'скромность', 'простота', 'открытка', 'фон', 'прекращать', 'спам', 'который', 'производитель', 'забрасывать', 'ящик', 'почтовый', 'электронный', 'орган', 'чувство', 'знак-кавычки', 'знак-кавычки']"
1,1,1,1,1,1,1,1,1,1,1,1,1,0,1,1,1,1,1,1,1,1,"['последний', 'год', 'мир', 'вендор', 'менеджер', 'безопасность', 'завлекать', 'утверждение', 'высокий', 'уровень', 'возврат', 'инвестиция', 'который', 'получить', 'выбрать', 'централизованный', 'система', 'видеонаблюдение', 'основать', 'сетевой', 'видеорегистратор', 'знак-кавычки']"
1,0,1,1,1,1,1,1,1,1,1,1,1,1,1,1,1,1,1,1,1,1,"['результат', 'завод', 'столкнуться', 'массовый', 'побег', 'молодой', 'рабочий', 'родитель', 'уверенный', 'правота', 'начать', 'обком', 'партия', 'жалоба', 'нечеловеческий', 'условие', 'работа']"
1,1,1,1,1,1,1,1,1,1,1,1,0,1,1,1,1,1,1,1,1,1,"['каждый', 'полка', 'широкий', 'разнообразие', 'товар', 'ощущение', 'чувство', 'бесконечный', 'набор', 'разноцветный', 'коробка', 'упаковка', 'трудно', 'остановить', 'выбор']"
1,1,1,1,1,1,1,1,1,1,1,1,1,1,1,1,1,1,1,1,1,1,"['беспрестанный', 'звонок', 'умолять', 'вешать', 'трубка', 'говорить', 'прерваться', 'связь', 'плакать']"
1,1,1,1,1,1,1,1,1,1,1,1,1,1,1,1,1,1,1,1,1,1,"['последний', 'полгода', 'практически', 'научить', 'оптимизатор', 'думать', 'равный', 'подавлять', 'большинство', 'пытаться', 'работать', 'старинка', 'массово', 'сайт', 'ссылка', 'т.е.']"
1,1,1,1,1,1,1,1,1,1,1,1,1,1,1,1,1,1,1,1,1,1,"['новый', 'труд', 'практика', 'биржевой', 'спекуляция', 'знаменитый', 'автор', 'лорел', 'кеннер', 'виктор', 'нидерхоффер', 'изучать', 'основа', 'существующий', 'миф', 'пропаганда', 'ложный', 'информация', 'который', 'каждый', 'день', 'инвестор', 'абсолютно', 'сми', 'знак-кавычки']"
1,1,1,1,1,1,1,1,1,1,1,1,0,0,1,1,1,1,0,1,1,1,"['сегодня', 'достигнуть', 'абсурдный', 'уровень', 'ожидать', 'рыдать', 'утрата', 'джейд', 'гудеть', 'выходка', 'недознаменитость', 'низший', 'лига', 'генетический', 'код', 'практически', 'цветной', 'капуста', 'ум', 'посудомоечный', 'машина']"
1,1,1,1,1,1,1,1,1,1,1,1,1,1,1,1,1,1,1,1,1,1,"['чиновник', 'регулярно', 'гражданин', 'сообщение', 'закрыть', 'крышка', 'люк', 'удалять', 'читать', 'ничто', 'раздражение', 'дорогостоящий', 'система', 'вызвать']"
1,0,1,1,1,1,1,1,1,1,1,1,0,1,1,1,1,1,0,1,1,1,"['незадолго', 'окончание', 'период', 'регистрационный', 'служба', 'начинать', 'заявитель', 'просьба', 'внести', 'очередной', 'платеж']"
1,1,1,1,1,1,1,1,1,1,1,1,1,1,1,1,1,1,0,1,1,1,"['видеть', 'пятый', 'глава', 'администратор', 'позволить', 'реклама', 'прокрасться', 'кампус', 'утешать', 'молодежь', 'меркантилистский', 'внушение', 'парочка', 'лишний', 'убить', 'выручка', 'помочь', 'финансировать', 'ценный', 'учебный', 'программа']"
0,1,0,1,0,0,0,0,0,0,1,0,0,0,1,0,0,0,0,0,0,1,"['вич', 'положительный', 'человек', 'постоянно', 'правительство', 'письмо', 'просьба', 'действительно', 'обратить', 'внимание', 'проблема', 'распространение', 'инфекция']"
1,0,0,1,1,1,1,1,1,1,1,1,0,0,1,1,1,1,0,1,1,1,"['начинать', 'ложный', 'ответ']"
0,1,0,0,0,0,0,0,0,0,0,0,0,0,0,0,0,0,0,0,0,1,"['известие', 'неудачный', 'исход', 'поход', 'генерал', 'корнилов', 'петроград', 'докатиться', 'кавказ', 'тыловой', 'комитет', 'полк', 'телеграмма', 'предупреждать', 'контрреволюционность', 'офицерство']"
0,0,1,0,0,0,0,0,0,0,0,1,0,0,0,0,0,1,0,0,0,1,"['текстовый', 'сообщение', 'постоянно', 'призывать', 'письмо', 'мама', 'присутствовать']"
0,0,0,0,0,0,0,0,0,0,0,0,0,0,0,0,0,0,0,0,0,1,"['создание', 'тс', 'производитель', 'страна', 'союзник', 'оживиться', 'начать', 'власть', 'письмо', 'просьба', 'защита', 'зарубежный', 'демпинг']"
0,0,0,0,0,0,0,0,0,0,0,0,0,0,0,0,0,0,0,0,0,1,"['конец', 'слово', 'смысл', 'который', 'свести', 'один', 'фраза', 'ничто', 'выйти', 'пытаться', 'знак-кавычки']"
0,0,0,0,0,0,0,0,0,0,0,0,0,0,0,0,0,0,0,0,0,1,"['смысл', 'читатель', 'обилие', 'научный', 'информация', 'который', 'отвлечь', 'восприятие', 'основной', 'положение']"
0,1,0,0,0,0,0,0,0,0,0,0,1,0,0,0,0,0,0,0,0,1,"['жилец', 'срочно', 'заделывать', 'дыра', 'место', 'общий', 'пользование', 'власть', 'запрос', 'наконец', 'выяснеть', 'взяться', 'змея']"
0,0,0,0,0,0,0,0,0,0,0,0,1,0,0,0,0,0,0,0,0,1,"['делать', 'постоянно', 'информационный', 'поражать', 'поток', 'сознание', 'ребенок', 'ежедневно', 'ежечасно']"
0,1,0,0,0,0,0,0,0,0,0,0,0,0,0,0,0,0,0,0,0,1,"['начало', 'орган', 'страна', 'десяток', 'письмо']"
1,0,0,0,1,1,1,0,1,1,0,0,0,0,0,0,1,0,0,0,1,1,"['избиратель', 'просто', 'агитация']"
0,0,0,1,0,0,0,0,0,0,0,0,0,0,1,0,0,0,0,0,0,1,"['задание', 'который', 'поглощать', 'время', 'практически', 'ничто', 'давать', 'взамен', 'буквально']"
0,0,0,0,0,0,0,0,0,0,0,0,0,0,0,0,0,0,0,0,0,1,"['терять', 'член', 'начать', 'суд', 'жалоба', 'аналогичный', 'нарушение', 'проправительственный', 'организация', 'налицо', 'сомневаться']"
0,0,1,1,0,0,0,0,0,0,0,0,0,0,1,0,0,0,0,0,0,1,"['заказывать', 'товар', 'конкретный', 'срок', 'меняться', 'погодный', 'условие', 'фермер', 'начинать', 'поставщик', 'электронный', 'письмо']"
0,1,0,0,0,0,0,0,0,0,0,0,0,0,0,0,0,0,0,0,0,1,"['писать', 'сгусток', 'солнечный', 'электрон', 'проноситься', 'земля', 'наступать', 'критический', 'часы', 'больной', 'здоровье', 'который', 'находиться', 'неустойчивый', 'состояние', 'знак-кавычки']"
0,1,0,0,0,0,0,0,0,0,0,0,0,0,0,0,0,0,0,0,0,1,"['читатель', 'энтузиазм', 'воспринять', 'призыв', 'упустить', 'шанс', 'почтовый', 'ящик', 'свежий', 'рекомендация', 'описание', 'опыт', 'работа', 'сервис']"
0,1,0,0,0,0,0,0,0,0,0,0,1,0,0,0,0,0,0,0,0,1,"['постоянно', 'экран', 'телевизор', 'киноэкран', 'видеоролик', 'реклама', 'общество', 'казаться', 'помешанный', 'секс']"
0,0,0,0,0,0,0,0,0,0,0,0,0,0,0,0,0,0,0,0,0,1,"['официальный', 'страница', 'интернет', 'именитый', 'спортсменка', 'обращаться', 'поклонник', 'настоятельный', 'просьба', 'вопрос', 'электронный', 'почта', 'факс', 'предстоящий', 'скорый', 'свадьба', 'знак-кавычки']"
0,0,0,0,0,0,0,0,0,0,0,0,0,0,0,0,0,0,1,0,0,1,"['десяток', 'год', 'музыка', 'предельный', 'скорость', 'тяжесть', 'точность']"
1,0,0,0,1,1,1,0,1,1,1,1,0,0,0,1,1,0,0,0,1,1,"['всюду', 'рейтинг', 'каждый', 'день', 'вопрос', 'исторический', 'деятель', 'наиболее', 'выдающийся', 'поведение', 'безобразный', 'сорт', 'халва', 'сладко']"
0,0,0,0,0,0,0,0,0,0,0,0,0,0,0,0,0,0,0,0,0,1,"['коллега', 'часто', 'вопрос', 'работа', 'новый', 'условие', 'знак-кавычки']"
0,1,1,0,0,0,0,0,0,0,0,0,0,0,0,0,0,0,0,0,0,1,"['ребята', 'студия', 'вопрос', 'известный', 'персона']"
0,0,0,0,0,0,0,0,0,0,0,0,1,1,0,0,0,0,0,0,0,1,"['человек', 'постоянно', 'противоречивый', 'информация', 'передавать', 'разный', 'орган', 'чувство', 'счастье', 'хороший', 'примиритель', 'арбитр', 'ум', 'который', 'синтезировать', 'интегрировать', 'сглаживать', 'конфликт', 'агент', 'докладывать', 'штаб', 'различный', 'аванпост', 'знак-кавычки', 'знак-кавычки', 'знак-кавычки']"
0,0,1,0,0,0,0,0,0,0,0,0,0,1,0,0,0,0,0,0,0,1,"['закон', 'принятый', 'госдума', 'направить', 'совет', 'федерация', 'мама', 'будущий', 'действующий', 'сговориться', 'форум', 'сталь', 'твиттер', 'блог', 'электронный', 'почта', 'президент', 'дмитрий', 'медведев', 'просьба', 'наложить', 'вето']"
0,0,0,0,0,0,0,0,0,0,0,0,0,0,0,0,0,0,0,0,0,1,"['автор', 'исследовать', 'основа', 'миф', 'дезинформация', 'пропаганда', 'который', 'ежедневно', 'инвестор', 'средство', 'массовый', 'информация']"
0,1,0,1,0,0,0,0,0,0,0,0,1,0,1,0,0,0,0,0,0,1,"['ход', 'пойти', 'ботнета', 'иметься', 'распоряжение', 'наиболее', 'активный', 'аноним', 'утилита', 'который', 'любой', 'желающий', 'запрос', 'произвольный', 'адрес', 'знак-кавычки']"
1,1,0,0,1,1,0,1,0,0,0,1,1,0,0,1,0,1,0,1,0,1,"['сверху', 'министерство', 'оборона', 'приказ', 'ставить', 'вид', 'сведение', 'военный', 'солдат', 'призвать', 'писецкая', 'округа', 'перебегать', 'неприятель']"
0,1,0,0,0,0,0,0,0,0,0,0,1,0,0,0,0,0,0,0,0,1,"['рисковать', 'переполниться', 'информация', 'который', 'каждый', 'момент', 'бодрствование']"
1,0,0,0,0,1,0,0,0,0,0,0,0,0,0,0,0,0,0,0,0,1,"['ницше', 'кинуться', 'атаковать', 'германский', 'рейх', 'заболеть', 'безумный', 'телеграмма', 'император', 'вильгельм', 'арестовать', 'антиссемит', 'расстрелять']"
0,0,0,0,0,0,0,0,0,0,0,0,0,0,0,0,0,0,0,0,0,1,"['штат', 'успешно', 'разрушать', 'блокировать', 'подход', 'переговорный', 'процесс', 'сми', 'мир', 'напряженный', 'преувеличенный', 'кампания', 'демонизация', 'саддам']"
0,0,0,0,0,0,0,0,0,0,0,0,0,0,0,0,0,0,0,0,0,1,"['например', 'вполне', 'достаточно', 'целенаправленный', 'спам']"
0,0,0,0,0,0,0,0,0,0,0,0,0,0,0,0,0,0,0,0,0,0,"['бомбардир', 'бранденбург']"
0,1,1,0,0,0,0,0,0,0,0,0,1,0,0,0,0,0,0,0,0,0,[]
1,1,0,0,1,0,0,0,0,0,0,1,1,0,0,1,0,1,0,1,0,0,"['миллиард', 'зародыш', 'семя', 'спор', 'вирус', 'атмосфера', 'миллион', 'год', 'подряд']"
1,0,1,0,1,1,1,1,1,1,0,1,0,1,0,1,1,1,0,1,1,0,"['флот', 'должный', 'море', 'судовой', 'десант', 'произвести', 'диверсия', 'восток']"
0,0,1,1,0,0,0,0,0,0,0,0,0,0,1,0,0,0,1,0,0,0,"['нервный', 'система', 'импульс', 'сердечный', 'мышца', 'человек', 'повышаться', 'сердцебиение', 'буквально']"
0,0,0,1,0,0,0,0,0,0,0,0,0,0,1,0,0,0,1,0,0,0,"['го', 'май', 'турецкий', 'флот', 'сухум', 'вечер', 'бомбардировка', 'начаться', 'пожар', 'уничтожить', 'половина', 'город']"
0,0,0,0,0,0,1,0,1,1,0,0,0,0,0,0,1,0,1,0,1,0,"['превращать', 'метеор', 'метеоритный', 'дождь', 'который', 'случайный', 'образ', 'область', 'маленький']"
1,1,0,0,1,1,1,1,1,1,1,1,1,0,0,1,1,1,0,1,1,0,"['машинный', 'зал', 'послышаться', 'рычание', 'непобедимый', 'задрожать', 'грег', 'противник', 'выпускать', 'один', 'луч', 'другой', 'знак-кавычки']"
0,0,0,0,0,0,0,0,0,0,0,0,0,0,0,0,0,0,0,0,0,0,"['быстрый', 'мощный', 'клетка', 'который', 'нападающий', 'антитело']"
0,0,0,0,0,0,0,0,0,0,0,0,0,1,0,0,0,0,0,0,0,0,"['линейный', 'корабль', 'долгий', 'время', 'мастер', 'рука', 'участвовать', 'эскадренный', 'сражение', 'береговой', 'укрепление', 'высаживать', 'десант', 'блокировать', 'вражеский', 'порт', 'наносить', 'урон', 'морской', 'торговля', 'противник']"
0,0,0,1,0,0,1,0,1,1,1,0,0,0,1,0,1,0,0,0,1,0,"['стена', 'занятой', 'бухарец', 'город', 'тюб', 'юго-запад', 'ходжент', 'таджикистан', 'пушка', 'манджаник', 'местный', 'летопись', 'мунтахиб', 'ута', 'тавариха', 'который', 'ссылаться', 'наливкин', 'краткий', 'история', 'кокандский', 'ханство', 'г', 'знак-кавычки', 'знак-кавычки']"
0,1,0,0,0,0,0,0,0,0,0,0,0,0,0,0,0,0,0,0,0,0,"['июль', 'год', 'английский', 'судно', 'соловецкий', 'монастырь', 'белый', 'море', 'безуспешно', 'требовать', 'сдача', 'август', 'порт', 'петропавловский', 'тихий', 'океан', 'прибыть', 'эскадра', 'союзник', 'обстрелять', 'город', 'произвести', 'высадка', 'который', 'вскоре', 'отбить']"
0,0,0,0,0,0,0,0,0,0,0,0,1,0,0,0,0,0,0,0,0,0,"['процесс', 'обработка', 'поверхность', 'происходить', 'следующий', 'образ', 'закрытый', 'вакуумный', 'камера', 'молекула', 'цирконий', 'металл', 'распределяться', 'воздействие', 'высокий', 'давление', 'температура', 'знак-кавычки']"
0,1,1,1,0,0,0,0,0,0,0,0,0,1,1,0,0,0,0,0,0,0,"['начать', 'умело', 'растягивать', 'оборона', 'локо', 'ворота', 'гильерме', 'знак-кавычки']"
0,1,0,0,0,0,0,0,0,0,0,0,0,0,0,0,0,0,0,0,0,0,"['внять', 'высказать', 'отношение', 'браун', 'везти', 'аналогичный', 'раздел', 'программа', 'будущий', 'год', 'получать', 'сполна', 'картина', 'неестественность', 'производить', 'впечатление', 'курьезный', 'самый', 'дело', 'неопытный', 'статист', 'проделывать', 'осада', 'порт-артур', 'передовой', 'японский', 'пост', 'знак-кавычки']"
1,1,0,0,1,1,0,1,0,0,0,1,1,0,0,1,0,1,0,1,0,0,"['израиль', 'южный', 'ливан']"
0,0,0,0,0,0,0,0,0,0,0,0,0,0,0,0,0,0,0,0,0,0,"['подача', 'энергия', 'восстановить', 'зона', 'надлежать', 'чередоваться', 'луч', 'рентгеновский', 'ультрафиолетовый', 'излучение', 'объект']"
0,0,1,0,0,0,1,0,0,0,0,0,0,0,0,0,1,0,0,0,1,0,"['сербия', 'турок', 'занимать', 'белградский', 'цитадель', 'город']"
0,0,0,0,0,0,0,0,0,0,0,0,0,1,0,0,0,0,0,0,0,0,"['вдохновиться', 'ленинский', 'идея', 'физика', 'приняться', 'ядро', 'атом', 'откалывать', 'новый', 'элементарный', 'частица', 'знак-кавычки', 'знак-кавычки']"
1,0,1,1,0,1,1,1,1,1,1,1,0,1,1,1,1,1,1,1,1,0,"['некоторый', 'жужелица', 'враг', 'едкий', 'жидкость', 'который', 'ласкать', 'обоняние']"
0,1,0,0,0,0,0,0,0,0,0,0,0,0,0,0,0,0,0,0,0,0,"['одновременно', 'союзный', 'авиация', 'оборонительный', 'позиция', 'противник', 'таракан', 'совершить', 'май', 'самолето', 'вылет', 'сбросить', 'тонна', 'бомба']"
1,0,0,0,1,1,1,1,0,1,0,1,0,0,0,1,1,1,0,1,1,0,"['теория', 'франк', 'ледяной', 'шар', 'земля', 'миллиард', 'год', 'назад', 'привести', 'создание', 'море', 'океан', 'процесс', 'продолжаться', 'день']"
0,1,0,0,0,0,1,0,0,0,0,0,1,0,0,0,1,0,0,0,1,0,"['неделя', 'взрывать', 'мина', 'подходить', 'апрош', 'стена', 'проломать', 'город', 'поджечь']"
0,1,0,1,0,0,0,0,0,0,0,0,0,0,1,0,0,0,0,0,0,0,"['гамельный', 'предложить', 'нефтяной', 'вышка', 'баку', 'нефтеочистительный', 'завод', 'баутмить', 'знак-кавычки']"
0,0,0,0,0,0,0,0,0,0,0,0,0,0,0,0,0,0,0,0,0,0,"['го', 'январь', 'круглый', 'стол', 'карабахский', 'час', 'заявить', 'лачинский', 'коридор', 'право', 'территория', 'знак-кавычки', 'знак-кавычки']"
0,0,0,1,0,0,0,0,0,0,0,0,0,0,0,0,0,0,0,0,0,0,"['время', 'войско', 'оцеплять', 'деревня', 'талворик', 'который', 'следующий', 'утро']"
1,1,1,1,1,1,1,1,1,1,1,1,1,0,1,1,1,1,1,1,1,0,"['немецкий', 'самолет', 'город', 'немец', 'артиллерийский', 'огнь', 'крепость', 'военный', 'северный', 'южный', 'городок', 'здание', 'обком', 'кп', 'исполком', 'облсовет', 'областной', 'контора', 'госбанк', 'обл', 'управление', 'больница']"
0,1,1,1,0,0,0,0,0,1,0,0,0,1,1,0,0,0,0,0,0,0,"['последний', 'пара', 'месяц', 'саудовский', 'аравия', 'исламский', 'друг', 'союзник', 'америка', 'йемен', 'доставить', 'сша', 'оружие']"
0,1,0,0,0,0,1,0,1,1,1,0,0,0,0,0,1,0,1,0,1,0,"['больший', 'часть', 'экипаж', 'осознать', 'простой', 'истина', 'чужой', 'начать', 'регулярно', 'планета', 'астероид']"
0,0,0,0,0,0,0,0,0,0,0,0,0,0,0,0,0,0,0,0,0,0,"['ингаунис', 'август', 'приказание', 'командир', 'назвать', 'летчик', 'сильный', 'ветер', 'порыв', 'доходить', 'метр', 'секунда', 'низкий', 'облако', 'направление', 'ветр', 'сторона', 'противник', 'подняться', 'полететь', 'высота', 'м', 'верхний', 'нижний', 'услон', 'доблестно', 'выполнить', 'возложить', 'задача']"
1,1,1,1,1,1,1,1,1,1,1,1,0,1,1,1,1,1,0,1,1,0,"['первый', 'половина', 'апрель', 'турок', 'неделя', 'константинопольский', 'стена']"
0,1,0,0,0,0,0,0,0,0,0,0,1,0,0,0,0,0,0,0,0,0,"['самолет', 'противник', 'гродно', 'брест']"
0,0,0,0,0,0,0,0,0,0,0,0,0,0,0,0,0,0,0,0,0,0,"['мир', 'перевернуться', 'нейтрино', 'земля', 'миллиард', 'год']"
0,1,0,1,0,0,0,0,0,0,0,0,1,1,1,0,0,0,0,0,0,0,"['оказаться', 'политический', 'изоляция', 'мах', 'чакрапат', 'долго', 'сопротивляться', 'артиллерия', 'байиннаун', 'начало', 'аютия']"
0,1,1,1,0,0,1,0,1,1,1,0,0,1,1,0,1,0,1,0,1,0,"['отдельный', 'самолет', 'видеть', 'эсминец', 'стоянка', 'торпедный', 'катер', 'другой', 'плавсредства', 'лесной', 'угольный', 'гавань']"
0,1,0,0,0,0,0,0,0,0,0,0,1,0,0,0,0,0,0,0,0,0,"['заметить', 'россия', 'страшный', 'советский', 'союз', 'вести', 'абсолютно', 'сша', 'раздумывать', 'бить', 'башка', 'подводить', 'флот', 'обещать', 'хотеть']"
0,1,0,0,0,0,0,0,0,0,0,0,1,0,0,0,0,0,0,0,0,0,"['крис', 'басби', 'ольстерский', 'университет', 'пророчить', 'млн', 'смерть', 'фукусима', 'кипеть', 'япония', 'радионуклид', 'знак-кавычки']"
0,0,0,0,0,0,0,0,0,0,0,0,0,0,0,0,0,0,0,0,0,0,"['вдалеке', 'виднеться', 'огроменный', 'танк', 'явно', 'собраться', 'находник']"
0,0,0,0,0,0,0,0,0,0,0,0,1,0,0,0,0,0,0,0,0,0,"['ядро', 'нейтрон']"
1,1,0,0,1,1,0,1,0,0,0,0,0,0,0,0,0,0,0,0,0,0,"['долго', 'остаток', 'комета', 'юпитер', 'планета', 'живой', 'существо', 'реагировать', 'каждый', 'удар', 'мощный', 'энергетический', 'завихрение', 'место', 'предполагать', 'падение', 'осколок']"
0,1,0,0,0,0,0,0,0,0,0,0,0,0,0,0,0,0,0,0,0,0,"['россиянка', 'один', 'другой', 'футбольный', 'снаряд', 'штрафной', 'гость', 'пермь', 'намерен', 'сдаваться', 'знак-кавычки']"
0,1,0,0,0,0,0,0,0,0,0,0,0,0,0,0,0,0,0,0,0,0,"['случай', 'ион', 'поверхность', 'металл', 'угол', 'большинство', 'меньший', 'терять', 'набрать', 'катодный', 'слой', 'энергия', 'столкновение', 'стекло', 'очевидно', 'должно', 'уменьшать']"
0,0,0,0,0,0,0,0,0,0,0,0,0,0,0,0,0,0,0,0,0,0,"['пятый', 'день', 'война', 'английский', 'французский', 'авиация', 'порт-саид', 'высадить', 'парашютный', 'десант']"
0,1,0,0,0,0,0,0,0,0,0,0,1,0,0,0,0,0,0,0,0,0,"['военный', 'телеграмма', 'оповестить', 'турция', 'присоединиться', 'воевать', 'держава', 'гебен', 'новороссийск', 'феодосия', 'побеждать', 'турку', 'разыгрываться', 'аппетит', 'захотеться', 'пообедать', 'константинополь', 'знак-кавычки', 'знак-кавычки']"
0,0,0,0,0,0,0,0,0,0,0,0,0,0,0,0,0,0,0,0,0,0,"['получить', 'газообразный', 'вещество', 'зарядить', 'частица', 'позволять', 'определить', 'количество', 'радиоактивный', 'изотоп', 'углерод']"
0,0,0,0,0,0,0,0,0,0,0,0,0,0,0,0,0,0,0,0,0,0,"['год', 'появиться', 'очередной', 'страшилка', 'нашуметь', 'фильм', 'катастрофа', 'который', 'источник', 'циклический', 'катаклизм', 'назвать', 'солнце', 'определенный', 'временный', 'момент', 'солнечный', 'система', 'плотный', 'нейтрино', 'разогревать', 'земной', 'ядро', 'знак-кавычки', 'знак-кавычки']"
0,0,0,1,0,0,0,0,0,0,0,0,0,0,1,0,0,0,0,0,0,0,"['июнь', 'виндишгрец', 'начало', 'прага', 'город', 'капитулировать']"
0,1,0,0,0,0,0,0,0,0,0,0,1,0,0,0,0,0,0,0,0,0,"['космический', 'частица', 'постоянно', 'околоземный', 'пространство', 'несомненно', 'оказывать', 'влияние', 'процесс', 'происходить', 'среда', 'техника', 'создать', 'человек', 'другой', 'живой', 'организм', 'биологический', 'структура']"
0,0,1,1,0,0,0,0,0,0,0,0,0,0,0,0,0,0,1,0,0,0,"['англо-французский', 'флот', 'одесса']"
0,0,1,0,0,0,0,0,0,0,0,0,1,0,0,0,0,0,0,0,0,0,"['день', 'сплошь', 'измор', 'брать', 'статься', 'подвешивать', 'нога', 'голова', 'вниз', 'стать']"
0,1,0,0,0,0,0,0,0,0,0,0,0,1,0,0,0,0,0,0,0,0,"['нато', 'приезжать', 'трусы', 'пройти', 'вперед', 'знак-кавычки']"
0,0,0,0,0,0,0,0,0,0,0,0,0,0,0,0,0,0,0,0,0,0,"['нижний', 'продолжать', 'кольцо', 'первый', 'возможность', 'усилие', 'напрасный', 'знак-кавычки']"
0,1,0,0,0,0,0,0,0,0,0,0,0,0,0,0,0,0,0,0,0,0,"['коммодор', 'чарльз', 'эллиот', 'отряд', 'винтовой', 'судно', 'вернуться', 'сибирь', 'упор', 'каменный', 'глинобитный', 'форт', 'китайский', 'крепость', 'построить', 'крутой', 'обрыв', 'высокий', 'сопка', 'левый', 'берег', 'кантон']"
0,1,0,0,1,0,0,0,0,0,0,1,1,0,0,1,0,1,0,1,0,0,"['группа', 'исследователь', 'обнаружить', 'существование', 'высокоактивный', 'электрон', 'земля', 'космос', 'буквально']"
0,0,0,0,0,0,0,0,0,0,0,0,0,0,0,0,0,0,0,0,0,0,"['исследователь', 'работать', 'линейный', 'ускоритель', 'электрон', 'нейтронный', 'источник', 'который', 'нейтрон', 'различный', 'мишень']"
0,0,0,0,0,0,0,0,0,0,0,0,0,0,0,0,0,0,0,0,0,0,"['день', 'культивирование', 'получить', 'зрелый', 'семя', 'эксплант', 'состояние', 'дать', 'начало', 'новый', 'проросток', 'днк']"
0,0,0,0,0,0,0,0,0,0,0,0,0,0,0,0,0,0,0,0,0,0,"['англичанин', 'копенгаген', 'год']"
0,1,0,0,0,0,0,0,0,0,0,0,0,0,0,0,0,0,0,0,0,0,"['атмосфера', 'разрядить', 'метеорит', 'огромный', 'количество', 'сгорать', 'верхний', 'слой', 'воздух', 'сталь', 'поверхность', 'земля', 'лететь', 'скорость', 'миля', 'секунда', 'падение', 'загореться', 'гореть']"
0,1,0,0,0,0,0,0,0,0,0,0,0,0,0,0,0,0,0,0,0,0,"['азаренко', 'противоположный', 'половина', 'корт', 'мощный', 'удар', 'задний', 'линия', 'кириленко', 'практически', 'идеально', 'выглядеть', 'подыгрыш']"
0,0,0,0,0,0,0,0,0,0,0,0,0,1,0,0,0,0,0,0,0,0,"['начало', 'поселок', 'правда', 'причинить', 'вред', 'осмеливаться', 'войти', 'зона', 'досягаемость', 'пушка', 'форт']"
0,0,0,0,0,0,1,0,1,1,1,0,0,0,0,0,1,0,1,0,1,0,"['день', 'говорить', 'наркевич', 'известно', 'вечерний', 'выпуск', 'местный', 'газета', 'сообщаться', 'австрийский', 'артиллерия', 'белград']"
0,1,0,0,0,0,0,0,0,0,0,0,1,0,0,0,0,0,0,0,0,0,"['франций', 'получать', 'золото', 'который', 'современный', 'ускоритель', 'ион', 'кислород', 'неон']"
0,0,0,0,0,0,0,0,0,0,0,0,0,0,0,0,0,0,0,0,0,0,"['астроном', 'установить', 'небесный', 'тело', 'поверхность', 'луна', 'этап']"
0,1,0,0,0,0,0,0,0,0,0,0,0,1,0,0,0,0,0,0,0,0,"['английский', 'газета', 'поднимать', 'крик', 'франция', 'пролив', 'сузиться']"
0,1,0,0,0,0,0,0,0,0,0,0,1,0,0,0,0,0,0,0,0,0,"['колесный', 'диск', 'работать', 'особенно', 'агрессивный', 'условие', 'воздействовать', 'влага', 'химический', 'реактив', 'антигололедный', 'смесь', 'большой', 'скорость', 'частица', 'песок', 'пыль', 'случаться', 'сильный', 'удар']"
0,1,0,0,0,0,0,0,0,0,0,0,1,0,0,0,0,0,0,0,0,0,"['гипотеза', 'продержаться', 'опыт', 'резерфорд', 'научиться', 'атом', 'поток', 'альфа-частица', 'фиксировать', 'результат', 'бомбардировка']"
0,0,0,1,0,0,1,0,1,1,1,0,0,0,0,0,1,0,0,0,1,0,"['апрель', 'год', 'прилететь', 'центральный', 'америка', 'самолет', 'расположенный', 'бывший', 'провинция', 'гавана', 'аэропорт', 'сиудад', 'либертад', 'сан', 'антонио', 'лос', 'баньос', 'сантьяго-де-куба', 'оставлять', 'кровавый', 'след', 'смерть', 'разрушение']"
0,1,0,0,0,0,0,0,0,0,0,0,0,0,0,0,0,0,0,0,0,0,"['один', 'сторона', 'отлично', 'кольцо', 'оппонент', 'попович', 'набрать', 'очки', 'понадобиться', 'минута']"
0,1,0,0,0,0,0,0,0,0,0,0,1,0,0,0,0,0,0,0,0,0,"['рассвет', 'пикировщик', 'противник', 'монитор', 'винница', 'подорвать', 'оставить', 'мель', 'знак-кавычки']"
0,0,0,0,0,0,0,0,0,0,0,0,0,0,0,0,0,0,0,0,0,0,"['отрезать', 'путь', 'отступление', 'приказать', 'обращать', 'внимание', 'прежний', 'условие', 'дредноут', 'сбрасывать', 'бомба', 'один', 'другой', 'перерыв']"
0,1,0,0,0,0,0,0,0,0,0,0,0,0,0,0,0,0,0,0,0,0,"['одиннадцатый', 'раунд', 'кириллов', 'бить', 'выбор', 'туловище', 'наварро', 'гонг', 'окончание', 'остановиться', 'победный', 'поза', 'центр', 'ринг', 'обескуражить', 'оппонент', 'идти', 'угол']"
0,0,0,0,0,0,0,0,0,0,0,0,1,0,0,0,0,0,0,0,0,0,"['удачно', 'разместить', 'пушка', 'мортира', 'ночь', 'апрель', 'крепость', 'прикрытие', 'неуязвимый', 'произвести', 'опустошительный', 'разорение']"
0,1,0,1,0,0,0,0,0,0,0,0,1,0,1,0,0,0,0,0,0,0,"['советский', 'летчик', 'штурмовать', 'скопление', 'войско', 'автомашина', 'повозка', 'железнодорожный', 'состав', 'противник', 'переправа', 'район', 'аккерман', 'бугазский', 'маяк']"
0,0,0,0,0,0,0,0,0,0,0,0,0,0,0,0,0,0,0,0,0,0,"['известно', 'эффект', 'наиболее', 'ярко', 'проявляться', 'низкий', 'скорость', 'частица']"
0,0,0,0,0,0,0,0,0,0,0,0,0,0,0,0,0,0,0,0,0,0,"['вертолет', 'машина', 'воздух', 'задача', 'долго', 'продержаться']"
1,1,0,0,1,1,1,1,1,1,1,1,1,0,0,1,1,1,0,1,1,0,"['повреждение', 'например', 'перебой', 'подача', 'ток', 'магнитный', 'поле', 'исчезнуть', 'поток', 'частица', 'начало', 'поглощать', 'экран', 'сильный', 'проникать', 'вглубь', 'корабль']"
0,0,0,0,0,0,1,0,1,0,0,1,0,0,0,1,1,0,0,0,0,0,"['примерно', 'самый', 'время', 'лондон', 'немецкий', 'люфтваффе', 'ночь', 'город', 'английский', 'военный', 'летчик', 'гордон', 'камминс', 'увидеть', 'шанс', 'удовлетворить', 'давно', 'тлеть', 'душа', 'страсть', 'садизм', 'знак-кавычки']"
1,0,0,0,1,1,0,1,0,0,0,1,0,1,0,1,0,1,0,1,0,0,"['исходный', 'информация', 'показание', 'масс-спектрометр', 'который', 'образец', 'соединение', 'поток', 'электрон']"
1,1,0,0,1,1,0,1,0,0,0,1,1,0,0,1,0,1,0,1,0,0,"['первый', 'день', 'война', 'немец', 'город', 'море', 'начаться', 'срочный', 'эвакуация']"
1,1,0,0,1,1,1,1,1,1,1,1,0,1,1,1,1,1,0,1,1,0,"['обнаружить', 'крупный', 'корабль', 'принять', 'крейсер', 'мятежник']"
1,1,1,1,1,1,1,1,1,1,1,1,1,1,1,1,1,1,1,1,1,0,"['пятно', 'порождать', 'поток', 'электрон', 'внешний', 'солнечный', 'атмосфера', 'шум', 'радио', 'диапазон']"
1,1,1,1,1,1,1,1,1,1,1,1,1,1,1,1,1,1,0,1,1,0,"['период', 'предшествовать', 'высадка', 'десант', 'бомбардировочный', 'командование', 'наносить', 'удар', 'аэродром', 'тайвань', 'авиация', 'го', 'вести', 'разведка', 'окинава', 'минировать', 'подход', 'японский', 'база', 'собственно', 'япония']"
0,1,1,1,0,0,0,0,0,0,0,0,1,0,0,0,0,0,0,0,0,0,"['казаться', 'миссия', 'предстоять', 'самый', 'разнообразный', 'командование', 'посылать', 'крэншоу', 'вместе', 'товарищ', 'защищать', 'важный', 'объект', 'патрулировать', 'местность', 'вражеский', 'позиция', 'устранять', 'сила', 'пво', 'радар']"
1,1,0,1,1,1,1,1,1,1,1,1,0,1,1,1,1,1,0,1,1,0,"['день', 'штурмовой', 'разведка', 'сопровождение', 'целое', 'перебазирование', 'авиакорпус', 'штаб', 'стремительный', 'течение', 'подвижный', 'выполнение', 'небольшой', 'сложный', 'мера', 'оказать', 'бомбардировщик', 'занять']"
1,1,1,1,1,1,1,1,1,1,1,1,1,1,0,1,1,1,0,1,1,0,"['исследовать', 'метод', 'сходиться', 'волна', 'использовать', 'световой', 'лингвистический', 'сигнал', 'совсем', 'удаленный', 'звезда', 'ядро', 'который', 'частица', 'циклотрон']"
1,1,1,1,1,1,1,1,1,1,1,1,1,1,1,1,1,1,1,1,1,0,"['один', 'жонглер', 'стоять', 'главный', 'вход', 'манеж', 'противоположный', 'сторона', 'другой', 'весело', 'беспрерывный', 'поток', 'тарелка', 'лететь', 'цирк']"
1,1,1,1,1,1,1,1,1,1,1,1,0,1,1,1,1,1,1,1,1,0,"['прийти', 'известие', 'австриец', 'белград']"
1,1,1,1,1,1,1,1,1,1,1,1,1,1,0,1,1,1,1,1,1,0,"['мирный', 'житель', 'белград']"
0,0,1,1,0,0,1,0,1,1,1,0,1,1,1,0,1,0,1,0,1,0,"['исходить', 'процесс', 'наиболее', 'сильный', 'конец', 'период', 'формирование', 'планета', 'гигант', 'называть', 'максимальный', 'метеоритный', 'бомбардировка', 'тысяча', 'десяток', 'комета', 'забрасываться', 'внутренний', 'область', 'земля', 'венера', 'марс']"
1,1,0,1,1,1,1,1,1,1,1,1,1,1,1,1,1,1,1,1,1,0,"['электрод', 'иметь', 'деталь', 'отклоняться', 'ось', 'результат', 'столб', 'разряд', 'стеклянный', 'стенка']"
1,1,1,1,1,1,1,1,1,1,1,1,1,1,0,1,1,1,1,1,1,0,"['рассчитывать', 'никто', 'вздумать', 'ничтожный', 'деревушка', 'мшаток', 'маленький', 'дом', 'случай', 'высадка', 'неприятель', 'возможность', 'уйти', 'сторона', 'гора']"
1,1,1,1,1,1,1,1,1,1,1,1,1,1,1,1,1,1,1,1,1,0,"['второй', 'тайм', 'рассчитывать', 'обоюдоострый', 'игра', 'приходиться', 'хозяин', 'счет', 'вполне', 'устраивать', 'стоить', 'ожидать', 'удержание', 'староосколец', 'желать', 'останавливаться', 'достигнуть', 'продолжать', 'владение', 'русич', 'знак-кавычки']"
1,1,1,1,1,1,1,1,1,1,1,1,1,1,1,1,1,1,1,1,1,0,"['управление', 'пространственный', 'распределение', 'частица', 'разряд', 'важный', 'напыление', 'пленка', 'однородный', 'структура']"
1,0,0,0,1,1,1,1,1,1,1,1,0,1,0,1,1,1,1,1,1,0,"['провести', 'последний', 'время', 'исследование', 'показать', 'возможность', 'изменение', 'средний', 'энергия', 'ион', 'вынести', 'предел', 'разряд', 'поверхность', 'интервал', 'эва', 'малый', 'параметр']"
1,1,1,1,1,1,1,1,1,1,1,1,1,1,1,1,1,1,1,1,1,0,"['образец', 'ядерный', 'частица', 'термический', 'нейтрон', 'течение', 'часы']"
1,0,0,1,1,1,1,1,1,1,1,1,1,1,1,1,1,1,1,1,1,0,"['снаряд', 'жеваный', 'бумага', 'забавляться', 'тайлер', 'друг']"
1,1,1,0,1,1,1,1,1,1,1,0,0,0,0,0,1,0,0,0,1,0,"['утро', 'г.', 'противник', 'вести', 'артиллерийский', 'подготовка', 'остров', 'проверенный', 'дать', 'второй', 'половина', 'день', 'овладеть', 'гора']"
1,1,1,1,1,1,1,1,1,1,1,1,0,1,1,1,1,1,1,1,1,0,"['камень', 'форма', 'калибр', 'срываться', 'северный', 'гребень', 'пролететь', 'сотня', 'метр', 'ледовый', 'склон']"
1,1,0,0,1,1,1,1,1,1,1,1,1,0,0,1,1,1,1,1,1,0,"['дождь', 'невидимый', 'снарядики', 'водород', 'расчет', 'часть', 'нейтрон', 'столкнуться', 'слиться', 'протон', 'образовать', 'желанный', 'дейтерий']"
1,1,1,0,1,1,1,1,1,1,1,1,1,1,0,1,1,1,1,1,1,0,"['брюс', 'перейти', 'вокс', 'осадить', 'город', 'послать', 'комендант', 'предложение', 'сдача', 'начало']"
1,1,1,1,1,1,1,1,1,1,1,1,1,1,1,1,1,1,1,1,1,0,"['уничтожить', 'образоваться', 'опасный', 'конденсат', 'страпелька', 'магнитный', 'дыра', 'частица', 'энергия', 'порядок']"
0,0,0,1,0,0,0,0,0,0,0,1,0,0,1,1,0,1,0,1,0,0,"['немедленный', 'требование', 'деветь', 'сдать', 'кавита', 'исполнить', 'манила', 'угроза', 'город']"
1,1,0,1,1,1,1,1,1,1,1,1,1,1,1,1,1,1,1,1,1,0,"['сегодня', 'итальянский', 'самолет', 'вторично', 'джиджига']"
1,1,1,1,1,1,1,1,1,1,1,1,1,1,1,1,1,1,1,1,1,0,"['остаться', 'перерыв', 'время', 'подопечный', 'ржиг', 'продолжить', 'зона', 'гость', 'огорчить']"
0,0,1,1,0,0,0,0,1,1,1,0,0,1,1,0,1,0,1,0,1,0,"['форт', 'чистый', 'безумие', 'подобный', 'попытка', 'увенчаться', 'успех', 'легко', 'повлечь', 'гибель', 'флот', 'окончательный', 'крах', 'экспедиция', 'береговой', 'брат']"
1,1,0,0,1,1,1,1,1,1,1,1,1,0,1,1,1,1,1,1,1,0,"['военный', 'необходимость', 'требовать', 'немедленный', 'действие', 'допускать', 'предоставление', 'срок', 'считаться', 'воспрещение', 'незащищенный', 'город', 'продолжать', 'действовать', 'случай', 'указанный', 'первый', 'часть', 'настоящий', 'статья', 'начальник', 'обязанный', 'принять', 'необходимый', 'мера', 'испытать', 'бомбардировка', 'возможный', 'потеря']"
1,1,1,1,1,1,1,1,1,1,1,1,1,1,1,1,1,1,1,1,1,0,"['метеорит', 'диаметр', 'ти', 'метр', 'земля', 'практически', 'ежегодно', 'действие', 'плотный', 'слой', 'атмосфера', 'сгорать', 'столкновение', 'поверхность']"
0,0,1,1,0,0,1,0,1,1,1,1,0,1,1,1,1,1,1,1,1,0,"['июнь', 'германский', 'самолет', 'вылететь', 'финский', 'территория', 'пытаться', 'район', 'кронштадт']"
1,1,1,1,1,1,1,1,1,1,1,1,1,0,1,1,1,1,1,1,1,0,"['июнь', 'немецкий', 'самолет', 'пытаться', 'район', 'кандалакша', 'кулоярви', 'перейти', 'граница', 'некоторый', 'часть', 'германский', 'войско']"
1,1,1,0,1,1,1,1,1,1,1,1,1,1,1,1,1,1,1,1,1,0,"['приштина', 'трястись', 'дымиться', 'сербский', 'кладбище']"
1,0,1,1,1,1,1,1,1,1,1,1,1,1,1,1,1,1,1,1,1,0,"['авиация', 'противник', 'осмелиться', 'сделать', 'попытка', 'город', 'киев', 'севастополь', 'житомир']"
0,1,1,1,0,0,1,0,1,1,1,1,1,1,1,1,1,1,1,1,1,0,"['подключить', 'группа', 'ученый', 'во', 'главе', 'вестнит', 'начало', 'помещать', 'живой', 'насекомое', 'синхротрон', 'высокий', 'доза', 'радиация', 'получить', 'захватывающий', 'качество', 'изображение', 'работа', 'внутренний', 'орган']"
1,1,1,1,1,1,1,1,1,1,1,1,1,1,1,1,1,1,1,1,1,0,"['подойти', 'батум', 'заметить', 'судно', 'находиться', 'сзади', 'город']"
0,1,1,1,0,0,1,0,1,1,1,0,1,1,1,0,1,0,1,0,1,0,"['день', 'июнь', 'пройти', 'спокойно', 'ночь', 'го', 'революционер', 'вокзал']"
1,0,1,0,1,1,1,1,1,1,1,1,0,1,0,1,1,1,1,1,1,0,"['вызывать', 'поток', 'элементарный', 'частица', 'протон', 'электрон', 'газовый', 'оболочка', 'планета']"
1,0,1,1,1,1,1,1,1,1,1,1,0,1,1,1,1,1,1,1,1,0,"['определенный', 'интерес', 'представлять', 'импульсный', 'полупроводниковый', 'лазер', 'накачка', 'электронный', 'луч', 'плэн', 'который', 'мишень', 'материал']"
1,1,1,1,1,1,1,1,1,1,1,1,1,1,1,1,1,1,1,1,1,0,"['верх', 'лоджия', 'придтись', 'накрывать', 'большой', 'металлический', 'козырек', 'который', 'капля', 'дождь', 'град']"
1,1,1,1,1,1,1,1,1,1,1,1,1,1,1,1,1,1,1,1,1,0,"['действительный', 'россия', 'бить', 'донской', 'казак', 'сотня', 'тысяча', 'винтовка', 'сечь', 'пулемет', 'орудие']"
1,1,1,1,1,1,1,1,1,1,1,1,1,1,1,1,1,1,1,1,1,0,"['целый', 'неделя', 'русский', 'сурхаев', 'башня']"
1,0,1,1,1,1,1,1,1,1,1,1,0,1,1,1,1,1,1,1,1,0,"['космический', 'луч', 'плотный', 'звезда', 'белый', 'карлик', 'нейтронный', 'небесный', 'тело', 'выдерживать', 'любой', 'столкновение', 'черный', 'дыра', 'уничтожить', 'объект', 'намного', 'быстро', 'земля', 'отмечать', 'эллис']"
1,1,1,1,1,1,1,1,1,1,1,1,1,1,1,1,1,1,1,1,1,0,"['получить', 'каон', 'экспериментатор', 'бериллиевый', 'мишень', 'протон', 'разогнать', 'высокий', 'энергия', 'брукхейвенский', 'синхротрон', 'сильный', 'фокусировка', 'ускоритель', 'способный', 'разгонять', 'частица', 'млрд', 'электрон-вольт']"
1,0,1,0,1,1,0,1,0,0,0,1,1,0,0,1,0,1,1,1,0,0,"['город', 'совершать', 'террористический', 'акт', 'заниматься', 'похищение', 'человек', 'убивать']"
1,1,1,1,1,1,1,1,1,1,1,1,1,1,1,1,1,1,1,1,1,0,"['кристаллизация', 'позволять', 'элементарный', 'частица', 'рентгеновский', 'излучение', 'образец', 'преломлять', 'свет', 'разный', 'направление', 'формировать', 'трехмерный', 'контур', 'облегчать', 'исследование', 'знак-кавычки']"
1,0,1,1,1,1,1,1,1,1,1,1,1,1,1,1,1,1,1,1,1,0,"['прекратить', 'атака', 'приказать', 'цель', 'последующий', 'день', 'решиться', 'следующий', 'штурм']"
1,1,1,1,1,1,1,1,1,1,1,1,1,1,1,1,1,1,1,1,1,0,"['думать', 'нагрев', 'происходить', 'увеличение', 'среднеквадратичный', 'скорость', 'молекула', 'который', 'сосуд']"
1,1,1,1,1,1,1,1,1,1,1,1,1,1,1,1,1,1,1,1,1,0,"['зарядить', 'частица', 'магнитосфера', 'газовый', 'гигант', 'лед', 'спутник', 'последний', 'разделяться']"
1,0,1,1,1,1,1,1,1,1,1,1,0,1,1,1,1,1,1,1,1,0,"['насколько', 'понимать', 'храбро', 'сражаться', 'командир', 'осетинский', 'омон', 'пухаев', 'тяжело', 'ранить', 'грузинский', 'офицер', 'который', 'расспрашивать', 'говорить', 'практически', 'встречать', 'сопротивление', 'ополчение', 'видеть', 'несколько', 'современный', 'российский', 'бтр', 'должный', 'проканать', 'примерно', 'причина', 'скажем', 'верхний', 'кодори', 'самолет', 'бомбардировка', 'абхазский', 'вооруженный', 'сила']"
1,0,1,1,1,1,1,1,1,1,1,1,1,1,1,1,1,1,1,1,1,0,"['общий', 'теория', 'процесс', 'расщепление', 'составной', 'система', 'действие', 'быстрый', 'частица']"
1,1,0,1,1,1,1,1,1,1,1,1,1,1,1,1,1,1,1,1,1,0,"['радиоактивный', 'включение', 'часто', 'иметься', 'песчинка', 'окружать', 'атом', 'излучение']"
1,1,1,1,1,1,1,1,1,1,1,1,1,1,1,1,1,1,1,1,1,0,"['представить', 'огромный', 'облако', 'плазма', 'который', 'выбрасываться', 'солнце', 'магнитный', 'поле', 'земля', 'заставлять', 'звенеть', 'колокол', 'знак-кавычки', 'подобно']"
1,1,0,0,1,1,0,1,0,0,0,1,1,1,0,1,0,1,1,1,0,0,"['куражиться', 'немецкий', 'летчик', 'учебный', 'транспорт', 'красный', 'крест', 'индивидуальный', 'сказать', 'бомболюк', 'знак-кавычки', 'знак-кавычки']"
1,1,1,1,1,1,1,1,1,1,1,1,1,1,1,1,1,1,1,1,1,0,"['получить', 'ночь', 'генерал', 'порутчик', 'граф', 'румянцев', 'другой', 'рапорт', 'день', 'трептау', 'дважды', 'требование', 'майор', 'кноблоха', 'сделать', 'плен', 'отдаться', 'оный', 'отказываться', 'требовать', 'выпустить', 'безопасно', 'армия', 'препроводить']"
1,1,1,1,1,1,1,1,1,1,1,1,1,1,1,1,1,1,1,1,1,0,"['самый', 'прибытие', 'трептау', 'требовать', 'капитан', 'бок', 'генерал', 'майор', 'кноблоха', 'сдача', 'город', 'военный', 'пленный', 'получ', 'ответ', 'намерение', 'противиться', 'последний', 'человек', 'приказать', 'продолжаться', 'ночь']"
1,1,1,0,1,1,1,1,1,1,1,1,1,0,0,1,1,1,1,1,1,0,"['война', 'независимость', 'британский', 'флот', 'дважды', 'город']"
0,1,1,1,0,0,0,0,0,0,0,0,1,1,1,0,0,0,1,0,0,0,"['дебют', 'второй', 'десятиминутка', 'очко', 'один', 'атака', 'набрать', 'крис', 'куинн', 'игрок', 'астана', 'опрометчивый', 'поспешно', 'кольцо', 'хозяин', 'ошибаться', 'терять', 'мяч', 'знак-кавычки']"
1,0,0,1,1,1,1,1,1,1,1,1,1,0,1,1,1,1,1,1,1,0,"['час', 'утро', 'русский', 'бомбардировщик', 'появиться', 'район', 'попытаться', 'линкор', 'укрепление', 'алскарь', 'канонерка', 'особый', 'успех']"
1,0,1,1,1,1,1,1,1,1,1,1,0,1,1,1,1,1,1,1,1,0,"['германский', 'военно-воздушный', 'сила', 'ханко', 'вечер', 'июнь', 'налет', 'участвовать', 'самолет', 'второй', 'половина', 'день', 'финн', 'наблюдать', 'происходить']"
1,1,0,0,1,1,1,1,1,1,1,1,1,0,0,1,1,1,1,1,1,0,"['всякий', 'случай', 'июнь', 'г.', 'вступление', 'финляндия', 'война', 'аэродром', 'хельсинки', 'небо', 'подняться', 'юнкерс', 'направиться', 'кронштадт', 'безуспешно', 'пытаться', 'крейсер', 'киров', 'знак-кавычки']"
1,0,1,0,1,1,1,1,1,1,1,1,1,1,0,1,1,1,1,1,1,0,"['день', 'вступление', 'финляндия', 'война', 'июнь', 'произвести', 'налет', 'мурманский', 'железный', 'дорога', 'кандалакша', 'поздно', 'вечер', 'аэродром', 'нива']"
1,0,1,0,1,1,0,1,0,1,1,1,1,1,0,1,0,1,1,1,1,0,"['один', 'год', 'тьер', 'президент', 'французский', 'республика', 'париж', 'усмирение', 'коммуна']"
1,0,1,1,1,1,1,1,1,1,1,1,1,1,1,1,1,1,1,1,1,0,"['английский', 'газета', 'поднимать', 'крик', 'франция', 'пролив', 'сузиться']"
1,1,1,1,1,1,1,1,1,1,1,1,1,1,1,1,1,1,1,1,1,0,"['расширить', 'берег', 'дувр', 'франция']"
1,0,1,0,1,1,0,1,0,0,0,1,1,1,0,1,0,1,0,1,0,0,"['гарримановсдий', 'пароход', 'удачно', 'датский', 'судно', 'потопить', 'потроха', 'капитан', 'нильс']"
1,1,1,0,1,1,1,1,1,1,1,1,1,1,1,1,1,1,1,1,1,0,"['устье', 'темза', 'лондон']"
0,0,1,1,0,0,1,0,1,1,0,0,1,1,1,0,0,1,1,1,0,1,"['получаться', 'комбинат', 'вгонять', 'долг', 'муниципальный', 'предприятие', 'рабочий', 'знак-кавычки']"
1,1,1,1,1,1,1,1,1,1,1,1,1,1,1,1,1,1,1,1,1,1,"['жертвенный', 'баран', 'который', 'стричь', 'резать', 'праздник', 'провокация']"
1,0,0,0,1,1,1,1,1,1,1,1,0,0,0,1,1,1,1,1,1,1,"['вобщий', 'чувствовать', 'крутой', 'взрослый', 'самый', 'дело', 'собираться', 'денюжка']"
0,0,1,1,0,0,0,0,0,0,0,1,1,1,1,0,0,1,1,1,0,1,"['завить', 'коэн', 'видеть', 'задача', 'покупатель', 'обогащать', 'владелец', 'компания', 'получать', 'богатый', 'бонус', 'достижение', 'работа']"
1,1,1,1,1,1,1,1,1,1,1,1,1,1,1,1,1,1,1,1,1,1,"['скрывать', 'способствовать', 'лохотронство', 'покупатель', 'хотеть', 'верить', 'надувать', 'масштаб', 'знать', 'наплевать', 'повестись', 'значит', 'дурак', 'разобраться', 'подвести', 'лесть', 'бдительный', 'дело', 'показать', 'суть', 'прелесть', 'представлять']"
1,0,0,0,1,1,1,1,1,1,1,1,1,0,0,1,1,1,1,1,1,1,"['либерал', 'монополист', 'предприниматель']"
1,0,1,1,1,1,1,1,1,1,1,1,1,1,1,1,1,1,1,1,1,1,"['выходить', 'называть', 'излучение', 'потреблять', 'кс', 'крутить', 'другой', 'дело', 'приятно', 'наверное', 'полезно', 'человек', 'испытывать', 'положительный', 'эмоция', 'самый', 'подпитывать', 'знак-кавычки']"
1,1,1,0,1,1,0,1,0,0,0,0,1,1,0,0,0,0,0,0,0,1,"['муравей', 'подходить', 'щекотать', 'тля', 'усик', 'знак-кавычки']"
0,1,1,1,0,1,0,1,0,0,1,1,1,1,1,1,0,1,1,1,0,1,"['преимущественно', 'тля', 'жить', 'бобовый', 'растение', 'знак-кавычки']"
0,1,1,1,0,0,0,1,0,0,0,0,1,1,1,0,0,0,1,0,0,1,"['тля', 'один', 'муравей', 'приблизительно', 'процент', 'рабочий', 'персонал', 'муравейник', 'знак-кавычки', 'знак-кавычки']"
1,0,1,1,1,1,1,1,1,1,1,1,0,1,1,1,1,1,1,1,1,1,"['хватить', 'разводить']"
1,1,1,0,1,1,0,1,0,0,0,1,1,1,1,1,0,1,0,1,0,1,"['фактически', 'повторять', 'ситуация', 'который', 'стать', 'национальный', 'идея', 'новый', 'украина', 'год', 'россия', 'возможный', 'пункт', 'политический', 'план', 'говорить', 'дело', 'знак-кавычки']"
1,0,1,0,1,1,1,1,1,1,1,1,0,1,0,1,1,1,1,1,1,1,"['значительно', 'приятно', 'заказчик', 'который', 'сохранить', 'прибыльный', 'бизнес', 'неудачный', 'продвижение', 'ашманов']"
0,1,1,1,0,0,0,0,0,0,0,0,1,1,1,0,0,0,1,0,0,1,"['пасти', 'загонять', 'хлев', 'жиреть', 'ток', 'идти', 'эмоция', 'сок', 'выделять', 'корова', 'который', 'давать', 'корм', 'содержать', 'стимулятор', 'лактация']"
0,0,1,0,0,0,1,0,1,1,1,0,1,1,0,0,1,0,1,0,1,1,"['иудо', 'западнический', 'ересь', 'делать', 'народ', 'сброд', 'организм', 'стадо', 'экономический', 'животное', 'который', 'далее', 'легко', 'стричь', 'резать']"
1,0,0,0,1,1,1,1,1,1,1,1,1,0,0,1,1,1,1,1,1,1,"['государство', 'ребенок', 'воспитывать', 'знак-кавычки']"
0,0,1,0,0,0,0,0,0,0,0,0,0,0,0,0,0,0,0,0,0,1,"['достаточно', 'завести', 'один', 'правильный', 'муж', 'который', 'достижение', 'ребеночек', 'год', 'знак-кавычки']"
0,0,1,1,0,0,0,0,0,0,0,0,0,1,1,0,0,0,1,0,0,1,"['попутно', 'советский', 'разведка']"
0,0,1,0,0,0,0,0,0,0,0,1,1,0,0,0,0,1,0,0,0,1,"['часто', 'правда', 'виктор', 'семенович', 'говорить', 'сегодня', 'естественно', 'выбирать', 'самый', 'ликвидный', 'имущество', 'являться', 'главный', 'ключевой', 'звено', 'технологический', 'цепочка', 'благополучно', 'извлекать', 'общий', 'производственный', 'цикл', 'предприятие', 'ложиться', 'бок', 'погибать', 'иносказательный', 'резать', 'корова', 'протяжение', 'многий', 'год']"
0,0,0,0,0,0,0,0,0,0,0,0,0,0,0,0,0,0,1,0,0,1,"['перенять', 'западный', 'опыт', 'невозможно', 'бесконечно', 'государство', 'оплачивать', 'творческий', 'поиск', 'разработчик', 'новый', 'система', 'прочий', 'заинтересовать', 'лицо', 'контролировать', 'процесс']"
0,0,0,0,0,0,0,0,0,0,0,0,0,0,0,0,0,0,1,0,0,1,"['бюджет', 'трещать', 'шов']"
1,0,1,1,1,1,0,1,0,0,0,1,0,1,1,1,0,1,1,1,0,1,"['продумать', 'производитель', 'робот', 'полный', 'программа']"
0,1,1,1,0,1,0,1,0,0,0,1,1,1,1,1,0,0,1,0,0,1,"['правильно', 'денежный', 'корова', 'стратегия', 'использовать', 'наиболее', 'прибыльный', 'сегмент']"
0,0,1,1,0,0,0,0,0,0,0,0,0,0,1,0,0,0,1,0,0,1,"['срок', 'научиться', 'разводить', 'гриб', 'тля', 'нянчить', 'куколка']"
0,0,0,1,0,0,0,0,0,0,0,0,0,0,1,0,0,0,1,0,0,1,"['который', 'нога', 'вытирать', 'корова', 'слышать', 'думать']"
1,1,0,0,1,1,0,1,0,0,0,0,0,0,0,0,0,0,1,0,0,1,"['данный', 'структура', 'определение', 'пятый', 'колонна', 'подходить', 'страна', 'править', 'предатель', 'корректно', 'управление', 'дорваться', 'недра', 'плевать', 'интерес', 'народ', 'предательство', 'несколько', 'знак-кавычки', 'знак-кавычки']"
0,0,1,1,0,0,0,0,0,0,0,0,0,1,1,0,0,0,0,0,0,1,"['цветаева', 'приходиться', 'жить', 'сплетня']"
0,1,1,0,0,0,0,0,0,0,1,0,1,1,0,0,0,0,1,0,0,1,"['умолчание', 'играть', 'человеческий', 'фактор', 'корова']"
0,0,1,1,0,0,0,0,0,0,0,0,0,0,0,0,0,0,1,0,0,1,"['создавать', 'условие', 'развитие', 'бизнес', 'пополнение', 'налоговый', 'поступление', 'муниципальный', 'бюджет', 'простой', 'работяга', 'пенсионер', 'бюджетник']"
0,0,1,0,0,0,0,0,0,0,0,0,1,1,1,1,0,1,1,1,0,1,"['самый', 'схема', 'который', 'голдмэн', 'сакс', 'частный', 'клиент', 'разводить', 'правительство', 'целый', 'страна', 'россия', 'работать', 'международный', 'финансовый', 'организация', 'знак-кавычки', 'знак-кавычки']"
1,0,1,0,1,1,0,1,0,0,0,1,0,0,0,1,0,1,1,1,0,1,"['хорошо', 'открыто', 'обзовуся', 'преступник', 'рвать', 'жирный', 'барыга', 'богатый', 'лохов']"
0,1,1,0,1,1,0,1,0,0,0,0,1,0,0,0,0,0,1,0,0,1,"['россия', 'бизнес', 'знак-кавычки']"
0,0,0,1,0,0,0,0,0,0,0,0,0,1,1,0,0,0,1,0,0,1,"['армянин', 'любить', 'русский', 'россия', 'корова', 'который', 'курица', 'несущий', 'золотой', 'яйцо', 'бесплатный', 'поставка', 'всемирный', 'армянский', 'съезд', 'пройти', 'ереван', 'париж', 'нью', 'йорк', 'анжелес', 'санфранциско', 'бейрут', 'ливан', 'москва', 'кремль', 'святой', 'народ', 'место', 'черный', 'жопа', 'крест', 'душамисердце', 'мысль', 'пиар', 'хачик', 'ипсевдо', 'брат', 'христианин', 'история', 'бог', 'древний', 'храм']"
0,0,0,0,0,0,0,0,1,1,0,0,0,0,0,0,1,0,1,0,0,1,"['устрашать', 'система', 'монополия', 'который', 'захватить', 'государство', 'заниматься', 'технология', 'снижать', 'себестоимость', 'предлагать', 'качественный', 'продукт', 'стать', 'монополист', 'знак-кавычки', 'знак-кавычки']"
0,0,0,0,0,0,0,0,0,0,0,0,1,0,0,0,0,0,0,0,0,1,"['видеть', 'заголовок', 'игра', 'цифра', 'первый', 'думать', 'разраба', 'корова', 'знак-кавычки']"
1,0,1,1,1,1,0,1,1,0,0,1,1,1,1,1,0,1,1,1,0,1,"['остаться', 'впечатление', 'непрофессионал', 'зарабатывать', 'незнающий', 'клиент', 'заставлять', 'приходить', 'каждый', 'оплачивать']"
0,0,1,0,0,1,0,0,0,0,0,1,0,1,0,1,0,1,1,1,0,1,"['первый', 'попробовать', 'шок', 'сидеть', 'потихонечку', 'кошелек']"
1,1,1,1,1,1,1,1,1,1,1,1,1,1,1,1,1,1,1,1,1,1,"['плакат', 'знак-кавычки']"
0,0,1,1,0,0,0,0,0,0,0,0,0,1,1,0,0,0,1,0,0,1,"['хватить', 'народ', 'защитить', 'человек', 'произвол', 'жкх', 'чиновник', 'налоговый', 'сфера', 'справоросс', 'хотеть', 'ввести', 'прогрессивный', 'ставка', 'подоходный', 'налог', 'роскошь', 'собственность', 'приватизировать', 'занизить', 'стоимость', 'отменить', 'льгота', 'фирма', 'собственник', 'зарегистрировать', 'офшор', 'знак-кавычки']"
0,1,0,0,0,0,0,0,0,0,0,0,0,0,0,0,0,0,1,0,0,1,"['нихренный', 'право', 'абонент', 'захотеться', 'хотеться']"
1,0,1,1,1,1,1,1,1,1,1,1,1,1,1,1,1,1,1,1,1,1,"['вывод', 'мтс', 'почуять', 'лох', 'последний']"
1,0,1,0,1,1,1,1,1,1,1,1,1,1,0,1,1,1,1,1,1,1,"['наблюдать', 'человек', 'садиться', 'шея', 'осознавать', 'иметь', 'корова', 'конец']"
1,1,1,1,1,1,1,1,1,1,1,1,1,1,0,1,1,1,1,1,1,1,"['конкурент', 'бояться', 'слабый', 'который', 'придумать', 'хватать', 'просечь', 'тема', 'схлопнуться', 'застрелиться']"
0,0,1,1,0,1,0,1,0,0,0,1,1,1,1,1,0,1,1,1,0,1,"['важно', 'являться', 'предложение', 'утка', 'пробный', 'шар', 'замер', 'градус', 'общественный', 'возмущение', 'искренний', 'желание', 'корова', 'большой', 'кормить', 'знак-кавычки']"
1,1,1,1,1,1,1,1,1,1,1,1,1,1,1,1,1,1,1,1,1,1,"['один', 'девочка', 'выдать', 'папа', 'бизнесмен', 'крышуета', 'черножопый', 'торгаш', 'лохов', 'мама', 'работать', 'дура', 'знак-кавычки']"
1,0,1,1,1,1,1,1,1,1,1,1,1,1,1,1,1,1,1,1,1,1,"['хотеть', 'бояться', 'ссориться', 'крупный', 'компания', 'решить', 'взяться', 'малый', 'бизнес']"
1,0,1,1,1,1,1,1,1,1,1,1,0,1,1,1,1,1,1,1,1,1,"['население', 'купить', 'один', 'мотоцикл', 'основание', 'корова']"
1,0,1,1,1,1,1,1,1,1,1,1,0,1,1,1,1,1,1,1,1,1,"['каждый', 'год', 'учебник', 'издаваться', 'новый', 'взять', 'прошлогодний', 'знакомый', 'брат', 'сестра', 'поменять', 'упражнение', 'вперед', 'народ']"
1,1,1,1,1,1,1,1,1,1,1,1,1,1,1,1,1,1,0,1,1,1,"['нанимать', 'корова', 'таджик', 'узбеков', 'киргиз']"
1,0,1,0,1,1,1,1,1,1,1,1,0,1,0,1,1,1,1,1,1,1,"['выборы', 'решить', 'народ', 'внизу', 'стадо', 'ведмепуты', 'новый', 'сила', 'любимый', 'немой', 'народишко']"
1,1,1,1,1,1,1,1,1,1,1,1,1,1,1,1,1,1,1,1,1,1,"['гайцы', 'штраф', 'иметь', 'полномочие', 'воздействовать', 'дорожник', 'хрен', 'хорошо', 'народ']"
1,1,1,1,1,1,1,1,1,1,1,1,1,1,1,1,1,1,1,1,1,1,"['существо', 'тысяча', 'доллар', 'ежегодно', 'уходить', 'неизвестно', 'непонятно', 'постоянно', 'штраф', 'квитанция', 'содержать', 'собака', 'квартира', 'бездомный', 'нужный', 'приют', 'говорить', 'бывать', 'человек', 'отстреливать', 'позор', 'стыд', 'бобруйск', 'вполне', 'заметный', 'центр', 'европа', 'город', 'руководство', 'средневековый', 'свет', 'каждый', 'ответить', 'убитый', 'кошка', 'собака', 'спасать', 'расстрелять', 'запросто', 'ребенок', 'сожаление', 'щенок', 'котенок', 'убивать', 'дерево', 'поросль', 'зло', 'возвращаться', 'ненависть', 'принимать', 'закон', 'исполнять', 'жрать', 'отвал', 'спать', 'теплый', 'дом', 'квартира', 'несчастный', 'бросить', 'брат', 'меньший', 'зябнуть', 'холод', 'мерзнуть', 'погибать', 'ежедневно', 'убить', 'скоро']"
1,1,1,1,1,1,1,1,1,1,1,1,1,1,1,1,1,1,1,1,1,1,"['талант', 'завязывать', 'разговор', 'незнакомец', 'свобода', 'совесть', 'рождаться', 'презрение', 'сонный', 'богач', 'который']"
1,0,1,1,1,1,1,1,1,1,1,1,0,1,1,1,1,1,1,1,1,1,"['использовать', 'техника', 'должный', 'четко', 'понимать', 'шанс', 'споймать', 'забанить', 'преследовать', 'один', 'ребята', 'который', 'деньги']"
0,1,1,0,0,0,0,0,0,0,0,0,1,1,0,0,0,0,1,0,0,1,"['государство', 'придерживаться', 'принцип', 'платить', 'знак-кавычки']"
1,0,1,1,1,1,1,1,1,1,1,1,1,1,1,1,1,1,1,1,1,1,"['украина', 'ющенко', 'кричать', 'сталин', 'вампир', 'год', 'построить', 'один', 'современный', 'завод', 'наоборот', 'сталинский', 'предприятие', 'продолжать', 'горло', 'застревать']"
1,0,1,1,1,1,1,1,1,1,1,1,1,1,1,1,1,1,1,1,1,1,"['невозможность', 'реализация', 'позволять', 'госбюджет', 'бесконечно', 'долго']"
1,1,1,1,1,1,1,1,1,1,1,1,1,1,1,1,1,1,1,1,1,1,"['невозможный', 'теоретически', 'представить', 'группа', 'крутой', 'российский', 'ребята', 'бизнесмен', 'грозный', 'знак-кавычки', 'знак-кавычки', 'знак-кавычки']"
1,0,1,1,1,1,1,1,1,1,1,1,1,1,1,1,1,1,1,1,1,1,"['примерно', 'дух', 'бандитский', 'стрелок', 'середина', 'девяностый', 'корова']"
1,0,1,1,1,1,0,1,0,1,0,1,0,1,1,1,0,1,1,1,0,1,"['слово', 'либерал', 'готовый', 'взять', 'ответственность', 'рука', 'условие', 'эффективный', 'частный', 'бизнес', 'сильно', 'сказать', 'пафос', 'заключаться', 'решение', 'абсолютно', 'проблема', 'знак-кавычки', 'как будто']"
1,1,1,1,1,1,1,1,1,1,1,1,0,1,1,1,1,1,1,1,1,1,"['обычно', 'враждебный', 'поглощение', 'новый', 'собственник', 'компания', 'вмешиваться', 'внутренний', 'дело', 'перепродавать', 'высокий', 'цена', 'другой']"
1,0,1,1,1,1,1,1,1,1,1,1,1,1,1,1,1,1,1,1,1,1,"['обещать', 'сотрудник', 'один', 'месяц', 'аппетит', 'приходить', 'еда', 'изучать', 'посинение', 'корпоративный', 'гимн', 'петь']"
0,1,1,0,0,0,0,1,0,0,0,1,1,1,0,1,0,1,1,1,0,1,"['понимать', 'предприятие', 'давать', 'средство', 'бросать', 'произвол', 'судьба']"
0,0,0,0,0,0,0,0,0,0,0,0,0,1,0,0,0,0,1,0,0,1,"['цель', 'городской', 'власть', 'понятный', 'освободить', 'город', 'бедный', 'русский', 'населить', 'богач', 'пришлый', 'кавказо', 'азиат', 'который', 'легко', 'контролировать']"
0,0,0,0,0,0,0,0,0,0,0,0,0,0,0,0,0,0,1,0,0,1,"['получаться', 'продавец', 'налогоплательщик', 'задирать', 'цена', 'другой', 'чиновник', 'круговорот', 'скинуться', 'человек', 'шляпа', 'рубль']"
0,1,0,1,0,0,0,0,0,0,0,0,1,0,1,0,0,0,1,0,0,1,"['владелец', 'знать', 'помочь', 'сотрудник', 'человек', 'страна', 'атаковать', 'знак-кавычки']"
0,1,1,0,0,0,0,0,0,0,0,1,1,1,0,1,0,1,1,1,0,1,"['управленческий', 'чутье', 'велеть']"
1,0,0,1,1,1,1,1,1,1,1,1,1,0,1,1,1,1,1,1,1,1,"['трудный', 'сделать', 'легко', 'сначала', 'прибыльно', 'бренд', 'деньги', 'купить']"
0,0,1,0,0,0,0,0,0,0,0,0,0,1,0,0,0,0,1,0,0,1,"['давать', 'сосредоточиться', 'иметь', 'появиться', 'купить']"
1,0,0,0,1,1,0,1,0,0,0,1,0,0,0,0,0,0,0,0,0,1,"['москва', 'разворовывать']"
0,0,0,0,0,0,0,0,0,0,0,0,0,0,0,0,0,0,1,0,0,1,"['трудно', 'объективно', 'судить', 'деятельность', 'асма', 'описывать', 'домысел', 'довольно', 'бездакозательно', 'сторона', 'обыватель', 'далекий', 'глобальный', 'дело', 'жизнь', 'простой', 'примитивный', 'горожанин', 'противоричивость', 'напрмер', 'нравиться', 'город', 'появляться', 'красивый', 'здание', 'понимать', 'жить', 'обозримый', 'будущее', 'глаз', 'радовать', 'чертовски', 'приятный', 'веллер', 'создавать', 'четкий', 'условие', 'конкуренция', 'бизнес', 'неотвратимость', 'закон', 'давать', 'возможность', 'строить', 'загонять', 'политика', 'причастность', 'власть', 'должный', 'защищать', 'частный', 'собственность', 'бизнес', 'цивилизован', 'мир', 'административный', 'ресурс', 'штука', 'скользкий', 'состояние', 'общество', 'предмет', 'злоупотребление', 'нож', 'хлеб', 'нарезать', 'сосед', 'прирезывать', 'бюджет', 'непрозрачность', 'отсуствие', 'становиться', 'священый', 'корова', 'который', 'молоко', 'сидеть', 'тупо', 'мешок', 'деньги', 'вкладывать', 'далеко', 'эффективный', 'использование', 'знак-кавычки']"
0,0,1,0,0,0,0,0,0,0,0,0,1,0,0,0,0,0,1,0,0,1,"['достойный', 'войти', 'учебник', 'маркетинг', 'умудриться', 'записать', 'беженец', 'практически', 'житель', 'автономия', 'исламский', 'фонд', 'предмет', 'война', 'израиль', 'одновременно', 'рассудить', 'образ', 'скучающий', 'народ', 'бок', 'безопасный', 'голодный']"
0,1,0,0,0,0,0,0,0,0,0,0,1,0,0,0,0,0,1,0,0,1,"['закон', 'природа', 'чиновник', 'знать', 'начинать', 'несозревший', 'организм', 'малый', 'предпринимательство', 'самый', 'рождение']"
0,0,0,0,0,0,0,0,0,0,0,0,1,0,0,0,0,0,0,0,0,1,"['чиновник', 'действовать', 'закон', 'корова', 'доход', 'кормить', 'часто']"
0,1,1,0,0,0,0,0,0,0,0,0,0,0,0,0,0,0,1,0,0,1,"['понимать', 'самый', 'успешный', 'предприятие', 'который', 'последствие', 'государство']"
0,0,1,0,0,0,0,0,0,0,0,0,0,0,0,0,0,0,1,0,0,1,"['огромный', 'чиновничий', 'аппарат', 'задача', 'который', 'народ', 'лозунг', 'борьба', 'коррупция']"
0,0,0,1,0,0,0,0,0,0,0,0,0,0,1,0,0,0,1,0,0,1,"['самый', 'дело', 'являться', 'корова', 'который', 'европа', 'потихоньку', 'видики', 'компьютер']"
0,0,1,1,0,0,0,0,0,0,0,0,0,0,0,0,0,0,1,0,0,1,"['давать', 'отделить', 'мордор', 'труба', 'начать', 'строить', 'государство']"
1,1,1,0,1,1,1,1,1,1,1,1,0,0,0,1,1,1,1,1,1,1,"['получаться', 'клиент', 'чм', 'знак-кавычки']"
0,0,0,1,0,0,0,0,0,0,0,0,1,1,1,0,0,0,1,0,0,1,"['лексус', 'видно', 'путать', 'потребность', 'социум', 'обычный', 'человек', 'властный', 'структура', 'который', 'паразитовать', 'стадо', 'веруны', 'христос', 'ленин', 'маркс', 'власть', 'заинтересованный', 'народ', 'управлять', 'допустить', 'образование', 'общество', 'свободно', 'мыслящий', 'увидеть', 'социумобразующий', 'явление', 'атеизм', 'реализм', 'остаться', 'феномен', 'круторогий', 'обыденность']"
0,0,0,0,0,0,0,0,0,0,0,0,0,1,0,0,0,0,1,0,0,1,"['государство', 'вынуждать', 'пересаживаться', 'джип']"
1,0,1,0,1,1,0,1,1,1,1,1,0,1,0,1,1,1,1,1,1,1,"['польза', 'юзер', 'большой', 'затея', 'видно']"
0,0,1,1,0,0,0,0,0,0,0,0,0,1,1,0,0,0,0,0,0,1,"['позор', 'потомок', 'убийца', 'дед', 'бабка', 'россия', 'вопль', 'всякий', 'плюшевый', 'борец', 'коррупция']"
0,0,1,0,0,0,0,0,0,0,0,0,0,0,0,0,0,0,1,0,0,1,"['министерство', 'спорт', 'должно', 'насколько', 'возможный', 'развивать', 'сфера', 'услуга', 'самый', 'зарабатывать', 'средство', 'высший', 'достижение', 'бюджет', 'знак-кавычки']"
1,0,1,0,0,1,0,0,0,0,0,1,0,1,0,1,0,1,1,1,0,1,"['самый', 'главное', 'случиться', 'перемена', 'потрясти', 'отрасль', 'спорт', 'дальнейший', 'предпринимать', 'попытка', 'туризм', 'дойка', 'один', 'бюджет', 'приносить', 'желанный', 'результат', 'знак-кавычки', 'знак-кавычки']"
0,0,1,1,0,0,0,0,0,0,0,0,1,0,1,0,0,0,1,0,0,1,"['террорист', 'продолжать', 'упорно', 'взрывать', 'корпорация', 'население']"
0,0,0,0,0,0,1,0,1,0,1,0,0,0,0,0,1,0,1,0,1,1,"['америка', 'страна', 'адвокат', 'владелец', 'человек', 'состоятельный', 'суд', 'бесконечность', 'наложенить', 'иск', 'доход', 'член', 'семья', 'течение', 'год', 'говорить', 'мелочь', 'блокировка', 'банкоский', 'счет', 'знак-кавычки']"
0,0,0,0,0,0,0,0,0,0,0,0,1,0,0,0,0,0,0,0,0,1,"['рабочий', 'муравей', 'получать', 'избыточный', 'сахар', 'медвяный', 'роса', 'знак-кавычки']"
1,1,1,0,1,1,1,1,1,1,1,1,1,1,0,1,1,1,1,1,1,1,"['выгодно', 'загонять', 'турист', 'дом', 'ухаживать', 'корова']"
0,0,0,0,0,0,0,0,0,0,0,0,1,0,0,0,0,0,1,0,0,1,"['считать', 'деньги', 'главное', 'жизнь', 'алексин', 'стерлядка', 'стать', 'знак-кавычки']"
0,0,1,0,0,0,0,0,0,0,0,0,0,1,0,0,0,0,0,0,0,1,[]
0,1,1,1,0,0,0,0,0,0,0,0,1,1,1,0,0,0,1,0,0,1,"['клиент', 'плотно', 'сидеть', 'игла']"
0,0,0,0,0,0,0,0,0,0,0,0,0,0,0,0,0,0,0,0,0,1,"['решить', 'обратный', 'путь', 'костя']"
0,0,1,1,0,0,0,0,0,0,0,0,0,1,1,0,0,0,1,0,0,1,"['данный', 'случай', 'наверное', 'николаевич', 'хотеть', 'сказать', 'россия', 'обращаться', 'знак-кавычки']"
1,1,1,1,1,1,1,1,1,1,1,1,1,1,1,1,1,1,1,1,1,1,"['спорить', 'дохлый', 'корова']"
1,1,1,0,1,1,0,1,0,0,0,1,1,0,0,1,0,1,1,1,0,1,"['готовить', 'мамин', 'папин', 'кошелек', 'настать', 'время', 'рокстар', 'стахановец', 'объем', 'надой', 'найт', 'растормошить', 'мама', 'дать', 'деньги', 'новый', 'видеокарта']"
0,0,0,0,0,0,0,0,0,0,0,0,0,0,0,0,0,0,0,0,0,1,"['короче', 'баба', 'месяц', 'автомат', 'коза', 'кончиться', 'один', 'проглотить', 'карта']"
0,0,0,1,0,0,0,0,0,0,0,0,0,0,0,0,0,0,1,0,0,1,"['молодой', 'красивый', 'делать', 'купить', 'серьга', 'пойти', 'клуб', 'хотеть', 'египет', 'куба', 'сетовать', 'сергей', 'знак-кавычки']"
1,0,1,0,1,1,0,1,0,0,0,1,0,0,0,1,0,1,1,1,0,1,"['точка', 'зрение', 'производство', 'потребление', 'энергия', 'сша', 'ес', 'энергетический', 'вампир', 'нефтеносный', 'страна', 'корова', 'который', 'кормить', 'знак-кавычки', 'знак-кавычки']"
0,1,0,0,0,0,0,0,0,0,0,0,1,0,0,0,0,0,1,0,0,1,"['налаживать', 'диалог', 'власть', 'значить', 'уговаривать', 'ребята', 'брать', 'кончать']"
1,1,0,1,1,1,1,1,1,0,0,1,1,0,1,1,1,1,1,1,1,1,"['правильно', 'заметить', 'камилла', 'стадо', 'который', 'идти', 'плакаться']"
0,0,0,0,0,0,0,0,0,0,0,0,1,0,0,0,0,0,1,0,0,1,"['козодой', 'коза', 'естественно']"
0,0,0,1,0,0,0,0,0,0,0,0,1,1,1,0,0,0,1,0,0,1,"['условие', 'экономический', 'развал', 'кризисный', 'явление', 'правоохранительный', 'структура', 'воровской', 'элита', 'усиленно', 'коммерческий', 'производственный', 'хозяйственный', 'предприятие']"
0,0,1,1,0,0,0,0,0,0,0,0,1,1,1,0,0,0,1,0,0,1,"['некоторые', 'видеть', 'бизнесмен', 'корова', 'который']"
0,1,0,0,0,0,0,0,0,0,0,0,1,0,0,0,0,0,1,0,0,1,"['плохой', 'прецедент', 'позволить', 'благополучно', 'другой', 'компания', 'который', 'нарушить', 'право', 'подавать', 'суд', 'старый', 'сомнительный', 'патент', 'штат', 'называть', 'патентный', 'тролль']"
0,1,1,1,0,0,0,0,0,0,0,0,0,0,0,0,0,0,1,0,0,1,"['главный', 'сталь', 'чиновник', 'который', 'бизнес']"
0,1,0,0,0,0,0,0,0,0,0,0,1,0,0,0,0,0,1,0,0,1,"['родитель', 'воля', 'требовать', 'расписка', 'добровольно', 'происходить', 'позволять', 'сесть', 'шея', 'понукать', 'баран', 'возмущаться', 'трусы']"
0,0,0,0,0,0,0,0,0,0,0,0,1,0,0,0,0,0,1,0,0,1,"['сша', 'страна', 'золотой', 'миллиард', 'хорошо', 'жить', 'грабить', 'остальной', 'мир', 'самый', 'передовой', 'прогрессивный', 'втирать', 'сми', 'знак-кавычки', 'знак-кавычки', 'знак-кавычки']"
0,0,1,1,0,1,1,1,1,1,1,0,0,1,1,0,1,1,1,0,1,1,"['рад', 'жизнь', 'страна', 'высокопоставленный', 'чинуша', 'олихарх', 'который', 'народ', 'иметь', 'хотеть']"
0,0,0,1,0,0,0,0,0,0,0,0,0,0,0,0,0,0,1,0,0,1,"['муравей', 'различный', 'листоблошки', 'цикада', 'гусеница', 'червец']"
0,0,0,0,0,0,0,0,0,0,0,0,1,0,0,0,0,0,0,0,0,1,"['один', 'бизнесмен', 'геленджикский', 'арбат', 'пожаловаться', 'обложить', 'непомерный', 'налог', 'пустить', 'работать', 'кабальный', 'условие', 'деньги']"
0,0,1,0,0,0,0,0,0,0,0,0,1,0,0,0,0,0,1,0,0,1,"['пытаться', 'констатировать', 'кэтрин', 'вытянуть', 'муж', 'капля', 'история', 'злоключение', 'диандра']"
0,0,0,0,0,0,0,0,0,0,0,0,0,1,0,0,0,0,1,0,0,1,"['компания', 'собираться', 'останавливаться', 'достигнуть', 'продолжать', 'корова', 'июнь', 'год', 'свет', 'выйти', 'второй', 'платный', 'дополнение']"
1,0,1,1,1,1,1,1,1,1,1,1,1,0,1,1,1,1,1,1,1,1,"['насмотреться', 'баба', 'мычать']"
0,0,1,0,0,1,1,1,0,1,1,1,0,1,1,1,1,1,1,1,0,1,"['самый', 'дело', 'придумывать', 'новый', 'афера', 'разный', 'род', 'организация', 'частный', 'лицо', 'использовать', 'старый', 'проверенный', 'схема']"
0,1,1,0,0,0,0,0,0,0,0,0,1,1,0,0,0,0,1,0,0,1,"['мужчина', 'некий', 'откормленный', 'корова', 'который']"
0,0,0,0,0,0,0,0,0,0,0,0,1,0,0,0,0,0,1,0,0,1,"['единственный', 'акваферма', 'австралия', 'икра', 'лосось', 'извлекать', 'вручную', 'восстановить', 'производство', 'страшный', 'лесной', 'пожар', 'знак-кавычки']"
0,0,1,0,0,0,0,0,0,0,0,0,1,0,0,0,0,0,0,0,0,1,"['государство', 'регулярно', 'гражданин']"
0,0,1,0,0,0,1,0,1,1,1,1,0,1,0,1,1,1,0,1,1,1,"['сделать', 'школа', 'самодостаточный', 'перестать', 'страна']"
0,1,1,0,0,0,0,1,0,0,0,0,0,0,0,0,0,0,0,0,0,1,"['америка', 'снова', 'реализовать', 'любимый', 'бизнес-план', 'европа']"
0,1,1,0,0,0,0,0,0,0,0,0,0,0,0,0,0,0,0,0,0,1,"['отношение', 'государство', 'уважительный', 'приподнимать', 'человек', 'пытаться', 'сожаление', 'часто', 'бывать', 'думать', 'благотворительность', 'россия', 'хорошо', 'знак-кавычки']"
0,1,1,1,0,0,1,0,1,1,1,1,1,1,1,1,1,1,1,1,1,1,"['водитель', 'корова', 'хватить']"
0,0,1,0,0,0,0,0,0,0,0,0,0,0,0,0,0,0,0,0,0,1,"['примерно', 'представлять', 'россия', 'гений', 'кпд', 'процент-знак']"
1,1,0,0,1,1,0,1,0,1,1,1,1,1,0,1,0,1,0,1,0,1,"['точно', 'начальник']"
1,1,0,0,1,0,1,1,1,0,0,1,1,0,0,1,1,0,0,0,0,1,"['работа', 'коммунальщик', 'улучшаться', 'федорук', 'корова']"
1,0,0,1,1,1,1,1,1,1,1,1,1,1,0,1,1,1,0,1,1,1,"['должный', 'сказать', 'переплатить', 'определенный', 'сумма', 'месяц', 'платить', 'ставить', 'вопрос']"
1,0,1,1,1,1,1,1,1,1,1,1,0,1,1,1,1,1,0,1,1,1,"['рассказывать', 'заключить', 'соглашение']"
1,1,1,1,1,1,1,1,1,1,1,1,1,1,1,1,1,1,0,1,1,1,"['ничто', 'смешной', 'дочь', 'учиться', 'нефтяной', 'университет', 'поступление', 'заявление', 'указывать', 'работать', 'родитель', 'знать', 'студент', 'видеть', 'корова', 'удой', 'снять', 'ставить', 'зачет', 'приходить', 'репетиторство', 'говорить', 'некоторые', 'знак-кавычки']"
1,1,0,0,1,1,1,1,1,1,1,1,1,1,1,1,1,1,0,1,1,1,"['каждый', 'ручеек', 'чиновник', 'ставить', 'родственник', 'доверенный', 'человек', 'усмотрение']"
1,0,1,1,0,1,1,1,1,1,1,1,0,1,1,1,1,1,1,1,1,1,"['прошлый', 'год', 'китихнуть']"
0,0,0,1,0,0,0,0,0,0,0,0,0,1,1,0,0,0,0,0,0,1,"['обидный', 'адепт', 'сетевой', 'баталия', 'длительный', 'время']"
1,0,1,1,1,1,1,1,1,1,1,1,1,1,1,1,1,1,0,1,1,1,"['самый', 'вбить', 'голова', 'новоявленный', 'полицейский', 'задача', 'водитель', 'знак-кавычки']"
1,0,1,1,1,1,1,1,1,1,1,1,0,1,1,1,1,1,0,1,1,1,"['министерство', 'оборона', 'окучивать', 'семья', 'министр', 'знак-кавычки', 'знак-кавычки']"
1,0,0,1,1,1,1,1,1,1,1,1,0,0,1,1,1,1,0,1,1,1,"['сила', 'ум', 'обыватель', 'нужный']"
1,0,1,1,1,1,1,1,0,1,1,1,0,1,1,1,1,1,0,1,0,1,"['коля', 'пришол', 'водоканал', 'образование', 'необезобразить', 'сидеть', 'десятилетие', 'место', 'город', 'советский', 'время', 'обзавестись', 'крупнейший', 'промышленный', 'база', 'который', 'потихоньку']"
1,0,0,1,1,1,1,1,1,1,1,1,0,1,1,1,1,1,0,1,1,1,"['забота', 'давать', 'корова', 'русский', 'держать', 'рог', 'турок', 'хвост', 'знак-кавычки']"
1,0,1,1,1,1,1,1,1,1,1,1,0,1,1,1,1,1,0,1,1,1,"['стремление', 'корова', 'сугубо', 'материальный', 'интерес', 'оставаться', 'определять', 'внешнеполитический', 'акция', 'сша', 'знак-кавычки', 'т.е.']"
1,1,1,1,1,1,1,1,1,1,1,1,1,1,1,1,1,1,0,1,1,1,"['прибыль', 'приносить', 'новоиспеченный', 'бренд', 'сначала', 'многое', 'вложить', 'знак-кавычки']"
1,1,1,1,1,1,1,1,1,1,1,1,0,1,1,1,1,1,1,1,1,1,"['пора', 'россия', 'конкретно', 'алтайский', 'край', 'русский', 'народ']"
1,1,0,0,1,1,1,1,1,1,1,1,0,0,0,1,1,1,0,1,1,1,"['намерен', 'проводить', 'публичный', 'акция', 'привлечь', 'внимание', 'гражданин', 'несуразный', 'положение', 'чиновник', 'сталь', 'самостоятельный', 'класс', 'служить', 'общество', 'считать', 'дойный', 'корова', 'который', 'кормить', 'отметить', 'г.', 'гудков', 'знак-кавычки']"
1,0,0,0,1,1,1,1,1,1,1,1,0,0,0,1,1,1,0,1,1,1,"['запретить', 'далеко', 'абонент', 'устареть', 'технология']"
1,1,1,1,1,1,1,1,1,1,1,1,1,1,1,1,1,1,0,1,1,1,"['конец', 'февраль', 'год', 'подсчет', 'граф', 'шверин', 'фон', 'крозига', 'нацистский', 'министр', 'финансы', 'общий', 'поступление', 'платеж', 'покрывать', 'оккупационный', 'расход', 'составить', 'миллиард', 'марка', 'примерно', 'доллар', 'который', 'франция', 'посильный', 'другой', 'завоевать', 'страна', 'выплачивать', 'половина', 'знак-кавычки', 'знак-кавычки']"
1,1,1,1,1,1,1,1,1,1,1,1,0,1,1,1,1,1,0,1,1,1,"['подобный', 'образ', 'россия', 'разрушить', 'война', 'немецкий', 'вандализм', 'оказаться', 'трудно', 'знак-кавычки']"
1,1,0,1,1,1,1,1,1,1,1,1,1,0,1,1,1,1,0,1,1,1,"['давить', 'машина', 'ребенок', 'убивать', 'пешеход', 'предприниматель', 'брать', 'взятка']"
1,0,1,1,1,1,1,1,1,1,1,1,0,1,1,1,1,1,0,1,1,1,"['один', 'сторона', 'жаль', 'другой', 'невольно', 'проникаться', 'уважение', 'компания', 'который', 'собираться', 'игра', 'потеря', 'пульс', 'заняться', 'новый']"
1,0,1,1,1,1,1,1,1,1,1,1,0,1,1,1,1,1,1,1,1,1,"['далеко', 'разводить', 'совсем', 'запущенный', 'потребитель', 'знак-кавычки', 'знак-кавычки', 'знак-кавычки']"
1,0,1,1,0,1,0,1,0,0,0,1,0,1,1,0,0,1,0,0,0,1,"['задурманить', 'голова', 'подсадить', 'сильнодействующий', 'вещество', 'год', 'деньги']"
1,1,1,0,1,1,1,1,1,1,1,1,1,1,1,1,1,1,0,1,1,1,"['некоторые', 'считать', 'частный', 'предпринимательство', 'хищник', 'который', 'пристрелить', 'другой', 'корова', 'немногие', 'понимать', 'верный', 'лошадка', 'тащить', 'телега']"
0,1,1,1,1,1,0,1,0,0,0,1,0,1,1,1,0,1,0,1,0,1,"['русский', 'народ', 'удвоенный', 'сила']"
1,0,0,0,1,1,1,1,1,1,1,1,0,0,0,1,1,1,0,1,1,1,"['видеть', 'женщина', 'воспитать', 'традиция', 'мужчина', 'сильный', 'вожак', 'любить', 'оказываться', 'сбить', 'толк', 'среда', 'низкоранговый', 'снабженец', 'отжимать']"
0,0,1,0,0,1,1,0,1,1,1,1,0,0,0,1,1,1,0,1,1,1,"['точка', 'зрение', 'инфобизнесмен', 'являться', 'род', 'паразит', 'суть', 'бизнес', 'клиент', 'часто', 'один', 'брать', 'деньги', 'получить', 'бесплатно', 'естественно', 'постараться']"
0,0,1,0,0,0,0,0,0,0,0,0,0,0,0,0,0,0,0,0,0,1,"['означать', 'независимо', 'обнаружить', 'ошибка', 'сдача', 'декларация', 'истечение', 'срок', 'подача', 'уплата', 'соответствующий', 'налог', 'исправлять', 'период', 'который', 'совершить']"
1,0,1,1,1,1,0,1,0,0,0,1,0,1,1,1,0,1,0,1,1,1,"['прозреть', 'немногие', 'каждодневный', 'пир', 'знак-кавычки']"
1,1,0,1,1,1,1,1,1,1,1,1,1,0,0,1,1,1,0,1,1,1,"['население', 'возможный']"
0,1,1,1,0,0,0,0,0,0,0,0,1,1,1,0,0,0,0,0,0,1,"['ребенок', 'относиться', 'бизнес', 'дойный', 'корова', 'хотеть']"
1,0,1,0,1,1,0,1,0,0,0,1,0,1,0,1,0,1,0,1,0,1,"['сборщик', 'сок', 'рассказать', 'плакать', 'гевея', 'хорошо', 'возраст', 'дерево', 'отказываться', 'давать', 'резина', 'знак-кавычки', 'знак-кавычки', 'знак-кавычки']"
1,1,1,1,1,1,1,1,1,1,1,1,1,1,1,1,1,1,0,1,1,1,"['государственный', 'бюджетный', 'заказчик', 'отличаться', 'коммерческий', 'постоянно', 'попадать', 'зона', 'провал', 'рынок', 'закупка', 'предприятие', 'навести', 'порядок', 'разориться', 'бюджет', 'вечно', 'знак-кавычки', 'знак-кавычки']"
1,0,1,1,1,1,1,1,1,1,1,1,0,1,1,1,1,1,0,1,1,1,"['мечта', 'подрастать', 'китайский', 'поколение', 'русский', 'лиля', 'представиться', 'китаянка', 'дать', 'телефон', 'пекинский', 'друг', 'витя', 'сказать', 'точно', 'помочь', 'подработать', 'гид']"
1,1,0,0,1,1,1,1,1,1,1,1,1,0,1,1,1,1,0,1,1,1,"['человек', 'долго', 'знак-кавычки']"
1,1,1,1,1,1,1,1,1,1,1,0,1,1,1,0,1,0,1,0,1,1,"['правительство', 'усмотреть', 'плодиться', 'перестать', 'некого']"
0,0,1,1,0,0,0,0,0,0,0,0,0,1,1,0,0,0,0,0,0,1,"['мент', 'охранник', 'новый', 'приказ', 'дополнять', 'гармония', 'следующий', 'год', 'правило', 'увеличение', 'цена', 'проверка', 'повышение', 'квалификация', 'зарплата', 'который', 'гулькин']"
1,1,1,1,1,1,1,1,1,1,1,1,0,1,1,1,1,1,0,1,1,1,"['необходимость', 'заставлять', 'попутно', 'сказать', 'большинство', 'член', 'смотреть', 'колхоз', 'дойный', 'корова', 'лето', 'произвести', 'большой', 'расход', 'содержание', 'старание', 'прилагать', 'стянуть']"
1,1,1,0,1,1,1,1,1,1,1,1,1,1,0,1,1,1,0,1,1,1,"['понять', 'колхоз', 'дойный', 'корова', 'который', 'лето', 'кормить', 'лодырь', 'стрекоза', 'слетаться', 'песня', 'петь', 'трудовой', 'организация', 'муравей', 'обеспечивать', 'существование']"
1,1,1,1,1,1,1,1,1,1,1,1,1,1,1,1,1,1,0,1,1,1,"['школа', 'училище', 'район', 'появляться', 'маленький', 'филиал', 'банда', 'сверстник']"
0,0,1,1,0,0,0,0,0,0,0,0,0,1,1,0,0,0,0,0,0,1,"['человек', 'наемный', 'труд', 'самый', 'уязвимый', 'моральный', 'план', 'раб', 'психический', 'энергия']"
1,1,1,0,1,1,0,1,0,0,0,1,0,1,0,1,0,1,0,1,0,1,"['прокурор', 'военный', 'боевой', 'один', 'посадить', 'знак-кавычки']"
1,1,1,1,1,1,1,1,1,1,1,1,0,1,1,1,1,1,1,1,1,1,"['сожаление', 'видеть', 'разворовывать', 'бюджет', 'муниципалитет', 'тупо', 'один', 'клиент', 'сильно', 'прятаться', 'центр', 'сан', 'надзор', 'обрабатывающий', 'филиал', 'жить', 'руководитель', 'расхищать', 'деньги', 'коммуналка']"
1,1,0,0,1,1,1,1,1,1,1,1,1,0,0,1,1,1,0,1,1,1,"['сидеть', 'россия', 'покорный', 'россиянин']"
1,0,0,0,1,1,0,1,0,0,0,1,0,0,0,1,0,1,0,1,0,1,"['понять', 'бизнесмен', 'который', 'считать', 'россия', 'родина', 'активно']"
1,1,1,1,1,1,1,1,1,1,1,1,0,1,1,1,1,1,0,1,1,1,"['понимать', 'сайт', 'впоследствии', 'денежки', 'счет']"
0,0,1,0,0,1,1,1,1,1,1,1,0,1,0,1,1,1,0,1,1,1,"['говношкола', 'совсем', 'неймется', 'студент', 'спокойно', 'давать']"
1,1,1,1,1,1,1,1,1,1,1,1,1,1,1,1,1,1,0,1,1,1,"['прозябать', 'стойбище', 'пробавляться', 'оленина', 'рыба', 'нефтяник', 'ничто', 'знак-кавычки']"
1,0,1,1,1,1,1,1,1,1,1,1,1,1,1,1,1,1,0,1,1,1,"['данный', 'версия', 'первый', 'демонстративный', 'убийство', 'политковская', 'день', 'рождение', 'президент', 'озвучить', 'политолог', 'станислав', 'белковский', 'известный', 'уникальный', 'умение', 'одновременно', 'разводить', 'непохожий', 'друг', 'старший', 'товарищ', 'борис', 'березовский', 'фсб', 'знак-кавычки', 'знак-кавычки', 'знак-кавычки']"
1,0,1,1,1,1,1,1,1,1,1,1,0,1,1,1,1,1,1,1,1,1,"['мудак', 'лебедев', 'вершина', 'который', 'рано', 'другой', 'прошарить', 'нематериальный', 'веяние', 'башка', 'считать', 'нейминг', 'брэндинг', 'слоган', 'копирайтинг', 'неимоверно', 'сложный', 'важный', 'настоящий', 'общество', 'интеллектуальный', 'работа']"
1,1,1,1,1,1,1,1,1,1,1,1,0,1,1,1,1,1,0,1,1,1,"['рано', 'коммерс', 'пацан', 'разогнуть', 'палец', 'паяльник', 'нелегальный', 'пистолет', 'измениться', 'некий', 'внешний', 'оболочка', 'знак-кавычки']"
1,1,0,0,1,1,0,1,1,0,0,1,0,0,0,1,0,1,0,1,0,1,"['человек', 'власть', 'доходчиво', 'объяснять', 'дойный', 'корова', 'который', 'постоянно', 'получить', 'закрытый', 'магазин']"
1,1,1,1,1,1,1,1,1,1,1,1,1,1,1,1,1,1,0,1,1,1,"['добавить', 'закон', 'торговля', 'фас', 'т.е.']"
0,0,0,0,0,0,1,0,1,1,1,0,0,0,0,0,1,0,0,0,1,1,"['просто', 'собственность', 'рухнуть', 'окончательно']"
1,1,0,1,1,1,1,1,1,1,1,1,0,0,1,1,1,1,0,1,1,1,"['сначала', 'приватизировать', 'дешевка', 'завод', 'бросить', 'гражданин', 'кость', 'ваучер', 'возможность', 'халупа', 'несчастный', 'ограбить', 'налог', 'постоянно', 'расти', 'плата', 'соблюдение', 'технический', 'регламент', 'знак-кавычки']"
1,1,0,0,1,1,1,1,1,1,1,1,0,1,1,1,1,1,0,1,1,1,"['ровно', 'случай', 'абориген', 'папуас', 'разводить', 'финтифлюшка']"
1,1,1,1,1,1,1,1,1,1,1,1,1,1,1,1,1,1,0,1,1,1,"['олигарх', 'нормально', 'выгодно', 'корова', 'постоянно', 'кушать', 'масло', 'творожок', 'пить', 'молочный', 'один', 'покушать', 'мясо', 'знак-кавычки']"
1,1,0,1,1,1,1,1,1,1,1,1,0,1,1,1,1,1,0,1,1,1,"['невероятный', 'карточный', 'игрок', 'знать', 'большой', 'рука', 'подходить', 'должный', 'максимизировать', 'потенциал', 'деньги']"
1,1,1,1,1,1,1,1,1,1,1,1,1,1,1,1,1,1,0,1,1,1,"['бесправный', 'пользоваться', 'различный', 'право', 'государство', 'всякий', 'мера', 'польша', 'выдержать', 'развалиться']"
1,1,1,1,1,1,1,1,1,1,1,1,0,1,0,1,1,1,0,1,1,1,"['понятно', 'подруга', 'чик']"
1,1,1,1,1,1,1,1,1,1,1,1,1,1,1,1,1,1,0,1,1,1,"['очередной', 'мужик', 'знак-кавычки']"
0,1,1,1,0,1,1,1,1,1,1,1,0,1,1,1,1,1,0,1,1,1,"['сомневаться', 'год', 'назад', 'время', 'трехгодичный', 'интернатура', 'интерн', 'полный', 'программа', 'правда', 'одесса', 'считаться', 'пойти', 'анестезиология', 'распределение', 'исключительно', 'купить', 'деньги', 'связь', 'родитель', 'облздрав', 'знак-кавычки']"
0,0,1,1,0,0,1,0,1,1,1,1,0,1,1,1,1,1,1,1,1,1,"['растительный', 'молоко', 'житель', 'южный', 'америка', 'разрез', 'ствол', 'тропический', 'дерево', 'галактодендрон', 'знак-кавычки']"
0,1,0,1,0,0,0,0,0,0,0,0,1,0,0,0,0,0,0,0,0,1,"['вариант', 'молчать', 'тряпка', 'смотреть', 'предлог', 'борьба', 'пробка', 'координальный', 'менять', 'пополнять', 'казна']"
0,0,1,1,0,0,0,0,0,0,0,0,1,1,1,0,0,0,0,0,0,1,"['западло', 'местный', 'пытаться', 'сажать', 'бабки', 'обкладывать', 'дань', 'некий', 'приезжий', 'знак-кавычки', 'знак-кавычки']"
0,1,0,0,0,0,1,0,1,0,0,0,1,0,0,0,1,0,0,0,1,1,"['воля', 'случай', 'компания', 'приходиться', 'отправиться', 'гавайи', 'дружно', 'хирург', 'опасаться', 'разоблачение', 'знак-кавычки']"
1,1,0,0,1,1,1,1,1,1,1,1,0,0,0,1,1,1,0,1,1,1,"['агент', 'влияние', 'отнести', 'гражданин', 'страна', 'держать', 'капитал', 'иностранный', 'банк', 'обзаводиться', 'недвижимость', 'за', 'рубежом', 'называть', 'россия', 'заранее', 'стать', 'эмигрант', 'душа', 'оставаться', 'пора', 'возможность', 'российский', 'корова', 'знак-кавычки']"
0,0,0,0,0,0,0,0,0,0,0,0,0,0,0,0,0,0,0,0,0,1,"['сумма', 'сбор', 'давно', 'превысить', 'затрата', 'житель', 'сказать', 'выкупить', 'мост', 'полный', 'собственность', 'муниципалитет', 'продолжать', 'чужой', 'корова']"
0,0,1,1,0,0,1,0,1,1,0,0,0,1,1,0,1,0,0,0,1,1,"['профсоюзный', 'босс', 'гниль', 'буржуйский', 'мальчиш', 'плахиши', 'моральный', 'урод', 'чмо', 'буржуин', 'работа', 'буржуй', 'род', 'рекэт']"
0,0,0,0,0,0,0,0,0,0,0,0,0,1,0,0,0,0,0,0,0,1,"['плохой', 'украинский', 'гражданин', 'который', 'нравиться', 'разделение', 'россия', 'европа', 'хорошо', 'элита', 'любить', 'запад', 'зависимость', 'ситуация']"
1,1,0,0,1,1,0,1,0,0,0,1,1,0,0,1,0,1,0,1,0,1,"['скоро', 'обыватель', 'который', 'удовольствие', 'любить', 'выйти', 'улица', 'сполна', 'спросить', 'дело']"
0,1,0,0,0,0,0,0,0,0,0,0,1,0,0,0,0,0,0,0,0,1,"['умный', 'невероятно', 'эффективный', 'частник', 'знак-кавычки']"
0,0,0,0,0,0,0,0,0,0,0,0,0,0,0,0,0,0,0,0,0,1,"['сначала', 'сенатор', 'просто', 'пытаться', 'семья', 'корлеон', 'полный', 'уверенность', 'высокий', 'сан', 'защищать', 'любой', 'неприятность', 'поздно', 'придтись', 'некоторый', 'образ', 'пересмотреть', 'мнение', 'знак-кавычки']"
0,0,1,1,0,0,0,0,0,0,0,0,0,1,1,0,0,0,0,0,0,1,"['хотеть', 'сделать', 'коза', 'который', 'приходить', 'дом']"
0,0,0,0,0,0,0,0,0,0,0,0,0,0,0,0,0,0,0,0,0,1,"['сайт', 'наоборот']"
0,0,0,0,0,0,0,0,0,0,0,0,0,0,0,0,0,0,0,0,0,1,"['например', 'онлайновый', 'бизнес', 'переполненный', 'миф', 'который', 'помогать', 'создатель', 'деньги', 'наивный', 'публика']"
1,1,0,1,1,1,1,1,1,1,1,0,1,0,0,0,1,0,0,0,1,1,"['обеспокоить', 'великий', 'мэр', 'главное', 'турникет', 'позволить', 'успешно', 'законопослушный', 'пассажир', 'общественный', 'транспорт', 'ходить', 'продолжать', 'график', 'знак-кавычки', 'знак-кавычки']"
0,1,0,0,0,0,1,0,0,1,0,0,0,0,0,0,1,0,0,0,1,1,"['схема', 'вероятно', 'обычный', 'россия', 'служить', 'сша', 'знак-кавычки']"
0,1,0,1,0,0,0,0,0,0,0,0,1,0,1,0,0,0,0,0,0,1,"['россия', 'считаться', 'сталь', 'мир']"
1,0,0,0,1,1,1,1,1,1,1,1,0,0,0,1,1,1,0,1,1,1,"['похожий', 'акция', 'устрашение', 'гражданин', 'видеть', 'насколько', 'хорошо', 'вооруженный', 'человек', 'призваный', 'простой', 'горожанин', 'знак-кавычки']"
0,1,0,1,0,0,0,0,0,0,0,0,0,0,1,0,0,0,0,0,0,1,"['способный', 'начать', 'один', 'чеченский', 'война', 'полностью', 'разбить', 'рфия', 'куча', 'мелкий', 'государство', 'сохранить', 'право']"
0,1,0,0,0,0,0,0,0,0,0,0,0,0,1,0,0,0,0,0,0,1,"['бугор', 'прикормить', 'гаишник', 'место', 'дачник']"
1,0,0,1,1,1,1,1,1,1,1,1,0,0,0,1,1,1,0,1,1,1,"['последний', 'время', 'приходить', 'понимание', 'партия', 'менять', 'любой', 'дорваться', 'власть', 'понимать', 'вечно', 'приняться', 'страна', 'утроенный', 'сила', 'суть', 'структура', 'текущий', 'поименно', 'допустить', 'пример', 'сайт', 'расти', 'яма', 'работать', 'недовольный', 'дорога', 'активный', 'пользоваться', 'знак-кавычки']"
0,1,0,0,0,0,0,0,0,0,0,0,1,0,0,0,0,0,0,0,0,1,"['совбез', 'лучший', 'год', 'часто', 'получать', 'возможность', 'квота', 'прочий', 'структура', 'знак-кавычки']"
0,0,1,1,0,0,0,0,0,0,0,0,0,1,1,0,0,0,0,0,0,1,"['отметить', 'собираться', 'регион', 'оставаться', 'процент-знак', 'налог', 'однозначно', 'хватить', 'реализация', 'ключевой', 'программа', 'знак-кавычки']"
0,0,0,0,0,0,0,0,0,0,0,0,1,0,0,0,0,0,0,0,0,1,"['один', 'оффициальный', 'игра', 'ева', 'сделать', 'зарабатывание', 'деньги', 'фанат', 'гайнакс', 'плохо', 'относиться', 'любой', 'сериал', 'последний']"
0,1,0,0,0,0,0,0,0,0,0,0,1,0,0,0,0,0,0,0,0,1,"['вызывать', 'действие', 'недовольство', 'формировать', 'социальный', 'база', 'силовик', 'обеспечивать', 'поддержка', 'общество', 'значит', 'возможность', 'бизнес', 'удовлетворение', 'личный', 'клановый', 'аппетит', 'амбиция', 'знак-кавычки']"
0,0,0,0,0,0,0,0,0,0,0,0,0,0,0,0,0,0,0,0,0,1,"['расширение', 'кругозор', 'непросвещенный', 'законодатель', 'наверное', 'необходимо', 'пояснить', 'отличить', 'бык', 'корова', 'нетрудно', 'улыбаться']"
0,0,0,0,0,0,0,0,0,0,0,0,0,0,0,0,0,0,0,0,0,1,"['направление', 'актуальный', 'год', 'стать', 'интернет', 'конечный', 'итог', 'знак-кавычки']"
1,1,0,1,1,1,1,1,1,1,1,1,0,0,0,1,1,1,0,1,1,1,"['оставаться', 'народ', 'поднять', 'земельный', 'квартира', 'транспортный', 'налог']"
1,0,0,1,1,1,1,1,0,1,0,1,0,0,0,1,0,1,0,1,1,1,"['господин', 'офицер', 'нахрен', 'оружие', 'давать', 'пристрелить', 'сначала', 'пара', 'предатель', 'липецкий', 'истребитель', 'пацан', 'отец', 'командир', 'лиш', 'самый', 'молодой', 'оказаться', 'герой', 'высказаться', 'сми', 'остальной']"
1,1,0,1,1,1,1,1,1,1,1,1,1,1,1,1,1,1,0,1,1,1,"['начинать', 'потихоньку', 'предприниматель', 'знак-кавычки']"
0,1,1,0,0,0,0,0,0,0,0,0,0,0,0,0,0,0,0,0,0,1,"['автомобиль', 'корова']"
1,1,1,1,1,1,1,1,1,1,1,1,1,1,1,1,1,1,0,1,1,1,"['дедушка', 'лукас', 'униматься', 'продолжать', 'золотоносный', 'сага']"
1,1,1,1,1,1,1,1,1,1,1,1,0,1,1,1,1,1,0,1,1,1,"['руководство', 'дружественный', 'белоруссия', 'продолжать', 'рассматривать', 'россия', 'корова', 'который', 'существенно', 'занизить', 'тариф', 'поставлять', 'ресурс']"
0,0,1,1,0,1,0,1,0,0,0,0,1,0,0,0,0,0,0,0,0,1,"['фактически', 'человек', 'стоять', 'сегодня', 'республика', 'руль', 'понимать', 'выгодно', 'россия', 'воевать']"
1,0,1,1,1,1,1,1,1,1,1,1,0,1,1,1,1,1,0,1,1,1,"['соображение', 'высказать', 'поздно', 'тема', 'интересный', 'покупка', 'установка', 'ерунда', 'самый', 'главный', 'обслуживание', 'подводный', 'течение', 'отдавать', 'один', 'рука', 'дойный', 'корова', 'способ', 'навалом', 'лучший', 'закрепить', 'пользователь', 'деньги', 'содержать', 'уверенный', 'ноутбук', 'работать', 'проблема', 'ключевой', 'момент', 'чистить', 'решетка', 'заборник', 'воздух', 'охлаждение', 'смазывать', 'подшипник', 'вентилятор', 'заменить', 'жесткий', 'диск', 'остальное', 'электроника', 'случай', 'вылет', 'выгодно', 'купить', 'новый', 'заинтересованный', 'помнить', 'советский', 'время', 'тело', 'мастерская', 'завалить', 'телевизор', 'пошевелить', 'лампа', 'стать', 'норма', 'записать', 'замена', 'трансформатор', 'хорошенько', 'думать', 'минниханов', 'советоваться', 'специалист', 'глупо', 'разбираться', 'пригласить', 'сторонний', 'завязать', 'дело']"
0,1,1,1,0,0,0,0,0,0,1,0,0,0,1,0,0,0,0,0,1,1,"['силовик', 'даль', 'масса', 'преференция', 'особенно', 'экономический', 'фронт', 'бизнес', 'покрывать', 'рейдер', 'изымать', 'актив', 'польза', 'правильный', 'собственник', 'душить', 'неудобный', 'конкурент', 'господь', 'наладить', 'нормально', 'работа', 'т.', 'ч.', 'агентурный']"
1,1,1,1,1,1,1,1,1,1,1,1,1,1,1,1,1,1,0,1,1,1,"['заявлять', 'транснациональный', 'корпорация', 'смысл', 'система', 'курс', 'большой', 'количество', 'центр', 'уважаемый', 'норбек', 'удосужиться', 'обеспечить', 'присущий', 'случай', 'социальный', 'пакет', 'сотрудник', 'наоборот', 'трутень', 'который', 'пытаться', 'деньги', 'стена', 'институт', 'идти', 'нешуточный', 'дрязг', 'знак-кавычки']"
1,1,1,0,1,1,1,1,1,1,1,1,1,0,0,1,1,1,0,1,1,1,"['нынешний', 'власть', 'который', 'кудрин', 'призванный', 'сохранять', 'статус-кво', 'страна', 'находиться', 'состояние', 'дойный', 'корова', 'доиться', 'перестать', 'хозяин', 'разбегаться', 'заранее', 'купить', 'зарубеж', 'местечко', 'оставить', 'население', 'бывший', 'подыхать', 'знак-кавычки']"
0,1,1,1,0,0,1,0,1,1,1,0,1,1,1,0,1,0,0,0,1,1,"['любой', 'обычный', 'человек', 'сырьевой', 'придаток', 'гос', 'машина', 'который', 'жизнь', 'выжимать', 'выкидывать']"
0,1,0,0,0,0,0,0,0,0,0,0,1,0,0,0,0,0,0,0,0,1,"['знать', 'рэкетир', 'приставать', 'давно', 'бизнес', 'голова', 'прийти', 'знак-кавычки']"
1,0,1,1,1,1,1,1,1,1,1,1,0,1,1,1,1,1,0,1,1,1,"['глупый', 'дурачок', 'который', 'знак-кавычки']"
1,1,1,1,1,1,1,1,1,1,1,1,1,1,1,1,1,1,0,1,1,1,"['протяжение', 'долгий', 'год', 'народ', 'страна', 'кормиться', 'один', 'жвачка', 'разный', 'начинка', 'россия', 'поддержка', 'верный', 'союзник', 'реальный', 'возможность', 'создание', 'единый', 'славянский', 'союз', 'белорус', 'подаваться', 'другой', 'угол', 'хитрый', 'государственник', 'батька', 'лихо', 'масквовский', 'олигарх', 'благо', 'процветание', 'хрустальный', 'сосуд']"
1,1,1,1,1,1,1,1,1,1,1,1,0,1,1,1,1,1,0,1,1,1,"['дама', 'откровенно', 'использовать', 'нагло', 'помыкать', 'манипулировать', 'срывать', 'негативный', 'эмоция', 'издержки', 'держать', 'постоянный', 'напряжение', 'должный', 'виноватый']"
1,1,1,1,1,1,1,1,1,1,1,1,0,1,1,1,1,1,0,1,1,1,"['далеко', 'владелец', 'дорогой', 'авто', 'усталь', 'бюджетный', 'корова', 'мешать', 'один', 'куча']"
1,1,1,0,1,1,1,1,1,1,1,1,0,0,1,1,1,1,0,1,1,0,"['мышь', 'крошечный', 'трубочка', 'специальный', 'электронный', 'оборудование']"
1,1,1,1,1,1,1,1,1,1,1,1,1,1,1,1,1,1,0,1,1,0,"['встретить', 'народный', 'ансамбль', 'песня', 'пляска', 'немедля', 'записаться', 'подмастерье', 'деревенский', 'умелец', 'который', 'научить', 'профессионально', 'корова', 'ковать', 'железо', 'заниматься', 'резьба', 'дерево', 'плести', 'макраме', 'многий', 'другой']"
1,1,1,1,1,1,1,1,1,1,1,1,0,1,1,1,1,1,0,1,1,0,"['матрена', 'хлев', 'корова']"
1,1,0,0,1,1,1,1,1,1,1,1,1,0,0,1,1,1,0,1,1,0,"['мобильный', 'доильный', 'установка', 'компания', 'позволять', 'корова', 'час', 'наличие', 'один', 'ведро']"
1,0,1,1,1,1,1,1,1,1,1,1,0,1,1,1,1,1,0,1,1,0,"['дояр', 'практиковать', 'ручной', 'доение', 'удвоить', 'молокоотдача', 'корова', 'одинаковый', 'время']"
1,0,1,1,1,1,1,1,1,1,1,1,0,1,1,1,1,1,0,1,1,0,"['женщина', 'идти', 'корова', 'появляться', 'дикий', 'сербский', 'полицейский', 'убить']"
1,1,1,1,1,1,1,1,1,1,1,1,0,1,1,1,1,1,1,1,1,0,['музыка']
1,1,0,0,1,1,1,1,1,1,1,1,1,1,1,1,1,1,0,1,1,0,"['один', 'условие', 'найм', 'умение', 'корова']"
1,1,1,1,1,1,1,1,1,1,1,1,0,1,1,1,1,1,0,1,0,0,"['детство', 'закончиться', 'год', 'вместе', 'земледелец', 'алтайский', 'край', 'работать', 'колхоз', 'придтись', 'пахать', 'сеять', 'корова', 'ухаживать', 'теленок', 'животное', 'косить', 'сено', 'молотить', 'хлеб']"
1,0,1,1,1,1,1,1,1,1,1,1,0,1,1,1,1,1,0,1,1,0,"['коза', 'легко', 'кормить', 'знак-кавычки']"
1,1,1,0,1,1,1,1,1,1,1,1,1,1,1,1,1,1,0,1,1,0,"['корова', 'мужчина', 'считать', 'почетный', 'обязанность', 'позволять', 'делать', 'женщина']"
1,1,1,0,1,1,0,1,0,0,1,1,1,1,0,1,0,1,0,1,0,0,"['деревня', 'один', 'натуральный', 'хозяйство', 'потянуть', 'нужный', 'рабочий', 'рука', 'жена', 'корова', 'сын', 'пчела', 'разбираться', 'дочка', 'баран', 'загонять', 'теленок', 'лошадь']"
1,1,1,1,1,1,1,1,1,1,1,1,1,1,1,1,1,1,0,1,1,0,"['сегодня', 'высоко', 'уровень', 'прошлый', 'год', 'один', 'фуражный', 'корова', 'сутки', 'хозяйство', 'район']"
1,1,0,1,1,1,1,1,1,1,1,1,1,0,0,1,1,1,1,1,1,0,"['год', 'корова', 'наслушаться']"
1,1,1,1,1,1,1,1,1,1,1,1,0,0,1,1,1,1,1,1,1,0,"['иностранка', 'прослезиться', 'пойти', 'корова']"
0,1,1,1,0,0,0,0,0,0,0,0,1,1,1,0,0,0,0,0,0,0,"['гоша', 'уметь', 'палец', 'корова', 'пародировать', 'звезда', 'политик', 'стать', 'дипломированный', 'инженер']"
1,1,1,1,1,1,1,1,1,1,1,1,1,1,1,1,1,1,0,1,1,0,"['муж', 'согласный', 'корова', 'село', 'отпустить', 'красноярск', 'сотня', 'км']"
1,1,0,1,1,1,1,1,1,1,1,1,1,0,0,1,1,1,0,1,1,0,"['начать', 'коза']"
1,0,1,0,1,1,0,1,0,0,0,1,0,1,1,1,0,1,0,1,0,0,"['живность', 'научиться', 'корова']"
1,1,1,1,1,1,1,1,1,1,1,1,1,1,1,1,1,1,0,1,1,0,"['корова', 'который', 'приносить', 'потомство', 'выпаивать']"
1,1,1,1,1,1,1,1,1,1,1,1,0,1,1,1,1,1,0,1,1,0,"['особо', 'выделяться', 'вопрос', 'работник', 'ардатовский', 'ферма', 'который', 'день', 'среднесуточный', 'надой', 'составлять', 'корова', 'кг', 'валовый']"
1,1,0,1,1,1,0,1,1,0,0,1,0,0,1,1,0,1,0,1,0,0,"['мария', 'вставать', 'рано', 'утро', 'приносить', 'вода', 'топить', 'печь', 'корова', 'ухаживать', 'скотина', 'готовить', 'завтрак', 'просыпаться', 'младший']"
0,0,1,0,0,0,0,0,0,0,0,0,0,1,1,0,0,1,0,0,0,0,"['кормить', 'поить']"
0,1,1,1,0,0,1,0,1,1,1,0,0,0,0,0,1,0,0,0,1,0,"['конкретно', 'предметный', 'вопрос', 'ооо', 'белгранкорм', 'сегодня', 'корова', 'лишний', 'килограмм', 'январь', 'год', 'отвечать', 'главный', 'специалист', 'отдел', 'программа', 'развитие', 'животноводство', 'растениеводство', 'управление', 'апк', 'район', 'чуприн', 'знак-кавычки']"
0,1,0,0,0,0,0,0,0,0,0,0,1,0,0,0,0,0,0,0,0,0,"['степанида', 'пытаться', 'показать', 'корова', 'давать', 'молоко', 'немец', 'сопротивление', 'избивать', 'хозяйка', 'знак-кавычки']"
0,1,1,1,0,0,0,0,0,0,0,0,0,1,1,0,0,0,0,0,0,0,"['подниматься', 'ранний', 'утро', 'корова', 'мама', 'обрабатывать', 'молоко', 'разливать', 'бутылка', 'вечер', 'футбольный', 'тренировка', 'доставлять', 'назначение']"
1,0,0,0,1,1,1,1,0,1,1,1,0,0,0,1,1,1,0,1,1,0,"['детство', 'корова', 'специально', 'брызгать', 'молоко']"
0,0,0,1,0,0,0,0,0,0,0,0,0,0,1,0,0,0,0,0,0,0,"['человек', 'корова', 'жить']"
0,0,1,1,0,0,1,0,1,1,1,0,0,1,1,0,0,0,0,0,1,0,"['отправляться', 'поле', 'рассвет', 'второй', 'петух', 'матерь', 'выходить', 'двор', 'корова']"
0,0,0,0,0,0,0,0,0,0,0,0,0,0,1,0,0,0,0,0,0,0,"['экзотический', 'проект', 'например', 'поездка', 'ферма', 'хоккайдо', 'север', 'япония', 'волонтер', 'придтись', 'корова', 'строить', 'стойло', 'овца']"
0,0,0,0,0,0,0,0,0,0,0,0,0,1,0,0,0,0,0,0,0,0,"['ходить', 'учиться', 'сосед', 'помогать']"
0,1,0,0,0,0,0,0,0,0,0,0,0,0,0,0,0,0,0,0,0,0,"['причина', 'щедрость', 'герр', 'хайнц', 'год', 'жить', 'территория', 'ссср', 'восточный', 'пруссия', 'корова', 'колхоз', 'соседний', 'поселок', 'юдино']"
0,0,1,0,0,0,0,0,0,0,0,0,0,1,0,0,0,0,0,0,0,0,"['дважды', 'сутки', 'заря', 'заход', 'солнце', 'животное', 'спокойный', 'уверенный', 'движение', 'рука', 'делать', 'древность', 'другой', 'женщина', 'предок']"
0,0,1,0,0,0,0,0,0,0,0,0,0,0,0,0,0,0,0,0,0,0,"['ребенок', 'плавать', 'река', 'играть', 'бейсбол', 'день', 'корова', 'вставать', 'час', 'ночь', 'встретить', 'бродячий', 'цирковой', 'труппа', 'выучиться', 'крутиться', 'самодельный', 'параллельный', 'брус', 'слыхать', 'взрослый', 'человек', 'заработать', 'жизнь', 'проводить', 'время', 'лаборатория', 'работать', 'физика']"
0,0,0,1,0,0,0,0,0,0,0,0,0,0,1,0,0,0,0,0,0,0,"['пойти', 'натаскать', 'вода', 'взять', 'сени', 'таз', 'очистка', 'сделать', 'пойло', 'принести', 'хлев']"
0,1,0,0,0,0,1,0,1,1,1,0,0,0,1,0,1,0,1,0,1,0,"['корова', 'взяться', 'некого', 'стать', 'ухаживать', 'закал']"
0,0,0,0,0,0,0,0,0,0,0,0,0,0,0,0,0,0,0,0,0,0,"['год', 'корова', 'нина', 'матвеевна', 'сселение', 'деревня', 'клюка', 'который', 'жить']"
0,0,0,1,0,0,1,0,1,1,1,0,0,0,1,0,1,0,0,0,1,0,"['нина', 'матвеевна', 'терпеть', 'беспорядок', 'браться', 'вилы', 'корова']"
1,1,0,0,1,1,1,1,1,1,1,0,0,0,0,0,1,0,0,0,1,0,"['пойти', 'буренка']"
0,0,1,0,0,0,0,0,0,0,0,0,0,0,0,0,0,0,0,0,0,0,"['костя', 'сморозить', 'давать', 'поддержать', 'доярня', 'доярка', 'уметь', 'правильно', 'корова', 'неправильный', 'доение', 'молоко', 'содержаться', 'процент-знак', 'мясо']"
1,0,0,0,0,0,0,0,0,0,0,0,0,0,0,0,0,0,0,0,0,0,"['идти', 'корова', 'емкость', 'называться', 'подойник', 'цибарка']"
0,0,0,0,0,0,1,0,1,1,1,0,0,0,0,0,1,0,0,0,1,0,"['прикинуть', 'пожить', 'ферма', 'хорватия', 'пить', 'парной', 'молоко', 'собирать', 'виноград', 'рука', 'корова', 'чистить', 'хлев', 'ослик', 'колоть', 'свинья', 'ммм', 'романтика']"
0,0,1,1,0,0,0,0,0,0,0,0,0,0,0,0,0,0,0,0,0,0,"['кооперативщик', 'устанавливать', 'правило', 'день', 'молоко', 'сдача', 'теплый']"
0,0,0,1,0,0,1,0,1,1,1,0,0,0,1,0,1,0,1,0,1,0,"['собирать', 'урожай', 'корова', 'нянчиться', 'ребенок']"
0,0,0,0,0,0,0,0,0,0,0,0,0,0,0,0,0,0,0,0,0,0,"['пора', 'подыматься', 'насилу', 'уняться', 'вздохнуть', 'корова', 'стадо', 'выпускать']"
1,1,0,1,1,1,1,1,1,1,1,1,0,0,1,1,1,1,0,1,1,0,"['коровушка', 'малыш', 'семья', 'поить']"
1,1,0,1,1,1,1,1,1,1,1,1,0,0,1,1,1,1,0,1,1,0,"['прижаться', 'огромный', 'смоковница', 'близко', 'почувствовать', 'запах', 'древесина', 'молоко', 'старый', 'грузинка', 'корова', 'тень', 'древний']"
0,0,0,0,0,0,0,0,0,0,0,0,0,0,0,0,0,0,0,0,0,0,"['коровка', 'каждый', 'день', 'молочко', 'ведро', 'приносить']"
1,0,0,1,1,1,1,1,1,1,1,1,0,0,1,1,1,1,0,1,1,0,"['израиль', 'тыс', 'литр', 'молоко', 'корова', 'тыс']"
1,0,0,1,1,0,1,0,1,1,1,1,1,0,1,1,1,0,0,0,1,0,"['говорить', 'спросить', 'корова']"
0,0,0,0,0,0,0,0,0,0,0,0,0,0,0,0,0,0,0,0,0,0,"['гость', 'заскучать', 'предлагаться', 'час', 'стать', 'фермер', 'строить', 'грузить', 'возить', 'варить', 'консервировать', 'знак-кавычки']"
0,0,1,1,0,0,0,0,0,1,1,0,0,1,1,0,0,0,0,0,0,0,"['корова', 'время', 'получить', 'молоко', 'содержать', 'мелатонин', 'называть', 'гормон', 'сон', 'применять', 'лечение', 'бессонница', 'обычный', 'знак-кавычки']"
0,1,0,1,0,0,0,0,0,0,0,0,0,0,0,0,0,0,0,0,0,0,"['год', 'корова', 'маленький', 'хозяйка', 'дома']"
0,0,0,1,0,0,0,0,0,0,0,0,0,0,1,0,0,0,0,0,0,0,"['горожанин', 'неумело', 'энтузиазм', 'собирать', 'виноград', 'корова', 'варить', 'сыр', 'давить', 'оливка', 'зависимость', 'сезон', 'специализация', 'ферма']"
0,0,0,0,0,0,0,0,1,1,0,0,0,1,1,0,0,0,0,0,1,0,"['патимат', 'время', 'корова', 'сарай']"
1,0,0,0,1,1,0,0,0,0,0,1,1,0,0,0,0,0,0,0,0,0,"['любимый', 'курочка', 'высиживать', 'яичко', 'купить', 'корова', 'продавать', 'молочко']"
0,0,0,0,0,0,0,0,0,0,0,0,0,0,0,0,0,0,0,0,0,0,"['корова', 'рано', 'видеть']"
1,0,1,0,1,1,0,1,0,0,0,1,0,1,0,1,0,1,0,1,0,0,"['принять', 'хозяйство', 'год', 'назад', 'кг', 'корова', 'тыс']"
0,0,0,0,0,0,0,0,0,0,0,0,0,0,0,0,0,0,0,0,0,0,"['мужчина', 'разбрасывать', 'навоз', 'пашня', 'пахать', 'сеять', 'молотить', 'выпасать', 'скот', 'перегонять', 'стричь', 'овца', 'косить', 'сено', 'заниматься', 'стр', 'вом', 'ремонт', 'жилой', 'хоз', 'помещение', 'заготовка', 'дрова', 'уход', 'лошадь', 'бык', 'изготовление', 'починка', 'орудие', 'ремесло', 'домашний', 'обиход', 'вид', 'промысел', 'обработка', 'шерсть']"
1,0,0,0,1,1,1,0,1,1,0,0,0,0,0,0,1,0,0,0,1,0,"['суперсовременный', 'дойка', 'приучить', 'процент', 'иметься', 'дойный', 'стадо', 'остальной', 'по-старому']"
0,1,0,0,0,0,0,0,0,0,0,1,0,0,0,1,0,0,0,1,0,0,"['однажды', 'простыть', 'поле', 'долго', 'болеть', 'поправиться', 'пойти', 'легкий', 'работа', 'ферма', 'корова', 'знак-кавычки']"
0,0,0,0,0,0,0,0,0,0,0,0,0,0,0,0,0,0,0,0,0,0,"['новый', 'коровник', 'село', 'жабский', 'один', 'доярка', 'стать', 'корова', 'затеваться', 'калиниченково', 'обслуживать', 'порядок', 'большой']"
0,0,0,0,0,0,0,0,0,0,0,0,0,0,0,0,0,0,0,0,0,0,"['понаслышке', 'знать', 'вставать', 'ранний', 'утро', 'управляться', 'хозяйство', 'корова', 'резать', 'ощипывать', 'потрошить', 'курица', 'утка', 'готовить', 'завтрак', 'обед', 'ужин']"
0,0,0,0,0,0,0,0,0,0,0,0,0,0,0,0,0,0,0,0,0,0,"['время', 'утро', 'сталь', 'крупный', 'рогатый', 'скот', 'привыкнуть', 'старый', 'перестроиться', 'новый', 'биоритм']"
1,0,0,0,1,1,1,1,1,1,1,1,0,0,0,1,1,1,0,1,1,0,"['иметься', 'предательство', 'живой', 'жизнь', 'время', 'прийти', 'корова', 'петр', 'петрович', 'оторваться', 'электронный', 'переписка', 'бутылка', 'водка', 'захватывающий', 'книга', 'жулик', 'милиционер', 'пустой', 'телефонный', 'болтовня', 'знак-кавычки']"
1,0,1,1,1,1,1,1,1,1,1,1,0,1,1,1,1,1,0,1,1,0,"['интересно', 'время', 'отдых', 'освоить', 'ремесло', 'например', 'научиться', 'плести', 'корзина', 'лоза', 'корова', 'прокатиться', 'трактор', 'лошадь', 'верхом']"
1,1,0,0,1,1,1,1,1,1,1,1,1,0,0,1,1,1,0,1,1,0,"['ассоциировать', 'привыкнуть', 'говорить', 'мехдойка', 'время', 'рука', 'день']"
1,1,0,1,1,1,1,1,1,1,1,1,0,0,1,1,1,1,0,1,1,0,"['новотельный', 'корова', 'ведро', 'переносный', 'аппарат']"
1,1,1,1,1,1,1,1,1,1,1,1,1,1,1,1,1,1,0,1,1,0,"['увольняться', 'американский', 'офицер', 'купить', 'ранчо', 'корова']"
1,1,1,1,1,1,1,1,1,1,1,1,0,1,1,1,1,1,0,1,1,0,"['оказываться', 'легенда', 'красивый', 'змейка', 'ночь', 'пробираться', 'стадо', 'корова']"
1,1,1,1,1,1,1,1,1,1,1,1,1,1,0,1,1,1,0,1,1,0,"['итог', 'коза', 'подрастать', 'становиться', 'мама', 'приходить', 'пора', 'папа', 'главный', 'дояр', 'звать', 'катька']"
1,1,1,1,1,1,1,1,1,1,1,1,1,1,1,1,1,1,0,1,1,0,"['судить', 'зима', 'ударить', 'жуткий', 'мороз', 'труба', 'замерзнуть', 'вода', 'вырубиться', 'ток', 'корова', 'приходиться', 'свеча', 'таня', 'сорвать', 'спина', 'федор', 'случиться', 'почечный', 'колика']"
1,1,1,1,1,1,1,1,1,1,1,1,1,1,1,1,1,1,0,1,1,0,"['наталья', 'слышаться', 'струя', 'молоко', 'шипение', 'наполнять', 'подойник']"
1,1,1,1,1,1,1,1,1,1,1,1,1,1,1,1,1,1,0,1,1,0,"['вымя', 'сочиться', 'кровь', 'подсыхать', 'сукровица', 'маланья', 'село', 'корова', 'испугать', 'измученный', 'боль', 'взбрыкнуть', 'нога', 'опрокинуть', 'подойник', 'задеть', 'лицо']"
1,1,1,1,1,1,1,1,1,1,1,1,1,1,1,1,1,1,0,1,1,0,"['подойник', 'наталья', 'земля', 'буренка', 'дело', 'дергаться', 'поджимать', 'брюхо', 'один', 'другой', 'задний', 'нога', 'отстраняться', 'долго', 'гладить', 'корова', 'чесать', 'ухо', 'снова', 'терпеливо', 'разминать', 'тугой', 'сосок']"
1,1,0,0,1,1,0,1,0,1,1,1,0,1,0,1,0,1,0,1,1,0,"['наталья', 'корова']"
1,0,1,1,1,1,1,1,1,1,1,1,0,1,1,1,1,1,0,1,1,0,"['сказать', 'советский', 'время', 'отдельный', 'хороший', 'показатель', 'сегодня', 'встречаться', 'герой', 'соцтруд', 'надой', 'тыс', 'кг', 'один', 'фуражный', 'корова', 'целый', 'район', 'область', 'который', 'молоко', 'становиться', 'норма', 'предприятие']"
1,1,1,1,1,1,1,1,1,1,1,1,1,1,1,1,1,1,0,1,1,0,"['утро', 'корова', 'уходить', 'табун', 'нормальный', 'вечер', 'прийти', 'сталь']"
1,1,1,1,1,1,1,1,1,1,1,1,0,1,1,1,1,1,0,1,1,0,"['часто', 'поразить', 'четверть', 'болезненный', 'корова', 'давать']"
1,0,1,0,1,1,1,1,1,1,1,1,1,1,0,1,1,1,0,1,1,0,"['скоро', 'корова']"
1,0,1,1,1,1,1,1,1,1,1,1,0,1,1,1,1,1,0,1,1,0,"['лицо', 'кривой', 'чип', 'осветиться', 'глупый', 'счастье', 'бывать', 'дикарь', 'который', 'обучить', 'корова', 'вакуумный', 'доильный', 'аппарат', 'стричь', 'овца', 'электрический', 'машинка']"
1,0,1,1,1,1,1,1,1,1,1,1,0,1,1,1,1,1,0,1,1,0,"['поселиться', 'полный', 'отрыв', 'цивилизация', 'дать', 'корова', 'коза', 'попасть', 'барашков', 'покататься', 'лошадка']"
1,0,1,1,1,1,1,1,1,1,1,1,0,1,1,1,1,1,0,1,1,0,"['солить', 'капуста', 'делать', 'ракета', 'торговать', 'колготки', 'корова', 'одновременно', 'один', 'предприятие']"
1,1,1,1,1,1,1,1,1,1,1,1,0,1,1,1,1,1,0,1,1,0,"['сажать', 'картошка', 'корова']"
1,0,1,1,1,1,1,1,1,1,1,1,0,1,1,1,1,1,0,1,1,0,"['дядя', 'гриша', 'смотреть', 'нюра', 'снять', 'колышек', 'выжарить', 'знойный', 'июльский', 'солнышко', 'подойник', 'ловкий', 'короткий', 'движение', 'подобрать', 'край', 'юбка', 'сгиб', 'колено', 'сзади', 'село']"
1,1,1,1,1,1,0,1,0,1,0,1,1,1,1,1,0,1,0,1,0,0,"['двор', 'молочный', 'ферма', 'корова']"
1,1,1,0,1,1,1,1,1,1,1,1,0,1,1,1,1,1,0,1,1,0,"['самый', 'дело', 'работать', 'компьютер', 'офис', 'станок', 'завод', 'торговать', 'магазин', 'корова', 'ферма', 'казаться', 'совсем', 'обязательно', 'размышлять', 'возникновение', 'вселенная', 'существование', 'бог', 'будущее', 'который', 'ожидать', 'человечество']"
1,1,0,1,1,1,1,1,1,1,1,1,0,0,1,1,1,1,1,1,1,0,"['поставщик', 'который', 'производить', 'яйцо', 'курица', 'корова', 'лихорадить', 'свободный', 'деньги']"
1,0,1,1,1,1,1,1,1,1,1,1,0,1,1,1,1,1,1,1,1,0,"['президент', 'новость', 'корова', 'интернет', 'живой']"
1,1,1,1,1,1,1,1,1,1,1,1,1,1,1,1,1,1,1,1,1,0,"['корова', 'жалко', 'день', 'специально', 'взорваться', 'произойти']"
1,1,1,1,1,1,1,1,1,1,1,1,1,1,1,1,1,1,0,1,1,0,"['корова', 'луг', 'молоко', 'течь', 'кожаный', 'мост', 'золотой', 'кувшин', 'ведро']"
1,0,0,1,1,1,1,1,1,1,1,1,0,0,1,1,1,1,0,1,1,0,"['другой', 'пожилой', 'больная', 'год', 'находиться', 'отделение', 'отвечать', 'вопрос', 'рассказать', 'ходить', 'лес', 'гриб', 'работать', 'поле', 'корова']"
1,0,1,1,1,1,1,1,1,1,1,1,0,1,1,1,1,1,0,1,1,0,"['мама', 'аня', 'наталья', 'ильинична', 'работать', 'колхоз', 'корова', 'трудиться', 'поле', 'выполнять', 'другой', 'задание', 'бригадир']"
0,0,1,1,0,0,1,0,1,1,1,0,0,1,1,0,1,0,0,0,1,0,"['пахать', 'двоить', 'корова', 'вдруг', 'один', 'начинать', 'ход', 'второй', 'говорить', 'давать', 'быстро', 'надзиратель', 'идти', 'знак-кавычки']"
1,0,1,1,1,1,1,1,1,1,1,1,1,1,1,1,1,1,1,1,1,0,"['самый', 'тяжелый', 'считать', 'сажать', 'картофель', 'кукуруза', 'лопата', 'зерно', 'вспахивать', 'земля', 'лошадь', 'корова', 'вручную', 'собирать', 'урожай']"
1,1,1,1,1,1,0,1,0,1,1,1,0,1,1,1,1,1,0,1,1,0,"['скоро', 'корова', 'погнать', 'теленок', 'пастись']"
0,1,1,1,0,0,0,0,0,0,0,0,0,1,1,0,0,0,0,0,0,0,"['животное', 'приходиться', 'вручную', 'родовой', 'место']"
1,1,1,1,1,1,1,1,1,1,1,1,1,1,1,1,1,1,0,1,1,0,"['идти', 'скотный', 'двор', 'пора', 'корова']"
1,1,1,1,1,1,1,1,1,1,1,1,0,1,1,1,1,1,0,1,1,0,"['схватить', 'подойник', 'лина', 'побежать', 'скотный', 'двор', 'приняться', 'корова']"
1,1,0,0,1,1,1,1,1,1,1,1,0,0,0,1,1,1,0,1,1,0,"['лина', 'быстро', 'обычно', 'брызги', 'лететь', 'сторона']"
0,0,0,1,0,0,1,0,1,0,0,0,0,1,1,0,1,0,0,0,1,0,"['отец', 'корова', 'косить', 'сено', 'молотить', 'хлеб', 'усердно', 'мякина', 'мошкара', 'облеплять', 'залить', 'лицо', 'словно']"
1,1,1,0,1,1,1,1,1,1,1,1,0,1,0,1,1,1,0,1,1,0,"['один', 'род', 'племя', 'молодой', 'год', 'швейцарец', 'грумпетер', 'корова', 'граф', 'фон', 'тельм', 'вывозить', 'тачка', 'коровий', 'навоз', 'вспахать', 'дымиться', 'поле', 'открыться', 'истинный', 'призвание']"
1,1,0,1,1,1,1,1,1,1,1,0,1,0,1,0,1,1,0,1,1,0,"['корова', 'революция', 'делать', 'надоть']"
1,1,1,1,1,1,1,1,1,1,1,1,0,1,1,1,0,1,0,1,1,0,"['поздно', 'сменить', 'скука', 'городской', 'комфорт', 'приокский', 'раздолье', 'жена', 'алена', 'иметь', 'сельский', 'жизнь', 'представление', 'отдаленный', 'удовольствие', 'копаться', 'огород', 'очередь', 'коза', 'кормить', 'карп', 'обживать', 'легкий', 'рука', 'иван', 'здешний', 'пруд']"
0,1,0,1,0,0,0,0,0,0,0,0,0,1,1,0,0,0,0,0,0,0,"['приукрашивать', 'просто', 'зафиксировать', 'изменение', 'психический', 'состояние', 'день', 'утренний', 'полусон', 'который', 'ежедневно', 'ехать', 'ферма', 'расти', 'остервенение', 'живой', 'конвейер', 'полный', 'отупение', 'позволять', 'испражняться', 'корова']"
0,1,0,1,0,0,0,0,0,0,0,0,1,0,0,0,0,0,0,0,0,0,"['вести', 'корова', 'продавать', 'ярмарка', 'останавливаться', 'самый', 'перекресток', 'получить', 'молоко', 'обмывать', 'копыто', 'делать', 'крест', 'крестец']"
0,0,0,0,0,0,0,0,0,0,0,0,0,0,0,0,0,0,0,0,0,0,"['женщина', 'нак', 'видно', 'количество', 'молоко', 'оставлять', 'желать', 'лучший']"
0,1,1,1,0,0,0,0,0,0,0,0,0,1,1,0,0,0,0,0,0,0,"['долг', 'остаться', 'молоко', 'сталь', 'залиться']"
0,0,0,0,0,0,0,0,0,0,0,0,0,0,0,0,0,0,0,0,0,0,"['обильномолочный', 'коза', 'начинать', 'козление']"
1,0,0,1,1,1,0,1,0,1,1,1,0,0,1,1,0,1,0,1,0,0,"['коза', 'неспециализированный', 'направление', 'обычно', 'отъем', 'козленок', 'месячный', 'возраст']"
1,1,0,0,1,1,0,1,0,1,1,1,1,1,0,1,0,1,0,1,1,0,"['рекомендоваться', 'коза', 'нижесредний', 'упитанность', 'матка', 'неспециализированный', 'молочный', 'порода', 'первый', 'лактация']"
0,0,0,0,0,0,0,0,0,0,0,0,0,1,1,0,0,0,0,0,0,0,"['коза', 'желательно', 'специальный', 'станок', 'фиксировать', 'устройство']"
0,0,0,0,0,0,0,0,0,0,0,0,0,0,0,0,0,0,0,0,0,0,"['чистый', 'сухой', 'рука', 'шерсть', 'вымя', 'выстричь']"
1,0,0,0,1,0,0,0,0,0,0,0,0,0,0,0,0,0,0,0,0,0,"['основной', 'задача', 'данный', 'специалист', 'измениться', 'корова', 'всячески', 'ухаживать']"
1,0,0,0,1,1,1,1,1,1,1,1,0,0,0,1,1,1,0,1,1,0,"['кормить', 'мятый', 'картошка', 'поросенок', 'готовить', 'пойло', 'корова', 'бросать', 'охапка', 'сено', 'кормушка', 'буренка']"
1,0,1,0,1,1,0,1,0,0,0,1,0,0,0,1,0,1,0,1,0,0,"['баба', 'надоть', 'коровушка', 'поить', 'стадо', 'гнать', 'ена', 'лавка', 'крятатец']"
0,0,1,0,0,0,0,0,0,0,0,0,0,1,0,0,0,0,0,0,0,0,"['высокопродуктивный', 'животное', 'первый', 'день', 'рекомендоваться', 'сутки']"
0,1,1,1,0,0,0,0,0,0,0,0,0,1,1,0,0,0,0,0,0,0,"['корова', 'любой', 'ничтожнейший', 'дело', 'выполнять', 'великий', 'ничтожный', 'равный', 'лицо', 'твой', 'знак-кавычки']"
0,0,1,1,0,0,0,0,0,0,0,0,0,1,0,0,0,0,0,0,0,0,"['утро', 'домашний', 'практически', 'ручной', 'коза']"
0,0,0,1,0,0,0,0,0,0,0,0,0,0,0,0,0,0,0,0,0,0,['кобылица']
0,0,0,0,0,0,0,0,0,0,0,0,0,0,0,0,0,0,0,0,0,0,"['день', 'час', 'вечер']"
0,1,0,0,0,0,0,0,0,0,0,0,0,0,0,0,0,0,0,0,0,0,"['маленький', 'гость', 'город', 'испытывать', 'восторг', 'кататься', 'пони', 'наблюдать', 'корова', 'рассматривать', 'карликовый', 'коза', 'территория', 'данный', 'зоологический', 'парк']"
0,0,0,0,0,0,0,0,0,0,0,0,0,0,0,0,0,0,0,0,0,0,"['один', 'доярка', 'приходиться', 'корова', 'день']"
0,0,0,0,0,0,0,0,0,0,0,0,0,0,0,0,0,0,0,0,0,0,"['пахарь', 'микки', 'веселый', 'фермер', 'пахать', 'земля', 'корова']"
0,0,0,0,0,0,0,0,0,0,0,0,0,0,0,0,0,0,0,0,0,0,"['далеко', 'организовать', 'предприятие', 'переработка', 'лес', 'пахать', 'поле', 'корова', 'заниматься', 'пчела', 'разведение', 'рыба', 'многий', 'другой']"
0,0,0,0,0,0,0,0,0,0,0,0,0,0,0,0,0,0,0,0,0,0,"['схватить', 'большой', 'чугунный', 'чаша', 'монах', 'выбежать', 'пещера', 'стать', 'поспешно', 'коза']"
0,0,0,0,0,0,0,0,0,0,0,0,0,0,0,0,0,0,0,0,0,0,"['интенсификация', 'производство', 'рациональный', 'использование', 'иметься', 'площадь', 'ресурс', 'экстенсивный', 'развитие', 'засеять', 'поставить', 'корова', 'стойло', 'плевать', 'коза', 'т.е.']"
0,0,0,0,0,0,0,0,0,1,0,0,0,1,0,0,0,0,1,0,0,0,"['день', 'бродить', 'лес', 'ловить', 'рыба', 'загорать', 'купаться', 'косить', 'трава', 'собирать', 'ягода', 'овощ', 'петь', 'песня', 'кататься', 'лошадь', 'корова', 'любоваться', 'восход', 'закат']"
0,0,0,0,0,0,0,0,0,0,0,0,0,0,0,0,0,0,0,0,0,0,"['корова', 'рекомендоваться', 'быстро']"
0,1,0,0,0,0,0,0,0,0,0,0,1,0,0,0,0,0,0,0,0,0,"['молозиво', 'давать', 'теленок', 'доение', 'корова', 'день', 'зависимость']"
1,1,0,0,1,1,0,1,1,0,0,1,0,0,0,1,0,1,0,1,1,0,"['век', 'перегон', 'скот', 'альпийский', 'пастбище', 'равнинный', 'луг', 'животное', 'отдыхать', 'деревушка', 'делать', 'молоко', 'мягкий', 'сыр']"
0,0,1,1,0,0,0,0,0,0,0,0,0,1,1,0,0,0,0,0,0,0,"['прабабушка', 'успевать', 'совхозный', 'корова', 'вести', 'домашний', 'хозяйство', 'воспитывать', 'маленький', 'ребенок']"
0,0,0,0,0,0,1,0,1,1,0,0,0,0,0,0,1,0,0,0,1,0,"['ранний', 'детство', 'приучить', 'труд', 'сестра', 'брат', 'работать', 'помогать', 'родитель', 'носить', 'дрова', 'кормить', 'курочка', 'небольшой', 'сумма', 'полоть', 'совхозный', 'поле', 'картофель', 'капуста', 'морковь', 'пробовать', 'корова']"
0,1,0,0,0,0,0,0,0,0,0,0,0,0,0,0,0,0,1,0,0,0,"['корова', 'печка', 'топить', 'пирог', 'морковь', 'капуста', 'печь']"
0,1,0,0,0,0,0,0,0,0,0,0,0,0,0,0,0,0,0,0,0,0,"['мехдойка', 'появиться', 'корова', 'вручную', 'надаивать', 'буренка', 'половина', 'тысяча', 'литр', 'молоко']"
0,1,1,0,0,0,0,0,0,0,0,0,1,1,0,0,0,0,0,0,0,0,"['знать', 'готовить', 'например', 'краса', 'россия', 'евгения', 'лаповый', 'сказать', 'уметь', 'корова', 'знак-кавычки', 'знак-кавычки']"
1,1,0,0,1,1,1,1,1,1,1,1,1,0,0,1,1,1,0,1,1,0,"['служить', 'устилать', 'ложе', 'свежий', 'лист', 'олень', 'вечер', 'утро', 'выводить', 'пастбище']"
1,1,0,0,1,1,0,1,0,0,0,1,1,0,0,1,0,1,0,1,0,0,"['забывать', 'помнить', 'смерть', 'олень', 'который', 'заливаться', 'слеза']"
1,0,1,0,1,1,1,1,1,1,1,1,0,1,0,1,1,1,0,1,1,0,"['жизнь', 'заставить', 'держать', 'корова']"
1,1,0,1,1,1,1,1,1,1,1,1,1,1,1,1,1,1,0,1,1,0,"['пресс', 'показ', 'новый', 'фильм', 'иван', 'дыховичный', 'вдох', 'выдох', 'явно', 'посторонний', 'человек', 'сказать', 'громко', 'сердце', 'деревня', 'утро', 'корова', 'сопливый', 'жрать', 'проблема', 'рука', 'снять', 'знак-кавычки', 'знак-кавычки']"
1,1,1,1,1,1,1,1,1,1,1,1,0,0,1,1,1,1,0,1,1,0,"['ферма', 'корова', 'рассматривать', 'возможность', 'расширение', 'производство']"
0,0,1,0,0,0,0,0,0,0,0,0,0,1,1,0,0,0,0,0,0,0,"['система', 'корова', 'час', 'зависимость', 'количество', 'установленный', 'робот']"
1,0,1,1,1,1,1,1,1,1,1,1,0,1,1,1,1,1,0,1,1,0,"['крестьянка', 'корова', 'вдыхать', 'целебный', 'пар', 'молоко', 'который', 'составлять', 'богатство', 'тамошний', 'деревня']"
1,1,1,1,1,1,1,1,1,1,1,1,1,1,1,1,1,1,0,1,1,0,"['корова', 'получиться']"
1,1,1,1,1,1,1,1,1,1,1,1,0,1,1,1,1,1,1,1,1,0,"['июль', 'женщина', 'корова', 'двор']"
0,0,1,1,0,0,0,0,0,0,0,0,0,1,1,0,0,0,0,0,0,0,"['маленький', 'мадина', 'хотеть', 'конь', 'поехать', 'настоящий', 'хадж', 'взять', 'верблюдица', 'который', 'везти', 'вещь', 'козочка']"
1,1,1,1,1,1,1,1,1,1,1,1,0,1,1,1,1,1,0,1,1,0,"['ночь', 'раган', 'колдовать', 'скотина', 'корова', 'ездить', 'верхом', 'стричь', 'овца']"
1,0,1,1,1,1,1,1,1,1,1,1,0,1,0,1,1,1,0,1,1,0,"['родильный', 'отделение', 'корова', 'обычно', 'содержать', 'привязь', 'переносной', 'ведро']"
1,0,1,1,1,1,1,1,1,1,1,1,0,1,1,1,1,1,0,1,1,0,"['корова', 'специальный', 'помещение', 'установка', 'елочка', 'который', 'оборудовать', 'устройство', 'раздача', 'концентрированный', 'корм']"
1,1,1,1,1,1,1,1,1,1,1,1,1,1,1,1,1,1,0,1,1,0,"['теленок', 'матерь', 'находиться', 'денник', 'переводить', 'профилакторий', 'корова', 'секция', 'новотельный', 'животное', 'двукратно', 'установка', 'елочка', 'знак-кавычки']"
0,1,1,0,0,0,0,0,0,0,0,0,0,1,0,0,0,0,0,0,0,0,"['ферма', 'электричество', 'водопровод', 'крестьянский', 'ребенок', 'малый', 'год', 'помогать', 'родитель', 'вести', 'хозяйство', 'сажать', 'убирать', 'овощ', 'корова', 'ухаживать', 'другой', 'животное', 'выполнять', 'необходимый', 'бытовой', 'работа']"
1,1,1,1,1,1,1,1,1,1,1,1,0,1,1,1,1,1,0,1,1,0,"['появление', 'колхоз', 'первый', 'техника', 'хозяйство', 'лошадь', 'корова', 'который', 'ухаживать', 'один', 'доярка', 'устинов', 'марфа', 'васильевна']"
1,0,1,1,1,1,1,1,1,1,1,1,0,1,1,1,1,1,0,1,1,0,"['радушный', 'хозяин', 'тетерить', 'удовольствие', 'показать', 'рассказать', 'кормить', 'домашний', 'птица', 'стричь', 'овечка', 'корова', 'ухаживать', 'лошадь']"
1,1,1,1,1,1,1,1,1,1,1,1,0,1,1,1,1,1,0,1,1,0,"['всякий', 'ясный', 'день', 'хороший', 'питание', 'самый', 'сильный', 'породистый', 'лошадь', 'стать', 'кляча', 'неспособный', 'работа', 'молочный', 'корова', 'перестать', 'питаться', 'гнилой', 'солома', 'урожай', 'прошлый', 'год', 'неподсдобить', 'ничтожный', 'продукт', 'отрубь']"
1,1,1,0,1,1,1,1,1,1,1,1,0,1,0,1,1,1,0,1,1,0,"['корова', 'научить', 'каждый', 'день', 'утро']"
1,1,1,0,1,1,1,1,1,1,1,1,1,1,0,1,1,1,0,1,1,0,"['опустить', 'немка', 'должный', 'корова', 'знак-кавычки']"
1,0,1,1,1,1,1,1,1,1,1,1,0,1,1,1,1,1,0,1,1,0,"['веление', 'режиссер', 'алан', 'бадоева', 'семенович', 'придтись', 'корова', 'возиться', 'прочий', 'сельский', 'живность', 'сюжет', 'оказываться', 'альпийский', 'деревня', 'вести', 'соответствующий', 'образ', 'жизнь']"
1,0,1,0,1,1,1,1,1,1,1,1,0,1,0,1,1,1,0,1,1,0,"['отойти', 'видеть', 'звездочка']"
1,1,1,1,1,1,1,1,1,1,1,1,1,1,1,1,1,1,0,1,1,0,"['корова', 'старый', 'невозможно']"
1,0,1,1,1,1,1,1,1,1,1,1,0,1,1,1,1,1,0,1,1,0,"['вить', 'канал', 'московский', 'хотеться', 'рассказывать', 'выезжать', 'далеко', 'мкад', 'дрова', 'рубить', 'корова']"
1,1,1,1,1,1,1,1,1,1,1,1,1,1,1,1,1,1,0,1,1,0,"['великобритания', 'семейный', 'ферма', 'специализироваться', 'производство', 'молоко', 'содержать', 'корова', 'удой', 'л', 'год']"
0,1,1,1,0,0,0,0,0,0,0,1,0,1,1,1,0,1,0,1,0,0,"['огород', 'шастать', 'корова', 'спать', 'ржать', 'белый', 'свет', 'выползать', 'старик']"
0,1,1,1,0,0,1,0,1,1,1,0,0,1,1,0,1,0,0,0,1,0,"['шепетовка', 'привыкнуть', 'читать', 'свежий', 'пресса', 'утро', 'женщина', 'корова', 'бидон', 'молочко', 'отправлять', 'муж', 'шахта', 'место', 'время', 'газета', 'говорить', 'журнал']"
1,0,1,1,1,1,1,1,1,1,1,1,0,1,1,1,1,1,0,1,1,0,"['антонина', 'михайловна', 'саша', 'виталий', 'коза']"
1,1,1,0,1,1,1,1,1,1,1,1,1,1,0,1,1,1,1,1,1,0,"['решить', 'один', 'фиксировать', 'задний', 'нога', 'второй', 'передний', 'третий', 'рог', 'антонина', 'михайловна', 'самый', 'опытный', 'придтись', 'знак-кавычки']"
0,1,0,1,0,0,0,0,0,0,0,0,1,1,1,0,0,0,0,0,0,0,"['сдерживаться', 'учтивый', 'спросить', 'уметь', 'корова', 'стричь', 'овца', 'косить', 'молотить']"
0,0,0,0,0,0,0,0,0,0,0,0,0,0,0,0,0,0,0,0,0,0,"['корова', 'спасти', 'верить', 'научиться']"
0,0,0,0,0,0,0,0,0,0,0,0,0,0,0,0,0,0,0,0,0,0,"['допустимый', 'страна', 'исправно', 'лить', 'чугун', 'пилить', 'древесина', 'молоко', 'выращивать', 'свинина', 'шинковать', 'мясной', 'консервы', 'обязательный', 'норма', 'резервирование', 'составлять', 'процент', 'депозит', 'коммерческий', 'банк', 'положенный', 'беспроцентный', 'вклад', 'центробанк']"
0,0,0,1,0,0,0,0,0,0,0,0,0,1,1,0,0,0,0,0,0,0,"['жена', 'очередь', 'носить', 'вода', 'дом', 'готовить', 'пшено', 'ручной', 'мельница', 'корова', 'приносить', 'молоко', 'хозяин']"
0,1,0,0,0,0,0,0,0,0,0,0,0,0,0,0,0,0,0,0,0,0,"['матрена', 'отличаться', 'трудолюбие', 'вставать', 'утро', 'тихо', 'вежливо', 'стараться', 'шуршать', 'топить', 'русский', 'печь', 'ходить', 'коза', 'вода', 'варить', 'чугунок']"
0,1,0,0,0,0,0,0,0,0,0,0,1,0,0,0,0,0,0,0,0,0,"['строгий', 'санитарный', 'норма', 'столичный', 'публика', 'лишиться', 'один', 'интересный', 'зрелище', 'задумка', 'создатель', 'ресторан', 'корова', 'должный', 'глаз', 'посетитель']"
0,0,0,0,0,0,0,0,0,0,0,0,0,0,0,0,0,0,0,0,0,0,"['несомненно', 'стоить', 'упомянуть', 'стать', 'затапливать', 'русский', 'печь', 'лезть', 'подполье', 'постоянно', 'говорить', 'картошка', 'бежать', 'амбар', 'лук', 'ставить', 'известно', 'разный', 'чугунок', 'готовить', 'пойло', 'теленок', 'давать', 'корм', 'корова', 'свинья', 'курица', 'процеживать', 'марля', 'молоко', 'разливать', 'всевозможный', 'банк', 'склянка', 'делать', 'тыща', 'дело', 'мягко', 'самовар', 'знак-кавычки']"
0,0,0,0,0,0,0,0,0,0,0,0,0,0,0,0,0,0,0,0,0,0,"['предназначенный', 'жертвоприношение', 'животное', 'нежелательно', 'стричь', 'шерсть', 'садиться', 'верхом']"
0,1,0,0,0,0,0,0,0,0,0,0,0,0,0,0,0,0,0,0,0,0,"['первотелка', 'соблюдение', 'правило', 'долго', 'старый', 'корова']"
0,0,0,0,0,0,0,0,0,0,0,0,0,0,0,0,0,0,0,0,0,0,"['возможность', 'быстро', 'непрерывно', 'прекращение', 'молокоотдача']"
0,0,0,0,0,0,0,0,0,0,0,0,0,0,0,0,0,0,0,0,0,0,"['общий', 'предок', 'работать', 'недалеко', 'дом', 'мужчина', 'пахать', 'женщина', 'корова', 'собака', 'рядом', 'крутиться']"
0,0,0,0,0,0,0,0,0,0,0,0,0,0,0,0,0,0,0,0,0,0,"['корова', 'сильно', 'снижать', 'удой', 'редко', 'совсем', 'прекращать']"
0,1,0,0,0,0,0,0,0,0,0,0,0,0,0,0,0,0,0,0,0,0,"['тыс', 'литр', 'покрой', 'издержки', 'который', 'заложить', 'государство', 'схема']"
0,0,0,0,0,0,0,0,0,0,0,0,0,0,0,0,0,0,0,0,0,0,"['например', 'узнавать', 'самка', 'животное', 'различный', 'страна', 'мир', 'получить', 'молоко']"
0,1,0,0,0,0,0,0,0,0,0,0,0,0,0,0,0,0,0,0,0,0,"['специальный', 'рур', 'коломыя', 'подключить', 'село', 'просто', 'конюшня', 'корова', 'молоко']"
0,0,0,0,0,0,0,0,0,0,0,0,0,0,0,0,0,0,0,0,0,0,"['яловый', 'матка', 'нередко', 'круглый', 'год']"
0,0,1,0,0,0,0,0,0,0,0,0,0,1,0,0,0,0,1,0,0,0,"['видеть', 'сад', 'высокий', 'белый', 'пастух', 'который', 'овца']"
0,0,0,0,0,0,0,0,0,0,0,0,0,0,0,0,0,0,0,0,0,0,"['первый', 'год', 'кг', 'молоко', 'корова']"
0,1,1,0,0,0,0,0,0,0,0,0,1,1,0,0,0,0,0,0,0,0,"['значит', 'уметь', 'рисовать', 'играть', 'фортепиано', 'владеть', 'монгольский', 'язык', 'корова', 'возить', 'комбайн', 'покос', 'пшеница', 'разрабатывать', 'аппарат', 'сбор', 'пыльца', 'фиалка', 'планировать', 'овладеть', 'техника', 'копирование', 'пол']"
0,0,0,1,0,0,0,0,0,0,0,0,1,0,0,0,0,0,0,0,0,0,"['проходить', 'час', 'объяснять', 'корова']"
0,0,0,0,0,0,0,0,0,0,0,0,1,0,0,0,0,0,0,0,0,0,"['хозяйство', 'вести', 'корова', 'кормить', 'трава', 'косить', 'огород', 'сажать', 'поливать', 'удобрять', 'окучивать']"
1,1,1,1,1,1,1,1,1,1,1,1,1,1,1,1,1,1,0,1,1,0,"['рука', 'утро', 'вечер']"
0,0,0,0,0,0,0,0,0,0,0,0,0,0,0,0,0,0,0,0,0,0,"['научиться', 'жить', 'земля', 'разбивать', 'лагерь', 'ставить', 'палатка', 'ездить', 'верхом', 'корова', 'разжигать', 'костер']"
0,1,0,0,0,0,0,0,0,0,0,0,0,1,0,0,0,0,0,0,0,0,"['деревня', 'чужой', 'позволить', 'присутствовать', 'корова', 'внезапный', 'убыль', 'молоко', 'кровавый', 'оттенок', 'приписать', 'дурной', 'глаз']"
0,0,0,0,0,0,0,0,0,0,0,0,0,0,0,0,0,0,0,0,0,0,"['правильно', 'плавно', 'сжимать', 'кулак', 'перебирать', 'палец']"
0,1,0,0,0,0,0,0,0,0,0,0,0,0,0,0,0,0,0,0,0,0,"['бывать', 'коза', 'первый', 'время', 'сложно', 'кричать', 'пытаться', 'вырваться', 'обычно', 'проходить']"
0,1,0,0,0,0,0,0,0,0,0,0,1,0,0,0,0,0,0,0,0,0,"['любой', 'случай', 'нежно', 'пытаться', 'использовать', 'нежный', 'массаж', 'вымя', 'улучшить', 'кровообращение', 'крем', 'доение', 'всякий', 'разный', 'облепиха', 'ромашка', 'пихта']"
0,1,1,0,0,0,0,0,0,0,1,0,1,0,0,0,0,0,0,0,0,0,"['привет', 'изначально', 'шебутной', 'долго', 'орать', 'привезти', 'фотка', 'скидывать', 'рог', 'погнуть', 'задний', 'копыто', 'один', 'половинка', 'обломать', 'вымя', 'никакой', 'отклонение', 'молоко', 'давать', 'вкусный', 'характер', 'дурной', 'стоять', 'ровно', 'жена', 'привязь', 'приходиться', 'держать', 'голова', 'второй', 'коза', 'козленок', 'старый', 'спокойный', 'послушный', 'часто', 'долбить', 'перегородка', 'угомонить', 'заскок', 'младший', 'стараться', 'нарушать', 'старшинство', 'корм', 'вода', 'впервый', 'очередь', 'старший']"
0,0,0,0,0,0,0,0,0,0,0,0,0,0,0,0,0,0,0,0,0,0,"['подземный', 'хлев', 'который', 'серна', 'лань']"
1,1,0,1,1,1,1,1,0,1,0,1,1,1,0,1,0,1,0,1,1,0,"['зелиген', 'частенько', 'помогать', 'фермер', 'собирать', 'урожай', 'пасть', 'корова', 'шить', 'вязать', 'открывать', 'любимец', 'тайна', 'целебный', 'растение', 'спасать', 'заплутать', 'лес']"
1,0,0,0,1,0,1,0,1,1,1,1,0,0,0,1,1,0,0,0,1,0,"['речь', 'продумать', 'заниматься', 'повседневный', 'работа', 'обедать', 'прохаживаться', 'улица', 'корова', 'ходить', 'мясной', 'бакалейный', 'лавка', 'корзинка', 'рука', 'накинуть', 'плечо', 'старый', 'серый', 'шарф', 'рядом', 'идти', 'маленький', 'сын', 'болтать', 'задавать', 'вопрос', 'начинать', 'капризничать', 'дергать', 'отец', 'длинный', 'худой', 'палец', 'тщетно', 'пытаться', 'заставить', 'отвечать']"
0,0,0,0,0,0,0,0,0,0,0,0,0,0,0,0,0,0,0,0,0,0,"['дивиря', 'сын', 'ответить', 'матрена', 'суховато', 'уйти', 'коза']"
0,1,1,0,0,0,0,0,1,1,1,0,0,0,0,0,0,0,0,0,0,0,"['провести', 'исследование', 'наличие', 'пестицид', 'продукт', 'почувствовать', 'страстный', 'желание', 'переехать', 'семья', 'экологически', 'чистый', 'место', 'остаться', 'сажать', 'огород', 'корова', 'бурить', 'колодец', 'поиск', 'вода']"
0,0,0,0,0,0,0,0,0,0,0,0,0,0,0,0,0,0,0,0,0,0,"['жена', 'галина', 'год', 'корова', 'кирпичный', 'забор']"
0,0,0,0,0,0,0,0,0,0,0,0,0,0,0,0,0,0,0,0,0,0,"['писать', 'краска', 'чужой', 'корова', 'запрещаться']"
0,0,0,0,0,0,0,0,0,0,0,0,0,0,0,0,0,0,0,0,0,0,"['альшеевский', 'район', 'каждый', 'год', 'приезжать', 'нэнэй', 'кортэтэй', 'ездить', 'велосипед', 'прочесывать', 'грядка', 'корова']"
0,1,0,0,0,0,1,0,1,1,1,0,0,0,0,0,1,0,0,0,1,0,"['человек', 'корова', 'кобылица', 'коза', 'овца', 'верблюд', 'олень', 'буйволица', 'ослица', 'самка', 'яков', 'зебу']"
0,0,0,0,0,0,1,0,1,1,1,0,0,0,0,0,1,0,0,0,1,0,"['отвечать', 'мерлин', 'надлежащий', 'женщина', 'скромность', 'поведать', 'король', 'однажды', 'девица', 'пойти', 'корова', 'повстречаться', 'рыцарь', 'горячий', 'сила', 'лишить', 'девственность']"
1,1,1,0,1,1,0,1,0,0,0,0,0,0,0,0,0,0,0,0,0,0,"['воспитанник', 'десятилетний', 'толя', 'посещение', 'взять', 'патронат', 'семья', 'восторг', 'говорить', 'дрова', 'научиться', 'колоть', 'корова', 'знак-кавычки']"
1,1,1,1,1,1,1,1,1,1,1,1,1,1,1,1,1,1,0,1,1,0,"['ферма', 'увидеть', 'роботизированный', 'рука', 'который', 'корова', 'рассказать', 'изобретение', 'оператор', 'бензоколонка', 'нико', 'ставеренный', 'знак-кавычки']"
1,1,1,0,1,1,0,1,1,1,1,1,0,1,0,1,1,1,0,1,1,0,"['корова', 'уметь']"
1,1,0,1,1,1,1,1,1,1,1,1,0,1,1,1,1,1,0,1,1,0,"['местный', 'житель', 'долгий', 'время', 'сидеть', 'пособие', 'безработица', 'вдруг', 'рвануть', 'обратно', 'сталь', 'корова', 'советский', 'год']"
1,1,1,0,1,1,1,1,1,1,1,1,0,1,0,1,1,1,0,1,1,0,"['важенка', 'получать', 'молоко']"
1,1,1,1,1,1,1,1,1,1,1,1,0,1,1,1,1,1,0,1,1,0,"['остановиться', 'очередной', 'женщина', 'достать', 'деревянный', 'мису', 'пристроить', 'нога', 'стать', 'корова']"
1,0,1,1,1,1,1,1,1,1,1,1,0,1,1,1,1,1,0,1,1,0,"['свет', 'топить', 'печь', 'кормить', 'скотина']"
1,0,1,1,1,1,1,1,1,1,1,1,0,1,1,1,1,1,0,1,1,0,"['юськ', 'дело', 'спросить', 'матрена', 'подходить', 'околица', 'усталый', 'утро', 'корова', 'двор', 'выпускать', 'сегодня']"
1,1,1,0,1,1,1,1,1,1,1,1,0,0,0,1,1,1,0,1,1,0,"['самый', 'проклятый', 'ныть', 'проходить', 'посмотреть', 'делать', 'врач', 'загубить', 'добрый', 'операция', 'направить', 'жить', 'хотеть', 'понимать', 'ходить', 'корова']"
1,1,0,0,1,1,1,1,1,1,1,1,1,0,0,1,1,1,1,1,1,0,"['корова', 'каждый', 'день', 'кормить', 'поить', 'корм', 'заготовлять', 'рано', 'утро', 'вставать', 'стадо', 'провожать', 'пасть']"
1,1,1,1,1,1,1,1,1,1,1,1,0,1,1,1,1,1,0,1,1,0,"['жена', 'богач', 'каждый', 'день', 'вставать', 'заря', 'кормить', 'скот', 'корова', 'подметать', 'двор', 'убирать', 'дом', 'варить', 'еда', 'вечер', 'готовить', 'муж', 'ненасытный', 'гость', 'вкусный', 'угощение']"
0,1,0,1,0,0,0,0,0,0,0,0,0,0,0,0,0,0,0,0,0,0,"['жена', 'хозяин', 'ведро', 'рука', 'выйти', 'скотный', 'двор', 'корова']"
1,1,1,0,1,1,1,1,1,1,1,1,0,1,0,1,1,1,0,1,1,0,"['эльмар', 'уверять', 'некоторый', 'горожанин', 'трудно', 'поверить', 'настолько', 'далекий', 'сельский', 'жизнь', 'представлять', 'браться', 'молоко', 'корова']"
1,1,1,1,1,1,1,1,1,1,1,1,0,1,1,1,1,1,0,1,1,0,"['возвращение', 'пастбище', 'готовить', 'овечий', 'молоко', 'сыр']"
1,1,1,1,1,1,0,1,0,1,1,1,1,1,1,1,0,1,0,1,0,0,"['копать', 'огород', 'стричь', 'овца', 'корова', 'жить', 'естественный', 'спокойный', 'медленный', 'жизнь']"
0,1,1,1,0,0,0,0,0,0,0,0,0,1,1,0,0,0,0,0,0,0,"['жизнь', 'человек', 'вставать', 'утро', 'ходить', 'ферма', 'корова', 'ребенок', 'добираться', 'школа', 'пешком', 'терпеть', 'нищета', 'труд', 'получать', 'копейка', 'вынужденный', 'покинуть', 'земля', 'хозяйство', 'распасться', 'закрыться', 'возвращаться', 'родина', 'новый', 'порядок', 'должный', 'пробираться', 'дальний', 'деревня', 'озеро', 'змеиный', 'болото', 'стоять', 'идти', 'знак-кавычки']"
1,1,1,1,1,1,1,1,1,1,1,1,1,0,1,1,1,1,0,1,1,0,"['молочный', 'ферма', 'ручной', 'корова', 'голова', 'приходиться', 'один', 'доярка']"
1,0,0,1,1,1,1,1,1,1,1,1,0,1,1,1,1,1,0,1,1,0,"['год', 'иисус', 'научиться', 'домашний', 'корова', 'ухаживать', 'остальной', 'животное']"
1,1,1,1,1,1,1,1,1,1,1,1,1,1,1,1,1,1,0,1,1,0,"['начало', 'пир', 'молодожены', 'корова']"
0,1,1,1,1,1,0,1,0,0,1,0,1,1,1,0,0,0,0,1,0,0,"['таня', 'тетя', 'корова', 'удивляться']"
0,1,1,1,0,0,0,0,0,0,0,0,0,1,1,0,0,0,0,0,0,0,"['история', 'рассказать', 'мама', 'маленький', 'жить', 'деревня', 'часто', 'ночевать', 'бабушка', 'очередной', 'ночь', 'бабушка', 'уйти', 'корова', 'дойка', 'происходить', 'определенный', 'время', 'поздно', 'мама', 'стать', 'смотреть', 'телевизор', 'который', 'стоять', 'окно', 'отчетливый', 'слышать', 'цокот', 'копытце']"
1,1,1,1,1,1,1,1,1,1,1,1,1,1,1,1,1,1,0,1,1,0,"['человек', 'верить', 'смеяться', 'слеза', 'пойти', 'бабушка', 'главное', 'утро', 'корова', 'мама', 'дочка', 'телек', 'смотреть', 'дом', 'улица', 'никто', 'выглядывать', 'бред', 'полный', 'однозначно', 'большой', 'минус']"
1,1,0,1,1,0,1,0,1,1,1,1,0,1,1,1,1,1,0,1,1,0,"['экскурсия', 'ассен', 'город', 'примерно', 'тысяча', 'население', 'ребенок', 'научиться', 'корова', 'стоять', 'центр', 'резиновый', 'всякий', 'желающий', 'подоить', 'нацедить', 'вода']"
0,0,1,1,0,1,1,0,1,1,1,1,0,1,1,1,1,1,0,1,1,0,"['швейцарец', 'перестать', 'корова', 'предаваться', 'меланхолический', 'игра', 'альпенхорн']"
0,1,1,1,0,0,1,0,1,1,1,0,0,1,1,0,1,0,1,0,1,0,"['корова', 'ночь', 'вставать', 'рано', 'утро']"
1,1,1,1,1,1,1,1,1,1,1,1,1,1,1,1,1,1,0,1,1,0,"['чабанов', 'овца', 'ореховый', 'скорлупа']"
1,1,1,0,1,1,1,1,1,1,1,1,1,1,0,1,1,1,0,1,1,0,"['подойник', 'давно', 'рассохнуться', 'некого', 'сушь']"
0,1,1,0,0,0,1,0,1,1,1,0,0,1,1,0,1,0,0,0,1,0,"['теленок', 'породистый', 'оставляться', 'матка', 'который', 'утро', 'дочиста']"
0,0,1,1,0,0,0,0,0,0,0,0,0,1,1,0,0,0,0,0,0,0,"['впервые', 'слышать', 'ссыльный', 'немецкий', 'ребенок', 'приходиться', 'корова', 'дважды', 'сутки', 'спать', 'зима', 'хлев', 'замерзнуть']"
1,1,1,1,1,1,1,1,1,1,1,1,0,0,1,1,1,1,0,1,1,0,"['гость', 'познакомиться', 'различный', 'домашний', 'животное', 'попробовать', 'корова', 'коза', 'покормить', 'птица', 'кролик', 'почистить', 'оседлать', 'конь', 'прокатиться', 'верхом']"
1,1,1,1,1,1,1,1,1,1,1,1,0,1,1,1,1,1,0,1,1,0,"['однажды', 'корова', 'люська', 'задавить', 'васенька']"
1,1,0,0,1,1,1,1,1,1,0,1,1,0,0,1,1,1,0,1,1,0,"['нравиться', 'солнышко', 'стать', 'теплый', 'знак-кавычки']"
1,1,1,1,1,1,1,1,1,1,1,1,1,1,1,1,1,1,1,1,1,0,"['кондиционер', 'холодить', 'зной', 'холод']"
1,1,0,0,1,1,1,1,1,1,1,1,0,0,0,1,1,1,0,1,1,0,"['самый', 'дело', 'современный', 'камин', 'топка']"
0,0,0,0,0,0,0,0,0,0,0,0,0,0,0,0,0,0,0,0,0,0,"['ваз', 'печка']"
0,0,1,0,0,0,0,0,0,0,0,0,0,1,0,0,0,0,0,0,0,0,"['отопление', 'электричество', 'самый', 'дорогой', 'важно', 'вода', 'система', 'спираль', 'тепловой', 'пушок']"
0,0,0,1,0,0,0,0,0,0,0,0,0,0,1,0,0,0,0,0,0,0,"['транспортировка', 'холодный', 'вода', 'любой', 'время', 'год', 'использоваться', 'гибкий', 'одинарный', 'теплоизолировать', 'труба', 'автоматический', 'кабель']"
0,0,0,0,0,0,0,0,0,0,0,0,0,0,0,0,0,0,0,0,0,0,"['антифриз', 'подкапотный', 'пространство', 'блок', 'далеко', 'масло']"
0,0,0,0,0,0,0,0,0,0,0,0,0,0,0,0,0,0,0,0,0,0,"['край', 'только-только', 'начинать', 'чувствоваться', 'первый', 'дуновение', 'весна', 'мальдивы', 'отчаянно', 'солнце', 'лазурный', 'вода', 'индийский', 'океан', 'ласково', 'омывать', 'прибрежный', 'песок']"
0,1,1,0,0,0,0,0,0,0,0,0,0,0,0,0,0,0,0,0,0,0,"['походный', 'условие', 'предпочтительный', 'носок', 'шерстяной', 'хлопчатобумажный', 'который', 'легко', 'сбиваться', 'образовывать', 'натирать', 'нога', 'складка', 'знак-кавычки']"
0,1,0,0,0,0,0,0,0,0,0,0,0,0,0,0,0,0,0,0,0,0,"['правда', 'сжатие', 'воздух', 'компрессор', 'станция', 'пневмозаправка', 'нагреваться', 'тепло', 'толк', 'атмосфера', 'знак-кавычки']"
0,1,0,0,0,0,0,0,0,0,0,0,1,0,0,0,0,0,0,0,0,0,"['мягкий', 'теплый', 'вещь', 'ребеночек', 'лютый', 'мороз', 'напоминать', 'жаркое', 'хорватский', 'лето']"
0,0,0,0,0,0,0,0,0,0,0,0,0,0,0,0,0,0,0,0,0,0,"['бриться', 'слушать', 'радио', 'завтрак', 'проветривать', 'комната', 'заучивать', 'иностранный', 'слово']"
0,0,0,0,0,0,0,0,0,0,0,0,0,0,0,0,0,0,0,0,0,0,"['рюмка', 'коньяк', 'ладонь', 'держать', 'огнь', 'дурной', 'тон']"
0,0,0,0,0,0,0,0,0,0,0,0,0,0,0,0,0,0,0,0,0,0,"['например', 'одновременно', 'вода', 'электрочайник', 'нагревать', 'котел', 'работать', 'телевизор', 'электроинструмент', 'вероятность', 'произойти', 'короткий', 'замыкание', 'большой']"
0,0,0,0,0,0,0,0,0,0,0,0,0,0,0,0,0,0,0,0,0,0,"['коттедж', 'сложный', 'система', 'отопление', 'батарея']"
0,0,0,0,0,0,0,0,0,0,0,0,0,0,0,0,0,0,0,0,0,0,"['вода', 'бассейн', 'заверять', 'градус', 'дочка', 'растроиться', 'хотеть', 'покупаться']"
0,0,0,1,0,0,0,0,0,0,0,0,0,0,0,0,0,0,0,0,0,0,"['холодильник', 'охлаждать']"
0,0,0,0,0,0,0,0,0,0,0,0,0,0,0,0,0,0,0,0,0,0,"['пуховик', 'который', 'храниться', 'расправить', 'вид', 'намного', 'долго', 'выглядеть', 'хорошо', 'отлично']"
0,0,0,1,0,0,1,0,1,1,1,0,0,0,1,0,1,0,0,0,1,0,"['светить', 'солнце', 'спина', 'черный', 'суконный', 'гимнастерка', 'лед', 'колоть', 'неохота']"
0,0,1,0,0,0,0,0,0,0,0,0,0,0,0,0,0,0,0,0,0,0,"['дрова', 'лето', 'сушить', 'зима', 'хорошо', 'гореть', 'знак-кавычки']"
1,1,0,0,1,0,0,1,0,0,0,0,1,0,0,0,0,0,0,0,0,0,"['изготовить', 'верблюжий', 'шерсть', 'обладать', 'позитивный', 'эффект', 'здоровье', 'сухой', 'тепло', 'кожа', 'потеть', 'микромассаж', 'улучшать', 'циркуляция', 'кровь']"
0,0,0,0,0,0,0,0,0,0,0,0,0,0,1,0,0,0,1,0,0,0,"['пластмассовый', 'труба', 'асбоцементный']"
0,0,0,0,0,0,0,0,0,0,0,0,0,0,0,0,0,0,0,0,0,0,"['электронагреватель', 'конец', 'разный', 'пластмассовый', 'труба']"
0,0,0,0,0,0,0,0,0,0,0,0,0,1,0,0,0,0,0,0,0,0,"['улица', 'морозно', 'солнце', 'светить']"
0,0,0,0,0,0,0,0,0,0,0,0,0,0,0,0,0,0,1,0,0,0,"['друг', 'смотреть', 'звездный', 'небо']"
0,0,0,0,0,0,0,0,0,0,0,0,0,0,0,0,0,0,0,0,0,0,"['конструкция', 'опалубка', 'должный', 'обеспечивать']"
0,0,0,0,0,0,0,0,0,0,0,0,0,0,0,0,0,0,0,0,0,0,"['опалубка', 'электрический', 'сопротивление', 'изоляция', 'нагреватель', 'коммутировать', 'разводка', 'должно', 'мом']"
0,1,0,0,0,0,0,0,0,0,0,0,1,0,0,0,0,0,0,0,0,0,"['уникальный', 'свойство', 'предлагать', 'дорожка', 'мобильность', 'простота', 'монтаж']"
0,1,0,0,0,0,0,0,0,0,0,0,1,0,0,0,0,0,0,0,0,0,"['суть', 'никакой', 'монтаж', 'требоваться', 'достаточно', 'разместить', 'сегмент', 'требовать', 'поверхность', 'подключить', 'сеть', 'электропитание']"
0,0,0,1,0,0,0,0,0,0,0,0,0,0,1,0,0,0,1,0,0,0,"['надеть', 'голова', 'полиэтиленовый', 'шапочка', 'оставить', 'волос', 'минута', 'фен', 'время', 'воздействие']"
0,1,0,0,0,0,0,0,0,0,0,0,1,0,0,0,0,0,1,0,0,0,"['солнце', 'светить']"
1,0,1,1,1,1,1,1,1,1,1,1,1,0,1,1,1,1,1,1,1,0,"['далее', 'движок']"
0,0,0,1,0,0,0,0,0,0,0,0,0,0,1,0,0,0,1,0,0,0,"['печка', 'нормально']"
0,0,1,1,0,0,0,0,0,0,0,0,1,0,1,0,0,0,1,0,0,0,"['зажигать', 'огонь', 'сковорода', 'печь', 'блин']"
1,1,1,0,1,1,1,1,1,1,1,1,1,0,0,1,1,1,1,1,1,0,"['предлагать', 'кабельный', 'ввод', 'тип', 'кабель', 'бронированный', 'небронированный', 'экранировать', 'плоский', 'проложить', 'труба', 'гибкий', 'металлорукав']"
1,1,1,1,1,1,1,1,1,1,1,1,1,1,1,1,1,1,1,1,1,0,"['отец', 'ребенок', 'дизелист', 'сомов', 'нога', 'приложить', 'подошва', 'сапог', 'печной', 'бок', 'мечтать', 'ордер', 'двухкомнатный', 'квартира']"
1,1,1,0,1,1,1,1,1,1,1,1,1,1,0,1,1,1,1,1,1,0,"['эйлат', 'самый', 'южный', 'город', 'израиль', 'который', 'мягкий', 'климат', 'зима', 'солнце', 'день', 'год']"
1,1,0,1,1,1,1,1,1,1,1,0,1,0,1,0,1,0,1,0,1,0,"['новый', 'вариант', 'который', 'применить', 'ванна', 'анонс', 'начало', 'ноябрь', 'раствор', 'керамический', 'нагреватель', 'паяльник', 'завязать', 'контроллер', 'температура']"
1,0,1,0,1,1,1,1,1,1,1,1,1,1,1,1,1,1,1,1,1,0,"['ограничение', 'емкость', 'ровно', 'количество', 'вода', 'который', 'необходимый', 'данный', 'момент']"
1,1,1,0,1,1,1,1,1,1,1,1,1,0,0,1,1,1,1,1,1,0,"['вода', 'воздух', 'помещение']"
1,1,0,0,1,1,0,1,0,0,0,1,0,0,1,1,0,1,1,1,0,0,"['эксплуатация', 'гарантироваться', 'высокий', 'уровень', 'безопасность', 'исключаться', 'выход', 'строй', 'пластина', 'ток', 'утечка', 'электрический', 'встроенный', 'деталь', 'вследствии', 'коррозия', 'металлический', 'часть', 'установка']"
1,0,1,1,1,1,1,1,1,1,1,1,1,1,1,1,1,1,1,1,1,0,"['взрывозащищенный', 'пластина', 'оснащаться', 'практически', 'любой', 'распределительный', 'защитный', 'шкаф', 'управление', 'аналитический', 'самый', 'различный', 'оборудование', 'взрывоопасный', 'объект']"
0,0,1,1,0,0,0,0,0,0,0,0,1,1,1,0,0,0,1,0,0,0,"['выливать', 'обратно', 'кастрюля']"
1,1,1,1,1,1,1,1,1,1,1,1,1,1,1,1,1,1,1,1,1,0,"['плохо', 'сохранять', 'тепло']"
1,0,0,1,1,1,1,1,1,1,1,1,0,1,1,1,1,1,1,1,1,0,"['материал', 'отлично', 'отводить', 'влага', 'тело', 'холодный', 'время', 'год', 'брюки', 'использовать', 'термобелье']"
1,0,1,1,1,1,1,1,1,1,1,1,1,1,1,1,1,1,1,1,1,0,"['место', 'вынужденный', 'пересечение', 'труба', 'температурный', 'шов', 'прокладывать', 'защитный', 'оболочка', 'длина', 'метр', 'предотвращать', 'жесткий', 'сцепление', 'контур', 'стяжка']"
0,1,1,1,1,1,1,1,1,1,1,0,1,1,1,0,0,1,1,1,1,0,"['подавать', 'коллектор', 'подсоединять', 'труба', 'разматывать', 'бухта', 'формировать', 'контур']"
0,0,1,1,0,0,1,0,0,1,0,1,1,1,1,1,1,1,1,1,1,0,"['зона', 'наибольший', 'потеря', 'монтироваться', 'дополнительный', 'спираль', 'общий', 'отдельный', 'контур']"
1,1,0,0,1,1,1,1,1,1,1,1,1,0,0,1,1,1,1,1,1,0,"['теплоноситель', 'обычно', 'использоваться', 'пар']"
1,0,0,0,1,1,0,1,0,0,0,1,0,0,0,1,0,1,1,1,0,0,"['подогрев', 'смазочный', 'масло', 'чувствительный', 'перегрев', 'навесной', 'теплообменник', 'крепиться', 'резервуар', 'воздушный', 'зазор', 'избежание', 'локальный', 'использование', 'пара', 'теплоноситель']"
1,1,0,0,1,1,1,1,1,1,1,1,1,0,0,1,1,1,1,1,1,0,"['стоить', 'производить', 'замена', 'индивидуальный', 'порядок', 'радиатор', 'стать', 'плохо', 'устраивать', 'внешний', 'вид']"
1,1,1,1,1,1,1,1,1,1,1,1,1,1,1,1,1,1,1,1,1,0,"['электричество', 'раскаливать', 'плавить', 'помин', 'электрический', 'печь']"
1,1,1,1,1,1,1,1,1,1,1,1,1,1,1,1,1,1,1,1,1,0,"['мефрау', 'фан', 'дама', 'нарядиться', 'шуба', 'весенний', 'солнце', 'улица', 'ступить', 'шаг']"
1,1,1,1,1,1,1,1,1,1,1,1,1,1,1,1,1,1,1,1,1,0,"['сперва', 'подумать', 'сдаваться', 'слегка', 'вздремнуть', 'солнышко', 'всякий', 'такой', 'знать', 'сидеть', 'подоконник']"
1,1,1,1,1,1,1,1,1,1,1,1,1,1,1,1,0,1,1,1,1,0,"['солнце', 'бить', 'дрожь']"
1,0,1,1,1,1,1,1,1,1,1,1,1,1,1,1,1,1,1,1,1,0,"['вначале', 'надлежать', 'подтянуть', 'питание', 'следом', 'делаться', 'штроб', 'ширина', 'глубина', 'см', 'участок', 'установка', 'термостат', 'стена', 'низкий', 'пол', 'мат', 'провод', 'сверху', 'заливаться', 'стяжка']"
1,1,1,1,1,1,1,1,1,1,1,1,1,1,1,1,1,1,1,1,1,0,"['матерчатый', 'сетка', 'который', 'вставить', 'тонкий', 'электрический', 'провод', 'разрезаться', 'фрагмент', 'тоненький', 'нагревательный', 'сохраняться', 'неразделимый']"
1,1,0,1,1,1,1,1,0,0,0,1,1,0,1,1,1,1,1,1,0,0,"['монтажный', 'лента', 'железный', 'полоса', 'просвет', 'см', 'лепесток', 'электропровод', 'крепиться', 'пол']"
1,1,1,1,1,1,1,1,1,1,1,1,1,1,1,1,1,1,1,1,1,0,"['стлаться', 'провод', 'пробел', 'укладка', 'см']"
1,1,1,1,1,1,1,1,1,1,1,1,1,1,1,1,1,1,0,1,1,0,"['волос', 'нанести', 'состав', 'ламинирование', 'горячий', 'фен']"
1,0,1,1,1,1,1,1,1,1,1,1,1,1,1,1,1,1,1,1,1,0,"['воздух', 'хорошо', 'компонент', 'надежно', 'держать']"
1,1,0,1,1,1,1,1,1,1,1,1,1,1,1,1,1,1,1,1,1,0,"['говорить', 'шапка']"
1,1,1,1,1,1,1,1,1,1,1,1,1,1,1,1,1,1,1,1,1,0,"['самый', 'популярный', 'время', 'путешествие', 'нижний', 'волга', 'апрель', 'рыба', 'клевать', 'практически', 'целый', 'день', 'мошкара', 'солнышко', 'приятно', 'луч']"
1,1,1,1,1,1,1,1,1,1,1,1,1,1,1,1,1,1,1,1,1,0,"['нравиться', 'лежать', 'плечо', 'рука']"
1,1,1,1,1,1,1,1,1,1,1,1,1,1,1,1,1,1,1,1,1,0,"['пламень', 'неизменно', 'притягивать', 'взор', 'завораживать']"
1,0,1,1,1,1,1,1,1,1,1,1,0,0,1,1,1,1,1,1,1,0,"['неприятность', 'приводить', 'использование', 'гибридный', 'насадка', 'сопло', 'скребок', 'который', 'краска', 'снимать', 'знак-кавычки']"
1,1,1,1,1,1,1,1,1,1,1,1,1,1,1,1,1,1,1,1,1,0,"['сосед', 'день', 'делать', 'ремонт', 'утро', 'перекрыть', 'горячий', 'вода', 'водичка', 'чайник', 'подняться', 'спросить', 'надолго', 'неудобно', 'бегать', 'туалет', 'каждый', 'минута', 'терпеть', 'подмываться', 'вежливо', 'наорать', 'восвояси', 'отправить', 'лежать', 'реветь', 'человек', 'беременный', 'относиться', 'самый', 'обидный', 'муж', 'бояться', 'жопа', 'целовать', 'дома', 'один', 'знак-кавычки']"
1,1,1,0,1,1,1,1,1,1,1,1,1,1,0,1,1,1,1,1,1,0,"['аккумулятор', 'греться', 'понятно', 'энергия', 'который', 'запасаться', 'рассеиваться', 'тепло']"
0,1,1,1,0,0,1,1,1,1,1,0,1,1,1,0,1,0,1,1,1,0,"['приготовление', 'вода', 'контур']"
1,1,0,0,1,1,1,1,1,1,1,1,1,1,0,1,1,1,1,1,1,0,"['нагреватель', 'топка', 'цилиндр', 'пр', 'рабочий', 'тело', 'высокотемпературный', 'тепловой', 'энергия', 'переходить', 'низкотемпературный', 'говорить', 'деградировать', 'совершать', 'механический', 'работа', 'знак-кавычки', 'знак-кавычки', 'знак-кавычки']"
0,1,1,1,0,0,0,0,0,0,0,1,1,1,1,1,0,1,1,1,0,0,"['монтаж', 'тонкий', 'мат', 'термоизоляция', 'укладываться', 'сборка', 'ненадежный', 'плитка', 'фольга', 'клеиться']"
0,1,1,1,0,0,1,0,1,1,1,0,1,1,1,0,1,0,1,0,1,0,"['класть', 'тонкий', 'мат', 'различие', 'температура', 'присутствовать', 'пол']"
1,1,0,1,1,1,0,1,0,0,0,1,1,1,1,1,1,1,0,1,0,0,"['радиатор', 'специальный', 'балансировочный', 'клапан', 'который', 'обеспечивать', 'правильный', 'расход', 'вода', 'результат', 'хорошо']"
1,1,0,1,1,1,1,1,1,1,1,1,1,0,1,1,1,1,0,1,1,0,"['пояснить', 'спираль', 'электроплитка', 'укорачивать', 'сильно', 'вопрос', 'знак-кавычки']"
0,0,1,1,0,0,0,0,0,0,0,0,0,1,1,0,0,0,1,0,0,0,"['мед', 'сахар', 'примерно', 'полкилограмма', 'пропорция', 'варьировать', 'смешивать', 'огнь', 'полный', 'растворение']"
1,0,1,0,1,1,0,1,0,0,0,0,1,0,0,0,0,0,1,0,1,0,"['прогревать', 'мотор', 'поездка', 'сосед', 'говорить', 'минусовый', 'температура', 'ехать']"
1,1,1,1,1,1,0,1,0,0,0,1,1,1,1,1,0,1,1,1,0,0,"['отвар', 'разливаться', 'равный', 'доля', 'посуда', 'один', 'часть', 'остужать', 'другой']"
1,1,1,1,1,1,1,1,1,1,1,1,1,1,1,1,1,1,1,1,1,0,"['условный', 'обозначение', 'водоводяной', 'теплообменник', 'вертикальный', 'тип', 'поверхность', 'теплообмен', 'рабочий', 'избыточный', 'давление', 'вода', 'трубный', 'система', 'мпа', 'корпус']"
1,1,1,1,1,1,1,1,1,1,1,1,1,1,1,1,1,1,1,1,1,0,"['май', 'сентябрь', 'солнце', 'час', 'июль', 'август']"
1,0,1,1,1,1,1,1,1,1,1,1,1,1,1,1,1,1,1,1,1,0,"['знать', 'сопротивление', 'материал', 'подобрать', 'сочетание', 'спрессовать', 'кирпич', 'пластина', 'долго', 'заданный', 'температурный', 'режим', 'энергия', 'потребовать', 'знак-кавычки']"
0,1,1,0,0,0,0,0,0,0,0,0,1,1,0,0,0,0,1,0,0,0,"['подкладка', 'натуральный', 'мех', 'выполнять', 'главный', 'зима', 'функция', 'нога']"
0,0,0,1,0,0,0,0,0,0,0,0,1,1,1,0,0,0,1,0,0,0,"['прохладно', 'солнышко']"
1,1,0,1,1,1,1,1,1,1,1,1,1,1,1,1,1,1,1,1,1,0,"['платить', 'многий', 'дом', 'батарея', 'лестница', 'давно', 'поснимать', 'остаться']"
1,1,0,0,1,0,1,0,1,1,1,1,1,0,0,1,1,0,1,0,1,0,"['утро', 'половина', 'шестой', 'вынужденный', 'кастрюля', 'жена', 'помыть']"
1,1,0,1,1,1,1,1,1,1,1,1,0,0,1,1,1,1,1,1,1,0,"['мурак', 'ладонь', 'кофейный', 'чашка', 'хмыкнуть']"
0,1,1,1,0,0,1,0,1,1,1,0,1,1,1,0,1,0,1,0,1,0,"['недостаток', 'обусловить', 'невысокий', 'интенсивность', 'работа', 'связанный', 'кипение', 'раствор', 'происходить', 'трубка', 'результат', 'последний', 'выделяться', 'накипь']"
1,1,1,0,1,1,1,1,1,1,1,1,1,1,1,1,1,1,1,1,1,0,"['снятие', 'дополнительный', 'нагрузка', 'строительный', 'конструкция', 'камера', 'опереть', 'нулевой', 'отметка', 'специальный', 'опора']"
0,1,1,1,0,0,0,0,0,1,1,1,1,1,1,1,0,1,1,1,0,0,"['применение', 'двухходовой', 'камера', 'суммарный', 'длина', 'теплообменный', 'трубка', 'увеличить', 'м', 'циркулировать', 'поток', 'раствор', 'составлять']"
1,1,1,1,1,1,1,1,1,1,1,1,1,1,1,1,1,1,1,1,1,0,"['циркулировать', 'раствор', 'двигаться', 'трубка', 'сверху', 'вниз', 'подъемный', 'труба', 'происходить', 'вскипание', 'снизу', 'вверх']"
1,1,0,0,1,1,1,1,1,1,1,1,1,0,0,1,1,1,1,1,1,0,"['размещение', 'камера', 'сепаратор', 'вынос', 'зона', 'кипение', 'подъемный', 'труба', 'высота', 'аппарат', 'металлоемкость', 'снижаться', 'обычный', 'естественный', 'циркуляция']"
1,1,1,0,1,1,1,1,1,1,1,1,1,1,0,1,1,1,1,1,1,0,"['основной', 'недостаток', 'связанный', 'кипение', 'раствор', 'происходить', 'трубка']"
0,1,1,1,1,1,0,1,1,1,1,0,1,1,1,1,0,0,1,1,1,0,"['улучшить', 'работа', 'продукционный', 'корпус', 'вынос', 'зона', 'кипение', 'трубка', 'аппарат', 'следовать', 'оснастить', 'труба', 'вскипание', 'необходимый', 'высота']"
1,1,0,0,1,1,1,1,1,1,1,1,1,0,0,1,1,1,1,1,1,0,"['вынос', 'зона', 'кипение', 'трубка', 'предотвратить', 'выделение', 'сода', 'забивка', 'способствовать', 'удлинение', 'срок', 'служба']"
1,1,1,0,1,1,1,1,1,1,1,1,1,0,0,1,1,1,1,1,1,0,"['насадить', 'шампур', 'мясо', 'вперемежку', 'кусочек', 'сало', 'лук', 'класться', 'готовый', 'угль', 'необходимо', 'дождаться', 'перестать', 'гореть', 'дымить', 'начать']"
1,1,1,1,1,1,1,1,1,1,1,1,1,1,1,1,1,1,1,1,1,0,"['окно', 'минус', 'печка', 'тепло', 'дом', 'жирный', 'посуда', 'хотеть', 'отмывать', 'разрекламировать', 'фейри', 'знак-кавычки']"
1,1,0,0,1,1,1,1,1,1,1,1,1,0,1,1,1,1,1,1,1,0,"['кофточка', 'флис', 'ребенок', 'комфортно', 'сковывать', 'движение']"
0,1,1,1,0,0,0,0,0,1,0,1,1,1,1,1,0,1,1,1,1,0,"['надевать', 'шапочка', 'волос', 'фен', 'климазон', 'минута']"
0,1,1,1,0,0,0,0,0,0,0,0,1,0,1,0,0,0,1,0,0,0,"['станция', 'вода']"
0,0,1,1,0,0,0,0,0,0,0,0,0,1,1,0,0,0,1,0,0,0,"['ядерный', 'топка', 'котел', 'вода', 'который', 'образовываться', 'пар', 'вращать', 'турбина', 'генератор']"
0,0,0,1,0,0,0,0,0,0,0,0,0,1,1,0,0,0,1,0,0,0,"['средний', 'полоса', 'россия', 'отдельный', 'взять', 'озеро', 'начать', 'круглогодичный', 'вода', 'привести', 'самый', 'неожиданный', 'последствие']"
0,0,1,1,0,0,0,0,0,0,0,0,0,0,0,0,0,0,1,0,0,0,"['жара', 'большинство', 'курортный', 'страна', 'спать', 'солнышко', 'ласково', 'вода', 'парной', 'молоко']"
0,0,0,0,0,0,0,0,0,0,0,0,1,0,0,0,0,0,1,0,0,0,"['запомнить', 'навсегда', 'поджелудочный', 'железа']"
0,0,0,1,0,0,0,0,0,0,0,0,0,0,1,0,0,0,1,0,0,0,"['полчаса', 'курить', 'заряжать', 'аккумулятор']"
0,0,0,0,0,0,0,0,0,0,0,0,0,0,0,0,0,0,1,0,0,0,"['весенний', 'солнышко', 'обманчивый', 'светить', 'слабо', 'ветерок', 'совсем', 'летний', 'период', 'весна', 'многие', 'начинать', 'болеть']"
0,1,1,1,0,0,0,0,0,0,0,0,1,0,1,0,0,0,1,0,0,0,"['горло', 'компресс', 'горчичник']"
0,0,0,0,0,0,0,0,0,0,0,0,1,0,0,0,0,0,1,0,0,0,"['хорошо', 'алоэ', 'расти', 'горшок', 'подоконник', 'окно', 'падать', 'свет', 'снизу', 'батарея']"
0,0,1,0,0,0,0,0,0,0,0,0,0,0,0,0,0,0,1,0,0,0,"['успеть', 'работа', 'приходиться', 'вода', 'электрочайник']"
0,1,0,1,0,0,1,0,1,0,1,1,1,0,1,1,1,0,1,0,1,0,"['инфракрасный', 'обогреватель', 'уложиться', 'полчаса']"
0,1,0,0,0,0,0,0,0,0,0,0,1,0,0,0,0,0,1,0,0,0,"['эйлат', 'мягкий', 'климат', 'зима', 'солнце', 'день', 'год']"
0,0,0,1,0,0,0,0,0,0,0,0,0,0,0,0,0,0,1,0,0,0,"['печка', 'хорошо', 'хотеться', 'быстро', 'прогреваться']"
0,0,0,0,0,0,0,0,0,0,0,0,1,0,0,0,0,0,1,0,0,0,"['ткань', 'хлопок']"
0,0,0,0,0,0,0,0,0,0,0,0,1,0,0,0,0,0,1,0,0,0,"['свойство', 'одежда', 'шелк', 'приятно', 'носить', 'любой', 'погода', 'холод', 'прохладный', 'жара']"
0,0,0,0,0,0,0,0,0,0,0,0,0,0,0,0,0,0,1,0,0,0,"['водяной', 'полотенцесушитель', 'отличать', 'необычный', 'дизайн', 'секция']"
0,1,0,0,0,0,0,0,0,0,0,0,1,0,0,0,0,0,0,0,0,0,"['охладитель', 'конденсат', 'применяться', 'цель', 'охлаждение', 'пара', 'подогреватель', 'невысокий', 'давление', 'сетевой', 'вода', 'установка', 'централизованный', 'теплоснабжение', 'подключить', 'грэс', 'тэц', 'фабричный', 'котельный']"
0,0,0,0,0,0,0,0,0,0,0,0,0,0,0,0,0,0,1,0,0,0,"['жар', 'выделять', 'охлаждение', 'конденсат', 'пара', 'дальнейший', 'применяться', 'подогрев', 'наиболее', 'студеный', 'основной', 'система', 'восстановление', 'турбоустановка', 'самый', 'служить', 'цель', 'экономия', 'тепло', 'цикл']"
1,1,0,0,1,0,0,0,0,0,0,0,1,0,0,0,0,0,1,0,0,0,"['охладитель', 'конденсат', 'должный', 'применяться', 'утилизация', 'тепло', 'пара', 'пароводяной', 'теплообменный', 'система', 'использовать', 'разный', 'тип', 'котельный', 'промышленный', 'технологический', 'неагрессивный', 'остужать', 'жидкость', 'горячий', 'вода', 'химический', 'водоочистка', 'установка', 'невысокий', 'мощность']"
0,0,0,0,0,0,0,0,0,0,0,0,0,0,0,0,0,0,1,0,0,0,"['лишний', 'металл', 'один', 'место', 'хорошо']"
0,1,1,0,0,0,0,0,0,0,0,0,1,0,0,0,0,0,1,0,0,0,"['недостаток', 'любой', 'водяной', 'система', 'являться', 'низкий', 'теплоотдача', 'использование', 'теплоноситель', 'безопасный', 'параметр', 'с.', 'температура', 'вода', 'следствие', 'старый', 'слабый', 'существующий', 'теплоснабжение', 'специальный', 'требование', 'проект', 'знак-кавычки', 'знак-кавычки']"
0,1,0,0,0,0,0,0,0,0,0,0,1,0,0,0,0,0,1,0,0,0,"['местный', 'житель', 'жаловаться', 'загазованность', 'легко', 'дышаться', 'гуляться', 'солнце', 'светить', 'зима']"
0,0,0,0,0,0,0,0,0,0,0,0,0,0,0,0,0,0,1,0,0,0,"['труба', 'течь', 'батарея']"
0,0,0,0,0,0,0,0,0,0,0,0,1,0,0,0,0,0,1,0,0,0,"['газовый', 'котел', 'протерм', 'переставать']"
0,0,0,0,0,0,0,0,0,0,0,0,0,1,0,0,0,0,1,0,0,0,"['костерик', 'лицо', 'рука', 'потрескивать', 'сук', 'сосняк']"
0,0,1,1,0,0,0,0,0,0,0,0,1,1,1,0,0,0,0,0,0,0,"['весенний', 'солнце', 'радовать']"
1,1,0,1,1,1,1,1,1,1,1,1,0,0,0,1,1,1,1,1,1,0,"['предпочитать', 'зима', 'нога', 'кресло', 'кухня', 'осень', 'желать', 'мерзнуть', 'спальня']"
0,0,0,0,0,0,1,0,1,0,0,0,0,0,0,0,1,0,1,0,1,0,"['долго', 'оставаться', 'небо', 'каждый', 'день', 'сильно']"
0,0,0,1,0,0,0,0,0,0,0,0,1,0,1,0,0,0,1,0,0,0,"['солнышко', 'начинать', 'сильно', 'происходить', 'природа']"
0,0,0,0,0,0,0,0,0,0,0,0,1,0,0,0,0,0,0,0,0,0,"['вспоминать', 'ухо', 'общий']"
0,0,0,0,0,0,0,0,0,0,0,0,1,0,0,0,0,0,1,0,0,0,"['аккумулировать', 'тепло', 'случай', 'отключение', 'электроэнергия', 'песок', 'долго', 'цыпленок']"
1,0,0,0,0,0,0,0,0,0,0,0,0,0,0,0,0,0,1,0,0,0,"['замуровать', 'плитка', 'провод', 'видно', 'хорошо']"
0,0,0,0,0,0,0,0,0,0,0,0,0,0,0,0,0,0,1,0,0,0,"['большой', 'степень', 'вероятность', 'муфта', 'место', 'соединение', 'нагревательный', 'кабель', 'подвести', 'питание', 'течение', 'время', 'влияние', 'кислый', 'среда', 'окислиться', 'электрический', 'разорваться', 'теплый', 'пол', 'больше', 'т.е.']"
0,0,0,1,0,0,1,0,1,1,1,0,0,0,1,0,1,0,1,0,1,0,"['керамический', 'покрытие', 'плоский', 'пластина', 'совокупность', 'обеспечивать', 'идеально', 'равномерный', 'распределение', 'тепло']"
0,0,0,0,0,0,0,0,0,0,0,0,1,0,0,0,0,0,1,0,0,0,"['инфракрасный', 'обогреватель', 'воздух', 'предмет', 'нагревать', 'принцип', 'солнце', 'направить', 'тепло', 'расстояние', 'метр', 'температура', 'равный', 'первоначальный']"
0,0,0,0,0,0,0,0,0,0,0,0,1,0,0,0,0,0,1,0,0,0,"['повесить', 'туалет', 'вывести', 'труба', 'ванная', 'работать', 'год', 'нарекание', 'исправно']"
0,0,0,0,0,0,0,0,0,0,0,0,1,0,0,0,0,0,1,0,0,0,"['сметь', 'шарить', 'холодильник', 'обед']"
0,0,0,0,0,0,0,0,0,0,0,0,0,0,0,0,0,0,1,0,0,0,"['результат', 'каждый', 'год', 'батарея', 'плохо']"
1,1,0,0,1,1,0,1,0,0,0,0,1,0,0,0,0,0,1,0,0,0,"['легко', 'укрывать', 'стенка', 'защищать', 'ветр', 'служить', 'естественный', 'накопитель', 'снег', 'заодно', 'глубина', 'см', 'тепло', 'поверхность']"
0,0,0,0,0,0,0,0,0,0,0,0,0,0,0,0,0,0,1,0,0,0,"['солнце', 'палить', 'мягко', 'сад', 'распуститься', 'цветок', 'мир', 'покой', 'снизойти', 'баня']"
0,0,0,0,0,0,0,0,0,0,0,0,1,0,0,0,0,0,1,0,0,0,"['использование', 'кабель', 'трубопровод']"
0,0,0,1,0,0,0,0,0,0,0,0,0,0,1,0,0,0,1,0,0,0,"['выход', 'создать', 'положение', 'служить', 'специальный', 'кабель', 'лента', 'который', 'иметь', 'способность', 'саморегулироваться', 'применить', 'поддержание', 'нужный', 'температура', 'любой', 'труба', 'пластик', 'металл']"
0,1,1,1,0,0,0,0,0,0,0,0,1,1,1,0,0,0,1,0,0,0,"['технология', 'применение', 'кабель', 'простой', 'эффективный', 'устанавливать', 'опасный', 'точка', 'зрение', 'промерзание', 'фрагмент', 'труба', 'производить', 'утепление', 'знак-кавычки']"
0,0,0,0,0,0,0,0,0,0,0,0,0,0,0,0,0,0,1,0,0,0,"['сегодняшний', 'день', 'наиболее', 'распространенный', 'способ', 'борьба', 'образование', 'наледь', 'применение', 'система', 'антиобледенение', 'основа', 'кабель']"
0,0,0,0,0,0,0,0,0,0,0,0,0,0,0,0,0,0,1,0,0,0,"['система', 'антиобледенение', 'основа', 'кабель']"
0,1,0,0,0,0,0,0,0,0,0,0,1,0,0,0,0,0,1,0,0,0,"['внедрение', 'система', 'антиобледенение', 'основа', 'кабель', 'условие', 'правильный', 'проектирование', 'учитывать', 'особенность', 'конструкция', 'кровля', 'позволять', 'полностью', 'исключить', 'образование', 'наледь', 'сравнительно', 'невысокий', 'цена', 'незначительный', 'энергопотребление', 'обеспечить', 'работоспособность', 'организованный', 'водосток', 'весенний', 'осенний', 'период']"
0,0,0,0,0,0,0,0,0,0,0,0,1,1,0,0,0,0,1,0,0,0,"['удельный', 'мощность', 'кабель', 'водосток', 'соответствовать', 'вт', 'метр', 'длина', 'увеличиваться', 'удлинение', 'м']"
0,0,0,0,0,0,0,0,0,0,0,0,0,0,0,0,0,0,1,0,0,0,"['узел', 'крепление', 'должный', 'надежный', 'долговечный', 'повреждать', 'оболочка', 'кабель']"
0,1,0,0,0,0,0,0,0,0,0,0,1,0,0,0,0,0,1,0,0,0,"['следовать', 'заметить', 'мягкий', 'кровля', 'применяться', 'специальный', 'метод', 'повреждать', 'крепление', 'кабель']"
0,0,0,0,0,0,0,0,0,0,0,0,1,0,0,0,0,0,1,0,0,0,"['получить', 'широкий', 'распространение', 'лоток', 'снегозадержание', 'снегоудаление', 'целесообразный', 'укладка', 'кабель', 'бетонный', 'цементно-песчаный', 'стяжка']"
0,0,0,0,0,0,0,0,0,0,0,0,1,0,0,0,0,0,1,0,0,0,"['самка', 'появляться', 'яйцо', 'запаковывать', 'кокон', 'тихий', 'солнечный', 'день', 'подниматься', 'наверх', 'солнышко', 'держать', 'задний', 'ножка']"
0,0,0,0,0,0,0,0,0,0,0,0,0,0,0,0,0,0,1,0,0,0,"['значение', 'тм', 'определяться', 'высший', 'температура', 'раствор', 'процесс', 'кипение', 'генератор', 'г', 'разность', 'источник', 'кипеть']"
0,0,0,0,0,0,0,0,0,0,0,0,1,0,0,0,0,0,1,0,0,0,"['рука', 'горячий', 'вода', 'наслаждаться', 'секунда', 'утренний', 'счастье']"
0,0,0,1,0,0,0,0,0,0,0,0,0,0,1,0,0,0,1,0,0,0,"['процедура', 'сила', 'здоровье', 'каждый', 'доступный', 'вода', 'электроприбор', 'состояние']"
0,0,0,0,0,0,0,0,0,0,0,0,1,0,0,0,0,0,0,0,0,0,"['собираться', 'погрузиться', 'работа', 'аполлон', 'аполлонович', 'камин', 'иззябнуть', 'рука', 'мозговой', 'игра', 'ограничивать', 'поле', 'сенаторский', 'зрение', 'продолжать', 'воздвигать', 'туманный', 'плоскость']"
0,1,0,1,0,0,0,0,0,0,0,0,1,0,1,0,0,0,1,0,0,0,['печка']
0,0,0,0,0,0,0,0,0,0,0,0,1,0,0,0,0,0,1,0,0,0,"['воспаление', 'тренировать', 'баня', 'горячий', 'ванна']"
0,0,0,0,0,0,0,0,0,0,0,0,0,0,0,0,0,0,0,0,0,0,"['надеяться', 'данный', 'информация', 'рекомендация', 'полезный', 'определить', 'оптимальный', 'каденс', 'вовремя', 'достаточно', 'пить', 'колено', 'столкнуться', 'медицинский', 'проблема', 'получать', 'удовольствие', 'катание', 'велосипед']"
0,0,0,0,0,0,0,0,0,0,0,0,0,0,0,0,0,0,1,0,0,0,"['изменение', 'температура', 'кабель', 'требоваться', 'применение', 'термостат']"
1,1,0,0,1,1,1,1,1,1,1,1,1,0,0,1,1,1,1,1,1,0,"['кабель', 'постоянный', 'ограниченный', 'мощность', 'выдавать', 'выходной', 'длина', 'поверхность']"
0,0,0,0,0,0,0,0,0,0,0,0,1,0,0,0,0,0,0,0,0,0,"['однофазный', 'кабель', 'применяться', 'низкий', 'температура', 'поддержание', 'заданный']"
0,1,0,1,0,0,0,0,0,0,1,0,1,0,1,0,0,0,1,0,0,0,"['легкий', 'воздушный', 'одеяло', 'комфортно', 'созранять', 'тепло', 'тело']"
0,1,1,1,0,0,0,0,0,0,0,0,0,1,1,0,0,0,1,0,0,0,"['пара', 'минута', 'влить', 'постепенно', 'бульон']"
0,0,0,0,0,0,0,0,0,0,0,0,1,0,0,0,0,0,1,0,0,0,"['володя', 'вода', 'газовый', 'плита', 'анатолий', 'георгиевич', 'лежать', 'спальник']"
0,0,1,1,0,0,1,0,1,1,1,0,1,1,1,0,1,0,1,0,1,0,"['наконец', 'потихоньку', 'начать', 'вода']"
0,0,0,0,0,0,0,0,0,0,0,0,0,0,0,0,0,0,1,0,0,0,"['сожаление', 'дождаться', 'хороший', 'солнечный', 'день', 'баня', 'достаточно', 'тепло', 'раздеться', 'вода', 'примус']"
0,0,0,1,0,0,0,0,0,0,0,0,0,0,1,0,0,0,1,0,0,0,"['батарея', 'плохо', 'знать', 'делать']"
0,1,0,0,0,0,0,0,0,0,0,0,1,0,0,0,0,0,1,0,0,0,"['приготовление', 'отвар', 'залить', 'стакан', 'кипяток', 'г', 'корень', 'малый', 'огнь', 'мина', 'настоять', 'процедить']"
1,1,0,1,1,1,1,1,1,1,1,1,1,0,1,1,1,0,1,1,1,0,"['день', 'жаркий', 'светить', 'солнце', 'израиль']"
0,1,0,0,0,0,0,0,0,0,0,0,1,0,0,0,0,0,1,0,0,0,"['предполагать', 'вода', 'потребоваться', 'котел', 'двухконтурный', 'встроенный', 'бойлер']"
0,0,0,0,0,0,0,0,0,0,0,0,0,0,0,0,0,0,1,0,0,0,"['принцип', 'работа', 'башня', 'несложный', 'поле', 'расположенный', 'множество', 'гелиостат', 'особый', 'зеркало', 'который', 'отслеживать', 'движение', 'солнце', 'перенаправлять', 'луч', 'вершина', 'соляной', 'раствор', 'передавать', 'энергия', 'вода', 'превращение', 'пар']"
0,0,0,0,0,0,0,0,0,0,0,0,1,0,0,0,0,0,1,0,0,0,"['провести', 'экспиремент', 'налить', 'суп', 'стакан', 'микроволновка', 'разный', 'продолжительность', 'время']"
0,0,0,0,0,0,0,0,0,0,0,0,1,0,0,0,0,0,1,0,0,0,"['смесь', 'заливать', 'вода', 'водяной', 'баня', 'минута', 'добавлять', 'кипяченый', 'начальный', 'объем']"
0,1,0,0,0,0,1,0,1,1,1,0,1,0,0,0,1,0,1,0,1,0,"['зима', 'небольшой', 'мороз', 'минус', 'ехать', 'страз', 'главное', 'стекло', 'чистый']"
0,0,1,0,0,0,0,0,0,0,0,0,0,0,0,0,0,0,1,0,0,0,"['вобщий', 'следовать', 'пример', 'один', 'недоумок', 'который', 'минута', 'зима', 'мотор', 'стоянка', 'нагреться', 'имбицил', 'возмущалсо']"
0,0,0,1,0,0,0,0,0,0,0,0,1,0,1,0,0,0,1,0,0,0,"['редко', 'бывать', 'свежий', 'воздух', 'солнечный', 'луч']"
0,0,0,0,0,0,0,0,0,0,0,0,0,1,0,0,0,0,1,0,0,0,"['кран', 'течь', 'теплый', 'жидкость', 'который', 'приходиться', 'газовый', 'плита']"
0,1,0,1,0,0,0,0,0,0,0,0,1,0,1,0,0,0,1,0,0,0,"['обогрев', 'дома', 'установка', 'система', 'теплый', 'пол', 'использовать', 'резистивный', 'кабель']"
0,1,0,0,0,0,0,0,0,0,0,0,1,0,0,0,0,0,1,0,0,0,"['никто', 'пиво', 'зима']"
0,0,1,0,0,0,0,0,0,0,0,0,0,0,0,0,0,0,1,0,0,0,"['фактически', 'энергетически', 'выгодно', 'просто-напросто', 'утеплить', 'кирпичный', 'стенка', 'снаружи', 'базальтовый', 'вата', 'пожаробезопасный', 'облицовка', 'другой', 'внутренность', 'печь', 'каменка', 'высокий', 'температура']"
0,1,0,0,0,0,0,0,0,0,0,0,1,0,0,0,0,0,1,0,0,0,"['сковородка', 'масло', 'чеснок', 'трава', 'опциональный', 'ароматизироваться']"
1,1,0,0,1,1,1,1,1,1,1,1,1,0,0,1,1,1,1,1,1,0,"['стол', 'нога', 'небольшой', 'жаровня']"
0,0,0,1,0,0,1,0,1,0,1,0,1,0,1,0,1,0,1,0,1,0,"['больше', 'носиться', 'тазик', 'кастрюлька', 'чайничек']"
1,1,0,0,1,1,1,1,1,1,1,1,1,1,0,1,1,1,1,1,1,0,"['постоянно', 'помешивать', 'смесь', 'водяной', 'баня', 'полный', 'растворение', 'получение', 'однородный', 'масса']"
0,1,1,1,0,0,0,0,0,0,0,0,1,1,1,0,0,0,1,0,0,0,"['лампа', 'должный', 'светить']"
1,1,1,1,1,1,1,1,1,1,1,1,1,1,1,1,1,1,1,1,1,0,"['лето', 'стоять', 'солнце', 'крышка', 'капот', 'нагреться', 'степень', 'строительный', 'фен', 'совсем']"
1,1,1,1,1,1,1,1,1,1,1,1,1,1,1,1,1,1,1,1,1,0,"['рано', 'крышка', 'капот', 'закрепить', 'стандартный', 'кусок', 'материя', 'зима', 'лежать', 'снег', 'начинать', 'двигатель', 'видно', 'сначала', 'оттаивать', 'проклеить', 'остальное', 'достаточно', 'быстро']"
1,1,1,1,1,1,1,1,1,1,1,1,0,1,1,1,1,1,1,1,1,0,"['обеденный', 'час', 'солнце', 'сильный', 'растение', 'терять', 'вода', 'результат', 'резко', 'снижаться', 'ассимиляционный', 'функция', 'лист']"
0,0,1,1,0,0,0,0,0,0,0,0,1,1,1,0,0,0,1,0,0,0,"['ребята', 'кутаться', 'плед', 'рука', 'горячий', 'чай', 'продолжать', 'игнорировать', 'сон', 'самый', 'утро', 'готовить', 'демонстрационный', 'стенд', 'проект', 'презентация', 'репетировать', 'доклад']"
1,1,1,0,1,1,1,1,1,1,1,1,1,1,0,1,1,1,1,1,1,0,"['обогрев', 'картер', 'пластина', 'позволять', 'масло', 'двигатель', 'нагреваться', 'быстро', 'минута', 'зависимость', 'окружающий', 'среда']"
1,1,1,1,1,1,1,1,1,1,1,1,1,1,1,1,1,1,1,1,1,0,"['пластина', 'легко', 'приклеить', 'блок', 'двигатель', 'антифриз']"
0,1,1,1,1,1,1,1,1,1,1,1,1,1,1,1,1,1,1,1,1,0,"['прозрачный', 'морской', 'волна', 'легкий', 'шорох', 'набегать', 'берег', 'солнышко', 'тело', 'разливаться', 'нега', 'отпускной', 'удовольствие']"
1,0,1,1,1,1,1,1,1,1,1,1,1,1,1,1,1,1,1,1,1,0,"['кабель', 'нагревательный', 'электрический', 'использовать', 'обогрев']"
1,1,1,1,1,1,1,1,1,1,1,1,1,1,1,1,1,1,1,1,1,0,"['чайник', 'нагревать', 'вода', 'считать', 'минута', 'термопот', 'выполнять', 'функция', 'термос', 'удобный', 'придтись', 'повторно', 'надолго', 'сохранить', 'температура']"
0,1,0,1,0,0,1,0,1,0,1,0,1,1,1,0,1,0,1,0,1,0,"['мокрый', 'пуховой', 'спальник']"
1,0,1,1,1,1,0,1,0,0,0,1,0,1,1,1,0,1,1,1,0,0,"['влажный', 'хорошо', 'сухой', 'синтепон']"
1,1,1,1,1,1,1,1,1,1,1,1,1,1,1,1,1,1,1,1,1,0,"['отпотеть', 'внутренность', 'плохо', 'радость', 'просыпаться', 'мокрый']"
1,1,1,0,1,1,1,1,1,1,1,1,1,1,0,1,1,1,1,1,1,0,"['прекрасно', 'мокрый', 'невыжатый', 'сохнуть', 'мнгновенно']"
1,1,1,1,1,1,1,1,1,1,1,1,1,1,1,1,1,1,1,1,1,0,"['солнышко', 'день', 'наконец', 'леша', 'разводить', 'костер', 'кипятить', 'чай', 'решить', 'позагорать']"
1,1,1,1,1,1,1,1,1,1,1,1,1,1,1,1,1,1,1,1,1,0,"['один', 'болт', 'удаться', 'вывернуть', 'придтись', 'газ', 'открутиться']"
1,0,1,1,1,1,1,1,1,1,1,1,1,1,1,0,1,1,1,0,1,0,"['ощущение', 'аппарат', 'сильно', 'мощность', 'радиатор']"
1,1,1,1,1,1,1,1,1,1,1,1,1,1,1,1,1,1,1,1,1,0,"['эфир', 'борный', 'кислота', 'гореть', 'объемный', 'слегка', 'зеленоватый', 'пламень', 'который', 'обжигать', 'ощутимо', 'спокойно', 'держать', 'рука']"
1,1,1,1,1,1,1,1,1,1,1,1,1,1,1,1,1,1,1,1,1,0,"['благодатный', 'огонь', 'температура', 'градус', 'цельсий']"
1,0,1,1,1,1,1,1,1,1,1,1,1,1,1,1,1,1,1,1,1,0,"['поставить', 'посуда', 'самый', 'слабый', 'нагрев', 'деление', 'ти', 'примерно', 'минута', 'стрелок', 'термоконтролер', 'достигнуть', 'середина', 'зеленый', 'поле']"
1,1,1,0,1,1,1,1,1,1,1,1,1,1,1,1,1,1,1,1,1,0,"['солнышко', 'светить', 'ласково', 'приветливо']"
1,1,1,1,1,1,1,1,1,1,1,1,1,1,1,1,1,1,1,1,1,0,"['день', 'байкер', 'продувать', 'ветер', 'мочить', 'дождь', 'светить', 'по-осеннему', 'солнце']"
1,1,1,1,1,1,1,1,1,1,1,1,1,1,1,1,1,1,1,1,1,0,"['обычно', 'вынимать', 'визуальный', 'тактильный', 'контроль', 'температура']"
1,0,1,0,1,1,1,1,1,1,1,1,1,1,0,1,1,1,1,1,1,0,"['мечта', 'каждый', 'человек', 'водоем', 'вблизи', 'теплый', 'день', 'солнышко']"
0,1,0,1,0,0,0,0,0,0,0,0,1,0,1,0,0,0,1,0,0,0,"['полуденный', 'солнце', 'нежить']"
1,1,1,1,1,1,1,1,1,1,1,1,1,1,1,1,1,1,1,1,1,0,"['котел', 'дом', 'здание', 'отапливаться', 'электрический', 'конвектор', 'камин']"
1,1,1,1,1,1,1,1,1,1,1,1,1,1,1,1,1,1,1,1,1,0,"['время', 'следить', 'грелка', 'показаться', 'остывать', 'снять', 'полотенце']"
1,0,1,1,1,1,1,1,1,1,1,1,1,1,1,1,1,1,1,1,1,0,"['заварить', 'стакан', 'кипяток', 'столовый', 'ложка', 'смесь', 'малый', 'огнь', 'минута']"
1,1,1,1,1,1,1,1,1,1,1,1,1,1,1,1,1,1,1,1,1,0,"['ночь', 'разложить', 'большой', 'костер', 'стать', 'вода', 'огромный', 'чан']"
1,0,1,1,1,1,1,1,1,1,1,1,1,1,1,1,1,1,1,1,1,0,"['ждать', 'теплый', 'море', 'солнце', 'который', 'сжигать', 'ласково', 'целебный', 'морской', 'воздух', 'великолепный', 'вид', 'мелководье', 'песчаный', 'дно', 'позволять', 'купаться', 'малыш', 'научиться', 'ходить', 'романтический', 'анапский', 'ночь', 'дивный', 'вино', 'кружить', 'голова']"
1,1,1,1,1,1,1,1,1,1,1,1,1,0,1,1,1,1,1,1,1,0,"['живой', 'зачарованно', 'смотреть', 'собирать', 'хранить', 'ладонь']"
1,1,1,1,1,1,1,1,1,1,1,1,1,1,1,1,1,1,1,1,1,0,"['сильно', 'греться', 'блок', 'потреблять', 'стабилизатор', 'радиатор', 'вода', 'кипятить']"
1,1,1,1,1,1,1,1,1,1,1,1,1,1,1,1,1,1,1,1,1,0,"['вставать', 'рабочий', 'день', 'идти', 'еда', 'кушать', 'собираться', 'работа']"
1,1,0,1,1,1,1,1,1,1,1,1,1,1,1,1,1,1,1,1,1,0,"['легкий', 'теплый', 'ветерок', 'ерошить', 'волос', 'щека']"
1,0,1,1,0,1,0,1,0,0,0,1,1,1,1,1,0,1,1,1,0,0,"['оказаться', 'цвет', 'полоска', 'совпадать', 'цветовой', 'гамма', 'гардероб', 'шарфик', 'отменно', 'шея', 'любой', 'мороз', 'ум', 'счастье']"
1,1,1,1,1,1,1,1,1,1,1,1,1,1,1,1,1,1,1,1,1,0,"['другой', 'тип', 'обогреватель', 'инфракрасный', 'передавать', 'тепловой', 'энергия', 'излучение', 'воздух']"
1,1,1,1,1,1,1,1,1,1,1,1,1,1,1,1,1,1,1,1,1,0,"['камень', 'костер', 'рядом', 'парилка', 'таскать', 'внутрь']"
0,1,0,0,0,0,0,0,0,0,0,0,1,1,0,0,0,0,1,0,0,0,"['последний', 'случай', 'понятно', 'мощный', 'горячий', 'видеокарта', 'дюймовый', 'модель', 'система', 'явно', 'сильно', 'процессор']"
1,1,1,1,1,1,0,1,0,0,0,0,1,0,1,0,0,0,1,0,0,0,"['погода', 'благоприятствовать', 'ярко', 'светить', 'солнце', 'видимый', 'знак', 'благоволение', 'божий', 'человек']"
1,1,1,1,1,1,1,1,1,1,1,1,1,1,1,1,1,1,1,1,1,0,"['чугунный', 'ванна', 'выбросить', 'хозяин', 'ненадобность', 'обычно', 'солнышко', 'вода', 'полив', 'огород']"
1,1,1,1,1,1,1,1,1,1,1,1,1,1,1,1,1,1,1,1,1,0,"['солнце', 'оказаться', 'способный', 'по-летнему', 'расщедриться', 'здешний', 'место', 'пробиться', 'неведомый', 'глубина', 'земной', 'тепло']"
0,1,0,1,0,0,0,0,0,0,0,0,1,1,1,0,0,0,1,0,0,0,"['стекать', 'воск', 'озябнуть', 'рука']"
1,1,1,1,1,1,1,1,1,1,1,1,1,1,1,1,1,1,1,1,1,0,"['давно', 'перестать', 'относиться', 'колготки', 'одежда', 'который', 'ножка']"
1,1,1,0,1,1,1,1,1,1,1,1,1,1,0,1,1,1,1,1,1,0,"['искусственный', 'шерстяной', 'нить', 'который', 'хорошо', 'колготки', 'акрил', 'быстро', 'скатываться']"
1,0,1,1,1,1,1,1,1,1,1,1,0,1,1,1,1,1,1,1,1,0,"['сильный', 'мороз', 'выбирать', 'колготки', 'добавка', 'хлопок', 'шерсть', 'самый', 'плотный', 'один', 'синтетика']"
0,0,0,0,0,0,0,0,0,0,0,0,1,0,0,0,0,0,1,0,0,0,"['желательно', 'перегревать', 'примерно', 'температура', 'тело']"
1,0,1,0,1,1,0,1,0,1,1,1,0,1,0,1,1,1,1,1,1,0,"['учесть', 'коньяк', 'хорошо']"
0,1,1,0,0,1,0,1,0,0,0,0,1,0,0,0,0,0,1,0,0,0,"['лыжа', 'намазать', 'печка', 'костер', 'смазывать', 'деготь']"
0,1,0,0,0,0,0,0,0,0,0,0,1,0,0,0,0,0,0,0,0,0,"['волна', 'качать', 'устать', 'тело', 'солнышко', 'подставить', 'плечо', 'другой', 'часть', 'легкий', 'ветерок', 'добавлять', 'ощущение', 'неописуемый', 'блаженство']"
0,0,0,0,0,0,1,0,1,1,1,0,0,0,0,0,1,0,1,0,1,0,"['вода', 'сосуд', 'кипятильник']"
0,0,0,0,0,0,0,0,0,0,0,0,1,0,0,0,0,0,1,0,0,0,"['морщина', 'лицо', 'необходимо', 'небольшой', 'количество', 'касторовый', 'масло', 'слегка', 'подогреть', 'рецепт', 'век', 'нанести', 'массажный', 'линия', 'помассировать']"
1,0,0,0,1,1,1,1,1,1,1,1,0,0,0,1,1,1,1,1,1,0,"['город', 'солнце', 'поливать', 'теплый', 'дождь']"
0,1,0,0,0,0,0,0,0,0,0,0,0,0,0,0,0,0,1,0,0,0,"['объект', 'представлять', 'никакой', 'сложность', 'каждый', 'студент', 'жизнь', 'вода']"
1,1,1,0,1,1,1,1,1,1,1,1,1,1,0,1,1,1,1,1,1,0,"['снова', 'сковорода', 'масло', 'разогреться', 'лук', 'мешать', 'минута', 'гриб', 'который', 'давно', 'вода', 'слить', 'другой', 'перец', 'класть', 'курица', 'помидор', 'наливать', 'бульон', 'соус', 'начать', 'закипать', 'оставлять', 'сторона', 'вливать', 'постоянно', 'крахмал', 'знак-кавычки']"
0,0,0,1,0,0,0,0,0,0,0,0,0,0,1,0,0,0,1,0,0,0,"['дама', 'рука', 'муфта', 'восхищаться', 'выстрел', 'затыкать', 'ухо']"
0,0,0,1,0,0,0,0,0,0,0,0,0,0,1,0,0,0,1,0,0,0,"['разжигать', 'буржуйка', 'жарить', 'картошка', 'кофе', 'знак-кавычки']"
1,0,0,0,1,1,1,1,1,1,1,0,0,0,0,0,1,0,1,0,1,0,"['элемент', 'обогревание', 'кровля', 'отдельный', 'участок', 'площадка', 'дом', 'использовать', 'алюминиевый', 'проводниковый', 'кабель', 'который', 'один', 'другой']"
0,1,1,0,0,0,0,0,0,0,0,0,1,1,0,0,0,0,1,0,0,0,"['увлажнитель', 'использоваться', 'особенный', 'полупроводниковый', 'нагреватель', 'высокий', 'температура', 'вода']"
1,1,0,0,1,1,1,1,1,1,1,1,1,1,1,1,1,1,1,1,1,0,"['дрова', 'прыгать', 'котел', 'гореть', 'ярко', 'жарко', 'варить', 'каша']"
0,1,0,0,0,0,0,0,1,0,0,0,1,0,0,0,0,0,1,0,1,0,"['солнышко', 'птица', 'весело', 'чирикать', 'небо', 'голубеть', 'праздничный', 'радостный', 'красивый']"
0,1,1,0,0,0,1,0,1,1,0,0,1,0,0,0,1,0,1,0,1,0,"['правда', 'каждый', 'осень', 'житель', 'начинаться', 'традиционный', 'ритуал', 'батарея', 'начать', 'нормально', 'вода', 'система', 'отопление', 'предварительно', 'слить']"
0,0,0,1,0,0,0,0,0,0,0,0,0,1,1,0,0,0,1,0,0,0,"['соль', 'азотный', 'кислота', 'отлично', 'удерживать', 'тепло', 'резервуар', 'вода', 'который', 'превращаться', 'пар', 'крутить', 'турбина']"
0,0,1,0,0,0,0,0,0,0,0,0,1,1,0,0,0,0,1,0,0,0,"['уютно', 'трещать', 'огонь', 'кофе', 'приятно', 'рука']"
0,1,1,0,0,0,0,0,0,0,0,0,1,0,0,0,0,0,1,0,0,0,"['понимать', 'вещь', 'наоборот', 'речь', 'идти', 'уменьшение', 'потеря', 'тепло', 'знак-кавычки']"
0,0,1,0,0,0,0,0,0,0,0,0,0,1,0,0,0,0,1,0,0,0,"['средство', 'земля', 'принадлежать', 'ясный', 'равно', 'солнце', 'дуть', 'ветер', 'ворожить', 'луна']"
0,0,1,0,0,0,0,0,0,0,0,0,0,0,0,0,0,0,1,0,0,0,"['пустой', 'труба', 'прочный', 'материал', 'сделать', 'потихоньку', 'разрушаться']"
0,0,0,0,0,0,0,0,0,0,0,0,1,0,0,0,0,0,1,0,0,0,"['помнить', 'первый', 'приятельница', 'гость', 'день', 'прийти', 'голова', 'вода', 'газовый', 'колонка']"
1,0,0,0,1,0,0,0,0,1,1,1,0,0,0,1,0,1,1,1,0,0,"['внизу', 'труба', 'находиться', 'горелка', 'тепло', 'идти', 'вверх', 'вода']"
0,0,1,1,0,0,0,0,0,0,0,0,0,1,0,0,0,0,1,0,0,1,"['самый', 'главное', 'процент-знак', 'обслуживание', 'происходить', 'телефон', 'интернет', 'голова', 'успеть', 'работа', 'забегать', 'ближайший', 'отделение', 'решить', 'вопрос']"
0,0,0,0,0,0,0,0,0,0,0,0,0,0,0,0,0,0,1,0,0,1,"['сердце', 'душа', 'жить', 'любить', 'маленький', 'фея', 'нежность']"
0,1,0,0,0,0,0,0,0,0,0,0,1,0,0,0,0,0,1,0,0,1,"['например', 'совсем', 'лозунг', 'товар', 'хороший', 'разный', 'каждый', 'дом']"
0,1,0,0,0,0,0,0,0,0,0,0,1,0,0,0,0,0,1,0,0,1,"['наверное', 'цифра', 'душа', 'житель', 'ветхий', 'пятиэтажка', 'который', 'предстоять', 'ощутить', 'радость', 'новосел', 'умалять', 'достоинство', 'выполнение', 'городской', 'программа', 'сосед', 'северо-западный', 'округ', 'кардинальный', 'улучшить', 'жилищный', 'условие', 'знак-кавычки']"
0,0,0,0,0,0,0,0,0,0,0,0,0,0,1,0,0,0,1,0,0,1,"['экспо-центр', 'спасибо', 'прогноз', 'погода', 'информация', 'душа', 'тело']"
0,1,0,0,0,0,0,0,0,0,0,0,1,0,0,0,0,0,1,0,0,1,"['приятно', 'иметь', 'квартира', 'приносить', 'польза', 'материальный', 'душа', 'знак-кавычки']"
0,0,0,0,0,0,0,0,0,0,0,0,0,0,0,0,0,0,1,0,0,1,"['смотреть', 'душа', 'ощущение', 'знак-кавычки']"
1,0,1,0,1,1,0,1,0,0,0,1,0,0,0,1,0,1,1,1,0,1,"['один', 'мысль', 'никто', 'платить', 'аренда', 'душа']"
1,1,0,0,1,0,0,0,0,0,0,0,1,0,0,0,0,0,1,0,0,1,"['радовать', 'безделица', 'волшебный', 'образ', 'действительно', 'вложить', 'душа', 'тепло', 'щедрый', 'сердце', 'словно']"
0,0,0,0,0,0,0,0,0,0,0,0,0,0,0,0,0,0,1,0,0,1,"['лихо', 'выруливать', 'прихватить', 'путь', 'тележка', 'скомандовать', 'невидимый', 'швейцар', 'открыть', 'дверь', 'войти', 'распахнуться', 'стеклянный', 'врата', 'фантастический', 'душа', 'любой', 'женщина', 'царство', 'шопинг', 'знак-кавычки']"
1,0,1,0,1,1,1,1,1,1,1,1,0,1,0,1,1,1,1,1,1,1,"['душа', 'мысль', 'впереди', 'грясти', 'продолжение']"
0,0,0,0,0,0,0,0,0,0,0,0,0,0,0,0,0,0,1,0,0,1,"['сначала', 'путин', 'душа', 'публичный', 'высказывание', 'ходорковский', 'рука', 'локоть', 'кровь', 'знак-кавычки']"
0,0,0,1,0,0,0,0,0,0,0,0,0,0,1,0,0,0,1,0,0,1,"['проповедь', 'изложить', 'книга', 'амбиция', 'эгоизм', 'который', 'самый', 'дело', 'сводиться', 'зарабатывание', 'деньги', 'улучшение', 'жизненный', 'условие', 'близкие', 'иметься']"
0,0,1,0,0,0,0,0,0,0,0,0,0,1,0,0,0,0,1,0,0,1,"['вкусный', 'новый', 'год', 'воспоминание', 'долго']"
0,0,0,0,0,0,0,0,0,0,0,0,0,0,0,0,0,0,1,0,0,1,"['душа', 'тешить', 'самолюбие']"
1,1,0,1,1,0,0,1,0,0,0,0,1,0,1,0,0,0,1,0,0,1,"['вероятно', 'житие', 'кирилл', 'вымысел', 'определить', 'славянин', 'полный', 'абсурд', 'патриарх', 'фотий', 'представлять', 'высший', 'византийский', 'власть', 'симфония', 'согласие', 'светский', 'духовный', 'грудь', 'змея', 'варвар', 'знак-кавычки', 'знак-кавычки']"
0,0,0,0,0,0,0,0,0,0,0,0,0,0,0,0,0,0,0,0,0,1,"['середина', 'январь', 'текущий', 'работа', 'любовь', 'окружать', 'вдохновлять', 'признание', 'душа']"
1,1,0,1,1,0,0,0,0,0,0,0,1,0,0,0,0,0,1,0,0,1,"['составлять', 'поздравление', 'требоваться', 'заранее', 'обязательно', 'привлекать', 'коллега', 'руководитель', 'обезличенный', 'общий', 'слово', 'приобрести', 'индивидуальный', 'характер', 'неожиданный', 'теплый', 'признание', 'маленький', 'профессиональный', 'заслуга', 'денежный', 'премия']"
0,0,0,0,0,0,0,0,0,0,0,0,0,0,0,0,0,0,1,0,0,1,"['молодец', 'дело']"
1,0,0,0,1,1,1,1,1,1,0,0,0,0,0,0,1,0,1,0,1,1,"['мысль', 'один', 'опаска', 'коситься', 'весы', 'душа']"
0,0,1,0,0,0,0,0,0,0,0,0,0,1,0,0,0,0,1,0,0,1,"['подушка', 'безопасность', 'который', 'душа', 'знак-кавычки']"
1,0,1,1,0,1,1,0,1,1,1,0,0,1,1,0,1,0,1,0,1,1,"['упасти', 'бог', 'случиться', 'учеба', 'проблема', 'настроение', 'твой', 'упасть', 'пятка', 'жизнь', 'душа', 'студент', 'сосед', 'любимый', 'дать', 'заскучать', 'думать']"
0,0,1,1,0,0,1,0,1,1,1,0,0,0,1,0,1,0,1,0,1,1,"['пустячок', 'душа']"
0,0,0,0,0,0,0,0,0,0,0,0,0,0,0,0,0,0,1,0,0,1,"['интересно', 'сделать', 'тюнинг', 'решетка', 'самостоятельно', 'гордость', 'радость', 'хорошо', 'работа']"
0,0,1,0,0,0,0,0,0,0,0,0,0,1,1,0,0,0,1,0,0,1,"['ацтек', 'кельт', 'карибский', 'кризис', 'интересно', 'идиотичный', 'заучивание', 'имя', 'сын', 'русский', 'князь', 'совершенно']"
0,0,0,0,0,0,0,0,0,0,0,0,0,0,0,0,0,0,1,0,0,1,"['эпизод', 'напоминать', 'юный', 'год', 'бесцельно', 'бродить', 'поддерживать', 'сердце', 'мысль', 'случай', 'мать', 'изначальный', 'образ', 'женственность', 'защитить', 'любой', 'опасность']"
1,0,1,1,1,1,1,1,1,1,1,1,0,1,1,1,1,1,1,1,1,1,"['желать', 'удача', 'протяжение', 'жизнь', 'татуировка', 'радовать', 'глаз', 'душа']"
1,0,1,0,1,1,1,1,1,1,1,1,0,1,1,1,1,1,1,1,1,1,"['данный', 'случай', 'преподаватель', 'профессиональный', 'самооценка', 'опускание', 'ученик', 'другой', 'ниже', 'высоко', 'знак-кавычки']"
0,0,1,1,0,0,0,0,0,0,0,1,0,1,1,1,0,1,1,1,0,1,"['многие', 'сознание', 'душа', 'помогать', 'расслабиться']"
0,0,1,0,0,0,0,0,0,0,0,0,1,1,0,0,0,0,1,0,0,1,"['мысль', 'квартира']"
1,1,0,1,1,1,1,1,1,1,1,1,1,1,1,1,1,1,1,1,1,1,"['график', 'табличка', 'схемка', 'расти', 'позиция', 'поисковик', 'душа', 'свидетельствовать', 'эффективный', 'продвижение', 'следовательно', 'работа', 'сайт']"
0,0,0,1,0,0,0,0,0,0,0,0,1,0,1,0,0,0,1,0,0,1,"['строгость', 'изящный', 'душа', 'старый', 'память', 'видно', 'чуждый', 'ден', 'знак']"
0,0,0,0,0,0,0,0,0,0,0,0,0,0,0,0,0,0,1,0,0,1,"['жизнь', 'пройти', 'миг', 'один', 'любовь', 'душа', 'родиться', 'дочь', 'сын', 'стареть']"
0,0,0,0,0,0,0,0,0,0,0,0,0,0,0,0,0,0,1,0,0,1,"['мечта', 'возможность', 'помножить', 'профессионализм', 'богатый', 'опыт', 'залог', 'свадьба', 'который', 'остаться', 'память', 'навсегда', 'душа', 'теплый', 'воспоминание', 'год']"
0,0,0,0,0,0,1,0,1,1,1,0,0,0,0,0,1,0,1,0,1,1,"['далеко', 'каждый', 'девушка', 'являться', 'интересный', 'личность', 'обладать', 'богатый', 'внутренний', 'мир', 'сознание', 'душа', 'изюминка', 'знак-кавычки']"
0,0,1,0,0,0,0,0,0,0,0,0,0,0,0,0,0,0,1,0,0,1,"['решить', 'упороться', 'руна', 'маленький', 'чит', 'код', 'жизнь', 'повредить', 'осознание', 'делать', 'практически', 'руник', 'древний', 'скандинав', 'дико']"
1,0,0,1,0,0,0,0,1,0,1,0,0,0,1,0,0,0,1,0,1,1,"['внутри', 'душа', 'значит', 'достижение', 'условие', 'честный', 'ощущение']"
0,0,1,1,0,0,1,0,1,1,1,0,0,0,1,0,1,0,1,0,1,1,"['здорово', 'сплачивать', 'душа']"
0,0,1,1,0,0,0,0,0,0,0,0,0,1,0,0,0,0,1,0,0,1,"['замечательный', 'расцветка', 'дизайн', 'айпад', 'уникальный', 'внешний', 'вид', 'который', 'душа', 'любой', 'русский', 'человек']"
1,1,0,0,1,1,1,1,1,0,0,0,1,0,0,0,1,0,1,0,0,1,"['подобный', 'новость', 'душа']"
1,1,0,0,1,0,0,1,0,0,1,0,1,0,0,0,0,0,1,0,0,1,"['честно', 'поддержка', 'близкий', 'человек', 'отказаться', 'сердце']"
1,0,0,1,1,1,1,1,1,1,1,1,1,0,1,1,1,1,1,1,1,1,"['красивый', 'утро', 'солнце', 'который', 'блестеть', 'сердце']"
1,0,1,1,1,1,1,0,1,1,1,1,0,1,1,0,1,1,1,1,1,1,"['прожить', 'последний', 'жизнь', 'сделать', 'сегодня', 'чувство', 'мир']"
1,0,1,1,1,1,1,1,1,1,1,1,0,1,1,1,1,1,1,1,1,1,"['небольшой', 'кусочек', 'родина', 'исполнение', 'приятно', 'душа']"
1,0,1,1,1,1,1,1,1,1,1,1,1,1,1,1,1,1,1,1,1,1,"['освещать', 'вокруг']"
1,1,1,1,1,1,1,1,1,1,1,1,1,1,1,1,1,1,1,1,1,1,"['звать', 'новый', 'подвиг', 'прежний', 'успех', 'побеждать', 'немецкий', 'формула', 'бмв', 'сильно', 'выступать', 'евросерия', 'команда', 'отец', 'стать', 'первый', 'чемпион', 'серия', 'знак-кавычки', 'знак-кавычки']"
0,1,1,1,0,0,1,0,1,1,1,0,1,1,1,0,0,0,1,0,1,1,"['душа', 'компания', 'который', 'планировать', 'принять', 'участие', 'выставка', 'сан-франциско']"
1,0,1,1,0,1,0,1,0,0,0,1,0,1,1,1,0,1,0,1,0,1,"['ребенок', 'тепло', 'человеческий', 'сердце']"
1,1,1,1,1,1,1,1,1,1,1,1,0,1,1,1,1,1,1,1,1,1,"['перспектива', 'ничто', 'согревать', 'простой', 'тепло', 'незаменимый', 'общение', 'человек', 'собака']"
1,1,1,1,1,1,1,1,1,1,1,1,1,1,1,1,0,1,1,1,1,1,"['предстоящий', 'заварушка', 'достаться', 'мысль', 'остальной', 'скоро', 'хороший']"
1,1,0,0,1,1,1,1,1,1,1,1,1,0,0,1,1,1,1,1,1,1,"['мечта', 'большой', 'окрылять', 'будоражить', 'кровь', 'манящий', 'душа']"
1,1,1,0,1,1,1,1,1,1,1,1,1,1,0,1,1,1,1,1,1,1,"['душа', 'культ', 'халява', 'неискоренимый', 'сердце']"
0,0,1,1,0,0,0,0,0,1,0,0,0,1,1,0,0,0,1,0,0,1,"['беларусь', 'придыхание', 'произнести', 'замечательный', 'фраза', 'который', 'отныне', 'необыкновенно', 'знак-кавычки', 'знак-кавычки']"
1,0,1,1,1,1,1,1,1,1,1,1,1,1,1,1,1,1,1,1,1,1,"['год', 'казантип', 'подарить', 'замечательный', 'фото', 'пляж', 'принцесса', 'уходящий', 'солнце', 'радовать', 'глаз', 'душа']"
1,0,1,0,1,1,0,1,0,0,0,1,0,1,0,1,0,1,1,1,0,1,"['равный', 'ничто', 'толком', 'помнить', 'суметь', 'записать', 'перелив', 'превращение', 'участник', 'обстоятельство', 'сознание', 'зря', 'спать']"
0,1,0,0,0,0,0,0,0,0,0,0,1,0,0,0,0,0,1,0,0,1,"['душа', 'спасательный', 'сумма', 'карточка', 'целый', 'тысяча', 'большой', 'деньги']"
1,0,1,1,1,1,1,1,1,1,1,0,1,1,1,0,1,0,1,0,1,1,"['душа', 'дневной', 'время', 'сильно', 'занятый', 'рабочий', 'место']"
1,0,1,1,1,1,1,1,1,1,1,1,1,1,1,1,1,1,1,1,1,1,"['мысль', 'рот', 'наполняться', 'слюна', 'ожидание', 'удовольствие', 'юлька', 'неделя']"
0,0,0,1,0,0,0,0,0,0,0,0,1,0,1,0,0,0,1,0,0,1,"['учиться', 'профессия', 'который', 'кормить', 'выучиться', 'душа']"
1,1,0,0,1,1,0,1,0,0,0,1,1,0,0,1,0,1,1,1,0,1,['карман']
1,1,1,1,1,1,1,1,1,1,1,1,1,1,1,1,1,1,1,1,1,1,"['результат', 'потихоньку', 'капать', 'доход', 'душа']"
0,0,0,0,0,0,0,0,0,0,0,0,0,0,0,0,0,0,1,0,0,1,"['особенно', 'душа', 'факт', 'москва', 'прилететь', 'неумолимо', 'приблизиться', 'осень']"
1,0,1,1,1,1,1,1,1,1,1,1,0,1,1,1,1,1,1,1,1,1,"['угощать', 'человек', 'стих', 'который', 'выбить', 'могильный', 'плита', 'кладбище', 'переть', 'лашез', 'ресторан', 'шансонье', 'петь', 'песня', 'слово', 'твой', 'хозяин', 'забыть', 'низкий', 'уровень', 'слава', 'чужой']"
0,1,1,1,0,0,1,0,1,1,1,0,1,1,1,0,1,0,1,0,1,1,"['ум', 'стиль', 'душа', 'возможность', 'автоматический', 'стрельба', 'хватать', 'сила', 'таскать', 'лес', 'лишний', 'килограмм', 'тигр', 'слышать', 'хотеться', 'правый', 'знак-кавычки', 'знак-кавычки', 'знак-кавычки']"
0,1,0,0,0,0,0,0,0,0,0,0,1,0,0,0,0,0,1,0,0,1,"['слава', 'создатель', 'самый', 'большой', 'яхта', 'недолго', 'душа', 'работник']"
0,0,1,1,0,1,1,1,1,1,1,0,0,1,1,0,1,1,1,1,1,1,"['оригинальный', 'изображение', 'душа', 'ласкать', 'взгляд']"
1,1,0,1,1,1,1,1,1,1,1,1,1,0,1,1,1,1,1,1,1,1,"['экран', 'заполнить', 'неразборчивый', 'контент', 'придумать', 'интерес', 'кровь', 'надумать', 'боль', 'рассказать', 'видеть', 'слышать', 'бессонница', 'вокруг', 'забытый', 'сторонка', 'сигарета', 'вариант', 'возможный', 'знак-кавычки']"
1,1,1,1,1,1,1,1,1,1,1,1,1,1,1,1,1,1,1,1,1,1,"['далеко', 'человек', 'находиться', 'дом', 'свет', 'тепло', 'родные', 'пенаты', 'душа', 'давать', 'ощущение', 'защищенность']"
1,0,1,1,1,1,1,1,1,1,1,1,0,1,1,1,1,1,1,1,1,1,"['тяжесть', 'работа', 'условие', 'дефицит', 'душа', 'вид', 'будущее', 'жизненный', 'необходимость', 'полагаться', 'накопить', 'сила', 'средство', 'создавать', 'вполне', 'конкретный', 'ситуация', 'рынок']"
1,1,1,1,1,1,1,1,1,1,1,1,1,1,1,1,1,1,1,1,1,1,"['хотеть', 'пригласить', 'вечер', 'музей', 'хотеться', 'темный', 'осенний', 'особенный', 'душа', 'радовать', 'глаз', 'познавательный', 'вместе', 'развлекательный', 'знак-кавычки']"
1,0,1,1,1,1,1,1,1,1,1,1,0,1,1,1,1,1,1,1,1,1,"['главное', 'душа']"
1,1,0,1,1,1,1,1,1,1,1,1,1,0,1,1,1,1,1,1,1,1,"['деньги', 'который', 'пахнуть', 'сожаление', 'знак-кавычки']"
1,0,1,0,1,1,1,1,1,1,1,1,1,1,0,1,1,1,1,1,1,1,"['подумать', 'цель', 'знак-кавычки']"
1,1,1,0,1,1,1,1,1,1,1,1,1,1,0,1,1,1,1,1,1,1,"['чувствоваться', 'тон', 'отношение', 'сергей', 'отец', 'самолюбие', 'ольга', 'подтверждать', 'правильность', 'принятый', 'решение']"
1,1,0,1,1,1,1,1,1,1,1,1,1,0,1,1,1,1,1,1,1,1,"['душа', 'необъяснимый', 'сочетание', 'звук', 'который', 'слышать', 'ежедневно']"
1,1,0,0,1,1,1,1,1,1,1,1,1,0,0,1,1,1,1,1,1,1,"['уезжать', 'москва', 'душа', 'нахальный', 'бабий', 'лето', 'питер', 'вчера', 'довольно', 'тепло', 'сегодня']"
1,1,0,0,1,1,1,1,1,1,1,1,1,0,0,1,1,1,1,1,1,1,"['ощущение', 'вполне', 'ожидать', 'современный', 'перформанс', 'душа', 'сертификация', 'класс', 'стандарт']"
0,0,0,0,0,0,0,0,0,0,0,0,0,0,0,0,0,0,1,0,0,1,"['мысль', 'получить', 'подарок', 'небо', 'мечтать', 'человек', 'целый', 'жизнь']"
1,1,1,1,1,1,0,1,1,0,1,1,1,1,1,1,0,1,1,1,0,1,"['уютный', 'клуб', 'приятный', 'лицо', 'вокруг', 'изумительный', 'музыка', 'изнутри', 'светить', 'снаружи', 'понимать', 'жизнь', 'проходить', 'напрасно', 'идти', 'метро', 'беспричинный', 'улыбаться', 'раздавать', 'редкий', 'встречный', 'прохожий', 'хрусткий', 'красный', 'августовский', 'яблоко', 'который', 'набить', 'карман', 'собираться', 'концерт']"
1,0,0,0,1,1,1,1,1,1,1,1,1,0,0,1,1,1,1,1,1,1,"['подобный', 'расчет', 'душа', 'шоукросс']"
0,1,0,0,0,0,0,0,0,0,0,0,0,0,0,0,0,0,1,0,0,1,"['война', 'европа', 'ссср', 'восстанавливать', 'разрушить', 'хозяйство', 'скромный', 'успех', 'область', 'телевидение', 'первый', 'десятилетие', 'душа', 'надежда', 'будущее']"
0,1,1,1,0,0,0,0,0,1,1,1,1,1,1,1,1,1,1,1,1,1,"['пра', 'прадед', 'вывозить', 'золото', 'крестовый', 'поход', 'рука', 'ростовщичество', 'работорговля', 'колониальный', 'торговля', 'ввозить', 'опиум', 'китай', 'попытка', 'император', 'сопротивлятся', 'скупить', 'чиновник', 'устроить', 'пара', 'опиумный', 'война', 'устраивать', 'огораживание', 'англия', 'сгон', 'крестьянин', 'первый', 'фабрика', 'развязывать', 'мировой', 'передел', 'рынок', 'смещение', 'неугодный', 'правительство']"
1,1,1,0,1,1,1,1,1,1,1,1,1,1,0,1,1,1,1,1,1,1,"['касаться', 'технический', 'сторона', 'двигтель', 'понравиться', 'особенно', 'ускорение', 'светофор', 'соперник', 'который', 'составить', 'конкуренция', 'радовать', 'душа', 'звук', 'утопить', 'педаль', 'пол', 'бесподобный', 'спасибо', 'злобный', 'пони', 'подвеска', 'мера', 'мягкий', 'пара', 'жесткий', 'удар', 'дорога']"
0,0,1,1,0,0,0,0,0,0,0,0,1,0,1,0,0,0,1,0,0,1,"['случай', 'абсолютный', 'большинство', 'население', 'рсо', 'рт', 'чр', 'считать', 'родной', 'язык', 'титульный', 'национальность', 'душа', 'реальный', 'шаг', 'общество', 'сохранение', 'ситуация', 'меняться', 'знак-кавычки']"
1,0,0,0,1,1,1,1,1,1,1,1,0,0,0,1,1,1,1,0,1,1,"['касаться', 'называть', 'гарантия', 'нато', 'восточный', 'европа', 'неотъемлемый', 'обязательство', 'разумеется', 'душа', 'мирный', 'время', 'военный', 'считать', 'час', 'превратить', 'любой', 'страна', 'горячий', 'ядерный', 'вовлечь', 'война', 'согласие', 'народ', 'правительство', 'сила', 'простой', 'логика', 'знак-кавычки', 'знак-кавычки']"
1,0,0,1,1,1,1,1,1,1,1,1,1,0,1,1,1,1,1,1,1,1,"['первый', 'тип', 'вдохновить', 'душа', 'история', 'некий', 'предприимчивый', 'разработчик', 'написать', 'досуг', 'приложение', 'который', 'выкачивать', 'достаточно', 'уйти', 'постылый', 'работа', 'скукасмертный', 'кодировать', 'генератор', 'отчет']"
0,0,0,1,0,0,0,0,0,0,0,0,1,1,1,0,0,0,1,0,0,1,"['стоимость', 'продукция', 'приятно', 'душа', 'кошелек']"
1,0,0,1,1,1,1,1,1,1,1,1,0,0,0,1,1,1,1,1,1,1,"['входной', 'дверь', 'металл', 'сурово', 'смотреть', 'окружающий', 'мир', 'помещение', 'взгляд', 'деревянный']"
1,1,1,1,1,1,1,1,1,1,1,1,1,0,1,1,1,1,1,1,1,1,"['материнский', 'любовь', 'старость']"
0,0,1,0,0,0,0,0,0,0,0,0,0,1,0,0,0,0,0,0,0,1,"['ребята', 'помогать', 'друг', 'огромный', 'респект', 'уважуха', 'сознание', 'душа']"
1,1,0,0,1,1,0,1,0,0,0,1,1,0,0,1,0,1,0,1,0,1,"['душа', 'дарить', 'тепло']"
1,1,1,0,1,1,1,1,1,1,1,1,0,0,0,1,1,1,1,1,1,1,"['приятный', 'компания', 'душа', 'свежий', 'воздух', 'пьянить', 'дурманить', 'приятно', 'времяпрепровождение']"
1,1,0,1,1,1,1,1,1,1,1,1,1,0,1,1,1,1,1,1,1,1,"['единственный', 'душа', 'причина', 'который', 'выпуск', 'отложить']"
1,1,0,0,1,1,1,1,1,1,1,1,1,1,1,1,1,1,1,1,1,1,"['высокий', 'уровень', 'мотивация', 'душа', 'поддерживать']"
0,0,1,1,0,1,1,0,1,1,1,0,1,1,1,0,1,0,1,0,1,1,"['невероятно', 'льстить', 'самолюбие', 'сердце', 'свет']"
1,0,1,1,1,1,1,1,1,1,1,1,0,1,1,1,1,1,1,1,1,1,"['разнообразие', 'мир', 'активность', 'улыбка', 'малыш', 'душа', 'делать', 'счастливый', 'каждый', 'родитель']"
0,0,0,1,0,0,0,0,0,0,0,0,0,0,0,0,0,0,1,0,0,1,"['факт', 'финалист', 'отобрать', 'оказаться', 'малый', 'количество', 'избранный', 'несомненно', 'душа']"
1,1,0,0,1,1,1,1,1,1,1,1,0,0,0,1,1,1,1,1,1,1,"['недосягаемый', 'душа']"
0,1,1,1,0,0,1,0,1,1,1,0,1,1,1,0,1,0,0,0,1,1,"['случиться', 'разрушить', 'самый', 'ценный', 'объединять', 'любовь']"
0,0,0,0,0,0,0,0,0,0,0,0,0,0,0,0,0,0,0,0,0,1,"['большинство', 'коллекционер', 'старинный', 'сервиз', 'удачный', 'покупка', 'посуда', 'который', 'ежедневно', 'радовать', 'глаз', 'душа', 'происхождение']"
1,1,0,0,1,1,0,1,0,0,1,1,1,0,0,1,0,1,0,1,0,1,"['правило', 'мысль', 'учредитель', 'ооо', 'ип', 'отвечать', 'долгов', 'обязательство', 'собственный', 'имущество']"
0,0,0,1,0,0,0,0,0,0,0,0,0,0,1,0,0,0,0,0,0,1,"['осознание', 'факт', 'нужность', 'знак-кавычки']"
0,0,0,0,0,0,1,0,1,1,1,0,0,0,0,0,1,0,0,0,1,1,"['бумажник', 'натуральный', 'кожа', 'регресс', 'который', 'душа']"
1,1,0,1,1,1,1,1,1,1,1,1,1,0,0,1,1,1,0,1,1,1,"['приносить', 'сердце']"
1,0,1,1,1,1,1,1,1,1,1,1,1,0,1,1,1,1,0,1,1,1,['душа']
0,0,0,1,0,0,0,0,0,0,0,0,0,1,1,0,0,0,0,0,0,1,"['ребенок', 'остаться', 'работа', 'доход', 'душа', 'радость', 'сосед', 'бизнесмен']"
1,1,0,1,1,1,1,1,1,1,1,1,1,0,1,1,1,1,0,1,1,1,"['надежда', 'один', 'партия', 'большинство', 'парламент', 'поменяться', 'правда', 'понятно', 'сторона']"
0,0,0,0,0,0,0,0,0,0,0,0,0,1,1,0,0,0,0,0,0,1,"['радовать', 'глаз', 'душа']"
0,1,0,0,0,0,0,0,0,0,0,0,1,0,0,0,0,0,0,0,0,1,"['особенно', 'душа', 'комментарий', 'читатель']"
0,0,0,1,0,0,0,0,0,0,0,0,0,1,1,0,0,0,0,0,0,1,"['катарина', 'ум']"
1,1,1,0,1,1,1,1,1,1,1,1,0,1,0,1,1,1,0,1,1,1,"['кардинальный', 'мировосприятие', 'получение', 'артефакт', 'измениться', 'безусловно', 'наличие']"
0,0,0,0,0,0,0,0,0,0,0,0,0,0,0,0,0,0,0,0,0,1,"['сегодня', 'вытащить', 'свет', 'один', 'вариант', 'праздник', 'который', 'опробовать', 'прошлый', 'год', 'душа', 'теплый', 'воспоминание']"
0,0,0,0,0,0,1,0,1,1,1,0,0,0,0,0,1,0,0,0,1,1,"['факт', 'житель', 'провинция', 'бретань', 'противник', 'революционный', 'идея', 'презирать', 'ретроград', 'являться', 'кельт', 'душа', 'патриот', 'милый', 'франция', 'выходить', 'бретонец', 'француз', 'близкий', 'родственник']"
0,1,0,0,0,0,0,0,1,0,0,0,1,0,0,0,0,0,0,0,0,1,"['факт', 'душа', 'захар', 'сильно', 'обстоятельство', 'жить', 'школа']"
0,1,0,1,0,0,0,0,0,0,0,0,1,0,1,0,0,0,0,0,0,1,"['дело', 'дошлый', 'отправка', 'обнаружиться', 'другой', 'страна', 'бывший', 'пионерлагерь', 'ребенок', 'светить']"
0,1,0,0,0,0,0,0,0,0,0,0,1,0,0,0,0,0,0,0,0,1,"['греться', 'осветить', 'холодный', 'сентябрьский', 'солнышко', 'дерево', 'присутствие', 'душа', 'рыбацкий', 'костер']"
0,1,0,0,0,0,0,0,0,0,0,0,1,0,0,0,0,0,0,0,0,1,"['карьера', 'невестка', 'совсем']"
1,1,0,0,1,1,1,1,1,1,1,0,0,1,0,0,1,1,0,1,1,1,"['словосочетание', 'телефония', 'давно', 'ушной', 'раковина', 'экономить', 'деньги', 'многий', 'человек']"
0,1,0,0,0,0,0,0,0,0,0,0,0,0,0,0,0,0,1,0,0,1,"['приятный', 'момент', 'жизнь', 'существовать', 'воспоминание', 'душа']"
0,0,0,0,0,0,0,0,0,0,0,0,0,0,0,0,0,0,0,0,0,1,"['мысль', 'сокровище', 'угнать', 'душа', 'знак-кавычки']"
0,1,0,0,0,0,1,0,1,1,1,0,1,0,0,0,1,0,1,0,1,1,"['необходимо', 'подчеркнуть', 'дионисий', 'ареопагит', 'оживлять', 'животный', 'растительный', 'мир', 'знак-кавычки']"
0,0,0,1,0,0,1,0,1,1,1,0,0,0,1,0,1,0,0,0,1,1,"['некоторый', 'человек', 'камень', 'воздействовать', 'сильно', 'бывать', 'утверждать', 'минерал', 'лучик', 'солнце', 'говорить', 'валентина', 'свешникова', 'знак-кавычки']"
0,0,0,0,0,0,1,0,1,1,1,0,0,0,1,0,1,0,1,0,1,1,"['назло', 'дружба', 'воинский', 'тепло']"
0,0,0,0,0,0,0,0,0,0,0,0,0,0,0,0,0,0,0,0,0,1,"['тогдашний', 'благоденствие', 'который', 'слово', 'шевченка', 'выражаться', 'гробовой', 'молчание', 'сквозной', 'ветр', 'ледяной', 'равнодушие', 'участь', 'достоинство', 'человек', 'погасать', 'ободрять', 'яркий', 'огонек', 'лицо', 'великий', 'княгиня', 'елена', 'павловна']"
0,0,1,1,0,0,0,0,0,0,0,0,0,1,1,0,0,0,1,0,0,1,"['риск', 'острота']"
0,0,1,0,0,0,1,0,1,1,1,0,0,1,1,0,1,0,1,0,1,1,"['видно', 'слава', 'светить']"
0,0,0,0,0,0,0,0,0,0,0,0,1,0,0,0,0,0,0,0,0,1,"['слово', 'который', 'душа', 'другой']"
0,0,0,0,0,0,0,0,0,0,0,0,1,0,0,0,0,0,0,0,0,1,"['душа', 'петь', 'хотеться']"
0,0,0,1,0,0,0,0,0,0,0,0,0,1,1,0,0,0,0,0,0,1,"['факт', 'ребята', 'пользоваться', 'стрессовый', 'ситуация', 'экзамен', 'возможность', 'заглянуть', 'шпаргалка', 'ученический', 'душа', 'помогать', 'собраться', 'взять', 'рука', 'знак-кавычки', 'знак-кавычки']"
0,1,0,0,0,0,1,0,1,1,1,0,1,0,0,0,1,0,0,0,1,1,"['идея', 'выть', 'дом', 'улица', 'холодный', 'пасмурный', 'зимний', 'день', 'воображение', 'сделать', 'обязательно']"
0,1,1,0,0,0,0,0,0,0,0,0,1,1,0,0,0,0,0,0,0,1,"['кровь', 'катастрофически', 'хватать', 'свет', 'выходить', 'отряд', 'человек', 'антиглобалист', 'который', 'явно', 'перспектива', 'оказаться', 'овощ', 'ферма']"
0,0,0,0,0,0,0,0,0,0,0,0,0,0,0,0,0,0,1,0,0,1,"['приятно', 'душа']"
0,0,0,0,0,0,0,0,0,0,0,0,0,0,0,0,0,0,0,0,0,1,"['душа', 'добрый', 'красивый', 'песня']"
0,1,0,0,0,0,0,0,0,0,0,0,1,0,0,0,0,0,0,0,0,1,"['тесный', 'знакомство', 'вспомнить', 'покойный', 'интимный', 'душа']"
0,0,0,1,0,0,0,0,0,0,0,0,1,0,1,0,0,0,0,0,0,1,"['самоотверженность', 'близкий', 'друг', 'яркий', 'звездочка', 'воспоминание', 'душа', 'одновременно', 'пронзать', 'тупой', 'копье']"
0,0,0,0,0,0,0,0,0,0,0,0,0,0,0,0,0,0,0,0,0,1,"['жизнь', 'смех', 'друг', 'дурацкий', 'хохот']"
0,0,0,1,0,0,0,0,0,0,0,0,1,0,1,0,0,0,0,0,0,1,"['наверное', 'душа', 'девчонка', 'другой', 'парень', 'оставаться', 'мужчина', 'сволочь', 'сердце', 'жить', 'теплота', 'который', 'нести', 'детство']"
0,0,0,0,0,0,0,0,0,0,0,0,0,0,0,0,0,0,0,0,0,1,['душа']
0,0,0,0,0,0,0,0,0,0,0,0,0,0,0,0,0,0,0,0,0,1,"['последний', 'считать', 'абсолютный', 'бессмыслица', 'диплом', 'рамочка', 'стена', 'душа', 'хороший', 'кадр', 'снятой', 'время', 'фотосафари']"
0,0,0,1,0,0,0,0,0,0,0,0,1,0,0,0,0,0,0,0,0,1,"['щербаков', 'светить']"
0,0,0,0,0,0,0,0,0,0,0,0,1,0,0,0,0,0,0,0,0,1,"['сила', 'живой', 'дух', 'человеческий', 'искра', 'питать', 'умножать', 'мощь']"
0,0,0,0,0,0,0,0,0,0,0,0,0,0,0,0,0,0,0,0,0,1,"['некоторый', 'женщина', 'хорошо', 'отвечать', 'обычный', 'действие', 'вдруг', 'подстегиваться', 'фантазия', 'который', 'воображение']"
1,0,0,1,1,1,1,1,1,1,1,1,0,0,1,1,1,1,0,1,1,1,"['парфюм', 'польский', 'разлив', 'последний', 'год', 'изысканный', 'обоняние', 'удовлетворять', 'продукт', 'галери', 'лафайет', 'универмаг', 'хэрродс']"
0,0,0,1,0,0,0,0,0,0,0,0,0,0,1,0,0,0,0,0,0,1,"['заслуженный', 'народный', 'коллектив', 'яркий', 'наряд', 'старинный', 'казачий', 'песня', 'протяжение', 'фестиваль', 'душа', 'казак', 'казачка', 'золотой', 'долина']"
0,0,0,0,0,0,0,0,0,0,0,0,0,0,0,0,0,0,0,0,0,1,"['ощущение', 'принадлежность', 'машина', 'организм', 'чувство', 'вносить', 'вклад']"
0,0,0,0,0,0,0,0,0,0,0,0,0,0,0,0,0,0,0,0,0,1,"['ехать', 'теплушка', 'мерзнуть', 'сходить', 'ум', 'один', 'мысль']"
0,0,1,1,0,0,0,0,0,0,0,0,0,1,1,0,0,0,1,0,0,1,"['мысль', 'одинокий', 'стон']"
0,0,0,0,0,0,0,0,0,0,0,0,0,0,0,0,0,0,0,0,0,1,"['щенок', 'папильона', 'хороший', 'компаньон', 'любимый', 'душа', 'красота', 'радовать', 'девочка', 'вполне', 'успешно', 'выставляться', 'выставка', 'использоваться', 'разведение', 'родитель', 'нести', 'хорошия', 'комбинация', 'кровь', 'классный', 'европейский', 'питомник']"
0,0,0,0,0,0,0,0,0,0,0,0,0,0,0,0,0,0,1,0,0,1,"['пора', 'хотеться', 'постигнуть', 'новый', 'душа', 'ребята', 'который', 'приходить', 'занятие', 'признаваться', 'один', 'участница', 'встреча']"
0,0,0,1,0,0,0,0,0,0,0,0,0,0,1,0,0,0,0,0,0,1,"['надежда', 'утро', 'вечер', 'знобить', 'отсрочить', 'утомленность']"
0,1,0,0,0,0,0,0,0,0,0,0,1,0,0,0,0,0,0,0,0,1,"['общение', 'животное', 'душа', 'человек', 'сказать']"
0,0,0,1,0,0,0,0,0,0,0,0,1,0,0,0,0,0,0,0,0,1,"['душа', 'ласкать', 'слово']"
0,1,0,0,0,0,0,0,0,0,0,0,1,0,0,0,0,0,0,0,0,1,"['мысль', 'совпадать', 'другой', 'утверждение', 'знание', 'который', 'платить', 'запоминаться', 'долго', 'еврейский', 'афоризм', 'пословица', 'гласить', 'истина', 'освещать', 'деньги', 'знак-кавычки', 'знак-кавычки', 'знак-кавычки']"
0,0,0,0,0,0,0,0,0,0,0,0,0,0,1,0,0,0,0,0,0,1,"['получить', 'материал', 'душа', 'ностальгия', 'хороший', 'штука']"
1,1,0,0,1,1,0,1,0,0,0,1,1,0,0,1,0,1,0,1,0,1,"['фон', 'картина', 'теплый', 'солнечный']"
0,0,0,0,0,0,0,0,0,0,0,0,0,0,0,0,0,0,0,0,0,1,"['вопрос', 'экзамен', 'блиц', 'книга', 'должный', 'душа', 'преподаватель', 'который', 'читать', 'концепция', 'современный', 'естествознание', 'другой', 'дисциплина', 'связать', 'метод']"
0,0,0,0,0,0,0,0,0,0,0,0,0,1,1,0,0,0,0,0,0,1,"['картинка', 'душа', 'старый', 'солдат', 'уносить', 'мысль', 'далеко', 'год']"
1,0,0,1,1,1,1,1,1,1,1,1,0,0,1,1,1,1,0,1,1,1,"['жаловаться', 'подруга', 'друг', 'сидеть', 'бутылка', 'горячительный', 'напиток', 'половинка', 'перестать', 'понимать', 'терять', 'смысл', 'жизнь', 'цель', 'мечта', 'который', 'рано', 'душа', 'воображение', 'отдаляться', 'становиться', 'реальный']"
1,0,0,0,1,1,1,1,1,1,1,1,0,0,0,1,1,1,0,1,1,1,"['голова', 'платный', 'другой', 'блокировка', 'уезжать', 'рубль', 'положить', 'день', 'пропользоваться', 'интернет', 'забить', 'следующий', 'необходимость']"
1,1,0,0,1,1,1,1,1,1,1,1,1,0,0,1,1,1,1,1,1,1,"['картинка', 'двухлетний', 'прошлое']"
1,0,1,1,1,1,1,1,1,1,1,1,0,1,1,1,1,1,1,1,1,1,"['луч', 'инновация', 'слабо', 'житель', 'томск', 'область', 'предел', 'инновационный', 'пояс', 'давно', 'стоить', 'самый', 'настоящий', 'жара']"
1,0,0,1,1,1,1,1,1,1,1,1,0,0,1,1,1,1,1,1,1,1,"['утверждение', 'автор', 'являться', 'своеобразный', 'вызов', 'мир', 'крупный', 'российский', 'капитал', 'душа', 'юный', 'миллиардер', 'самый', 'дело', 'страна', 'население', 'который', 'перераспределение', 'национальный', 'богатство', 'получить', 'чубайсовский', 'ваучер', 'знак-кавычки', 'знак-кавычки']"
1,1,0,1,1,1,1,1,1,1,1,1,1,1,1,1,1,1,0,1,1,1,"['корпоративный', 'красный', 'цвет', 'снова', 'бодрить', 'радовать']"
1,0,1,1,1,1,1,1,1,1,1,1,0,1,1,1,1,1,1,1,1,1,"['любить', 'человек', 'созерцать', 'собака', 'трава', 'вода', 'прочий', 'природа']"
1,1,1,1,1,1,1,1,1,1,1,1,0,1,1,1,1,1,0,1,1,1,"['чувство', 'свобода', 'рабство']"
1,0,1,0,1,1,0,1,0,0,0,1,0,1,0,1,0,1,0,1,0,1,"['близкий', 'теплота', 'успешный', 'дело']"
1,1,1,1,1,1,1,1,1,1,1,1,1,1,1,1,1,1,0,1,1,1,"['авторский', 'сердце']"
1,0,1,1,1,1,1,1,1,1,1,1,0,1,1,1,1,1,0,1,1,1,"['говорить', 'деньги', 'экономика', 'дать', 'банка', 'бумага', 'россия', 'работать', 'знак-кавычки']"
1,0,1,1,1,1,1,1,1,1,1,1,0,1,1,1,1,1,0,1,1,1,"['второй', 'список', 'расстрелять', 'преступление', 'один', 'первый', 'буданов', 'стоять', 'должный', 'вперед', 'многие', 'война', 'реально', 'подпитывать', 'чистый', 'рука']"
1,1,1,1,1,1,1,1,1,1,1,1,0,1,1,1,1,1,0,1,1,1,"['лежать', 'смертный', 'одр', 'думать', 'сделать', 'жизнь', 'хороший', 'принести', 'польза', 'человечество', 'мыслить', 'спасти', 'сиська', 'летто', 'однажды', 'неслабо', 'иссохший', 'душа', 'знак-кавычки']"
1,1,1,1,1,1,1,1,1,1,1,1,0,1,1,1,1,1,0,1,1,1,"['человек', 'писать', 'текст', 'синтаксис', 'душа', 'программист', 'совершенно', 'неудобно', 'простой', 'продавать', 'электродвигатель', 'деревообрабатывающий', 'станок']"
1,1,1,1,1,1,1,1,1,1,1,1,1,1,1,1,1,1,0,1,1,1,"['воспоминание', 'впечатление', 'витязево', 'северянин', 'зима']"
1,1,1,1,1,1,1,1,1,1,1,1,1,1,1,1,1,1,0,1,1,1,"['далекий', 'таинственный']"
0,1,0,1,0,0,0,0,0,0,0,0,0,0,1,0,0,0,0,0,0,1,"['несколько', 'душа', 'год', 'назад', 'угадать', 'проектирование', 'нужный', 'обвод', 'концепция', 'тетива', 'знак-кавычки']"
1,1,1,0,1,1,1,1,1,1,1,1,0,0,0,1,1,1,0,1,1,1,"['тема', 'вернуться', 'поздно', 'вновь', 'обратиться', 'душа', 'мысль', 'предчувствие', 'чм', 'вполне', 'успешный']"
1,1,1,1,1,1,1,1,1,1,1,1,0,1,1,1,1,1,1,1,1,1,"['пользователь', 'заниматься', 'сборка', 'программа', 'среднее', 'приходиться', 'часто', 'линуксоида', 'душа', 'мысль', 'совсем', 'зря', 'потратить', 'деньги']"
1,1,1,1,1,1,1,1,1,1,1,1,1,1,1,1,1,1,0,1,1,1,"['система', 'требовать', 'быстрый', 'процессор', 'большой', 'количество', 'оперативный', 'память', 'душа', 'пользователь', 'мысль', 'вычислительный', 'мощность', 'современный', 'машина', 'простаивать', 'зря']"
1,1,1,0,1,1,1,1,1,1,1,1,1,1,1,1,1,1,0,1,1,1,"['описание', 'должно', 'сердце', 'тешить', 'самолюбие', 'месяц', 'надоесть', 'жалко', 'вложенный', 'время', 'деньги', 'проект']"
1,1,0,1,1,1,1,1,1,1,1,1,1,0,0,1,1,1,0,1,1,1,"['нужный', 'живой', 'таскать', 'тяжесть', 'теплый', 'грудь', 'змея', 'подколодный']"
1,0,0,1,1,1,1,1,1,1,1,1,0,0,1,1,1,1,0,1,1,1,"['мысль', 'душа', 'улыбаться', 'глядеть', 'мелькать', 'вагонный', 'стекло', 'бесконечный', 'поле']"
1,0,1,1,1,1,1,1,1,1,1,1,0,1,1,1,1,1,1,1,1,1,"['мысль', 'возраст', 'пройти']"
1,1,1,1,1,1,1,1,1,1,1,1,1,1,1,1,1,1,0,1,1,1,"['душа', 'заставлять', 'петь', 'сердце']"
1,1,1,1,1,1,1,1,1,1,1,1,1,1,1,1,1,1,0,1,1,1,"['пары', 'построить', 'жизнь', 'пара', 'создаться', 'отношение', 'развиваться', 'ребенок', 'притягиваться', 'матерь', 'родитель', 'солнышко', 'который', 'светить', 'обжигать']"
0,0,1,1,0,0,1,0,1,1,1,0,0,1,1,0,1,0,0,0,1,1,"['величие', 'знак-кавычки']"
0,1,1,1,0,0,0,0,0,0,0,0,0,0,1,0,0,0,0,0,0,1,"['солнце', 'освещать', 'освежать', 'прохладный', 'тень', 'здоровый', 'человек', 'больной', 'лихорадка', 'сжигать', 'удвоенный', 'жар', 'палящий', 'зной', 'христос', 'верующий', 'огнь', 'вечный', 'пламень', 'подобно']"
1,1,1,1,1,1,1,1,1,1,1,1,0,1,1,1,1,1,0,1,1,1,"['постскриптум', 'вновь', 'радовать', 'душа']"
0,1,1,0,0,0,0,0,0,0,0,0,0,0,0,0,0,0,0,0,0,1,"['установиться', 'обильный', 'дождь', 'погода', 'радовать', 'сельчанин', 'душа', 'урожай', 'видно', 'знак-кавычки']"
1,1,0,0,1,1,1,1,1,1,1,1,1,1,1,1,1,1,1,1,1,1,"['тетрадка', 'тетя', 'варя', 'стоять', 'рядом', 'прекрасно', 'издать', 'сегодня', 'церковный', 'книга', 'душа']"
0,0,1,1,0,0,0,0,0,0,0,1,0,1,1,1,0,1,0,1,0,1,"['поиск', 'никто', 'сдаться', 'хороший', 'пользоваться', 'сила', 'неправильно', 'остальной', 'просто', 'душа', 'форма']"
1,1,0,0,1,1,1,1,1,1,1,1,0,1,0,1,1,1,0,1,1,1,"['костер', 'который', 'быстро', 'разгореться', 'привлекать', 'вид', 'аудитория', 'функционал', 'дизайн']"
1,0,1,1,1,1,1,1,1,1,1,1,0,1,1,1,1,1,0,1,1,1,"['душа', 'факт', 'квадрат', 'располагать', 'многий', 'трехкомнатный', 'квартира', 'старый', 'образец', 'учет', 'кухня', 'знак-кавычки']"
0,1,1,1,0,0,0,0,0,0,0,0,0,1,1,0,0,0,0,0,0,1,"['генри', 'себринг', 'большинство', 'юнит', 'значиться', 'список', 'любимый', 'выгодно', 'отличать', 'другой', 'данный', 'момент', 'радовать', 'сердце']"
1,1,1,0,1,1,0,1,0,0,0,1,1,0,0,1,0,1,0,1,0,1,"['писать', 'ребята', 'хотеть', 'спокойно', 'провести', 'время', 'армия', 'аттестат', 'душа', 'получить']"
1,0,0,0,0,0,0,0,0,0,0,1,0,0,0,0,1,0,1,0,0,1,"['ничто', 'душа', 'холодный', 'пиво', 'знак-кавычки']"
1,1,1,0,1,1,1,1,1,1,1,1,0,1,0,1,1,1,0,1,1,1,"['думать', 'серый', 'будний', 'неясный', 'мысль', 'душа']"
0,0,1,0,0,0,0,0,0,0,0,0,0,1,0,0,0,0,0,0,0,1,"['итог', 'позволять', 'значительно', 'экономить', 'топливо', 'воздух', 'окно', 'дом', 'знак-кавычки']"
0,0,0,1,0,0,1,0,1,1,1,0,0,0,1,0,1,0,0,0,1,1,"['слово', 'осужденный', 'святой', 'место', 'душа']"
0,0,1,0,0,0,0,0,0,0,0,0,0,1,0,0,0,0,0,0,0,1,"['дальшейший', 'запустить', 'один', 'фотошоп', 'осознание', 'обмануть', 'рапид', 'душа']"
1,1,1,1,1,1,1,1,1,1,1,0,1,0,1,0,1,0,1,0,1,1,"['предложение', 'трудоустроить', 'хороший', 'место', 'последний', 'год', 'рука', 'многий', 'аферист']"
1,0,0,0,1,1,0,1,0,1,0,0,0,0,0,0,1,0,0,0,0,1,"['море', 'банк', 'евро', 'рухнуть', 'бедный', 'доченька', 'софочка', 'стоять', 'длинный', 'очередь', 'спасти', 'ребеночек', 'мамочка']"
0,0,0,0,0,0,0,0,0,0,0,0,0,0,0,0,0,0,0,0,0,1,"['обидно', 'мысль', 'дурак', 'снова', 'оказаться', 'самый', 'умный']"
1,1,0,0,1,1,1,1,1,1,1,1,1,0,0,1,1,1,0,1,1,1,"['удаваться', 'поймать', 'волна', 'метр', 'адреналин', 'кровь', 'холодный', 'вода', 'думать']"
1,1,1,1,1,1,1,1,0,0,0,1,0,1,1,1,1,1,0,1,1,1,"['семидесятилетний', 'старик', 'большой', 'срок', 'душа']"
0,0,1,1,0,0,0,0,0,0,0,0,0,0,1,0,0,0,0,0,0,1,['любовь']
0,1,0,0,0,0,0,0,0,0,0,0,0,0,0,0,0,0,0,0,0,1,"['приятно', 'душа']"
0,0,1,0,0,0,0,0,0,0,0,0,0,0,0,0,0,0,0,0,0,1,"['замечательно', 'удивительный', 'день', 'сердце', 'душа', 'царить', 'необыкновенный', 'настроение', 'ожидание', 'некого', 'чудо', 'практически', 'рядом']"
0,0,1,0,0,0,0,0,0,0,0,0,1,0,0,0,0,0,0,0,0,1,"['стук', 'колесо', 'поезд', 'мчаться', 'домой', 'стремиться', 'сердце', 'мир', 'впечатление', 'душа', 'истлеть']"
0,0,0,0,0,0,0,0,0,0,0,0,1,0,0,0,0,0,0,0,0,1,"['единственный', 'душа', 'анна']"
0,1,1,1,0,0,0,1,0,0,0,0,1,1,0,0,0,0,0,0,0,1,"['наличие', 'интернет', 'мазагин', 'гламурный', 'модель', 'серебристый', 'цвет']"
0,0,1,0,0,0,0,0,0,0,0,0,1,0,0,0,0,0,0,0,0,1,"['мечта', 'душа']"
1,0,1,1,1,1,1,1,1,1,1,1,0,1,1,1,1,1,0,1,1,1,"['выискивать', 'закром', 'красочный', 'эпизод', 'частенько', 'устать', 'душа', 'обычный', 'субботний', 'вечер', 'затяжной', 'зима']"
1,0,1,1,1,1,1,1,1,1,1,1,0,0,0,1,1,1,0,1,1,1,"['подарок', 'сердце', 'девушка', 'напоминать']"
1,1,0,0,1,1,0,1,0,0,0,1,1,0,0,1,0,1,0,1,0,1,"['любой', 'женщина', 'возраст', 'чувствовать', 'молодой', 'год', 'смотреть', 'проходить', 'девушкка', 'рад', 'красивый', 'подарок', 'который', 'радовать', 'взор', 'душа']"
1,1,1,0,1,1,0,1,0,0,0,0,1,1,0,0,0,0,0,0,0,1,"['душа', 'надежда', 'успешный', 'завершение', 'эксперимент']"
1,0,1,0,1,1,0,1,0,0,0,0,1,0,0,0,0,0,0,0,0,1,"['знать', 'сказать', 'поймать', 'выбросить', 'знать', 'живность', 'проблема', 'советчик', 'совесть', 'думать', 'собака', 'приблучший', 'убивать', 'кидаться', 'двор', 'сын', 'укусить', 'ловить', 'оттаскивать', 'далеко', 'приходить', 'взять', 'грех', 'убить', 'укусить', 'наверно', 'голый', 'рука', 'раздавить', 'год', 'большой', 'мысль', 'поступить', 'каждый', 'извинить']"
0,0,0,0,0,0,0,0,0,0,0,0,0,0,0,0,0,0,0,0,0,1,"['знать', 'сердце', 'мужчина', 'болельщик', 'близкий', 'слово']"
0,0,1,0,0,0,0,0,0,0,0,0,0,1,0,0,0,0,0,0,0,1,"['украшение', 'холодный', 'сердце', 'обеднеть', 'душа']"
0,1,0,0,0,0,1,0,1,1,1,0,1,0,1,0,1,0,1,0,1,1,"['сказать', 'презентация', 'михаил', 'медведев', 'душа', 'осенний', 'дорога', 'березовый', 'роща', 'татарстанский', 'амазония', 'знак-кавычки', 'знак-кавычки', 'знак-кавычки']"
1,1,0,1,1,1,1,1,1,1,1,1,0,0,0,1,1,1,0,1,1,1,"['хорошо', 'чувство', 'угасать', 'полный', 'вырастание', 'ребенок', 'время']"
0,0,1,1,0,0,0,0,0,0,0,0,0,0,1,0,0,0,0,0,0,1,"['требование', 'русский', 'народ', 'который', 'душа', 'жить', 'великий', 'страна', 'знак-кавычки']"
1,0,0,0,1,1,1,1,1,1,1,1,1,0,0,1,1,1,1,1,1,1,"['стабильный', 'доход', 'месяц', 'косарь', 'бакс', 'понятно', 'голова', 'гбо', 'ездить', 'поддержать', 'японский', 'машина', 'новый']"
1,0,0,0,1,1,1,1,1,1,1,1,0,0,0,1,1,1,0,1,1,1,"['одновременно', 'мысль', 'конец', 'прийти', 'домой', 'завалиться', 'мягкий', 'расслаблять', 'кресло', 'набрать', 'телефонный', 'номер', 'доставка', 'пицца', 'дом']"
1,0,0,1,1,1,1,1,1,1,1,1,0,0,1,1,1,1,0,1,1,1,"['признание', 'другой', 'твой', 'собственный', 'успех', 'душа']"
1,1,0,0,1,1,0,1,0,0,0,1,1,0,0,1,0,1,0,1,0,1,"['особенно', 'показаться', 'чисто', 'женский', 'составлять', 'расстройство']"
1,1,1,1,1,1,1,1,1,1,1,1,1,1,1,1,1,1,0,1,1,1,"['бест', 'сказать', 'класс', 'установить', 'соня', 'второй', 'поколение', 'жутко', 'подтормаживать', 'жаль', 'прога', 'супер', 'последствие', 'закачать', 'новый', 'мобильник', 'безумие', 'рад', 'особенно', 'статус', 'душа', 'действительно', 'мелочь', 'приятно']"
1,1,1,1,1,1,1,1,1,1,1,1,1,0,1,1,1,1,1,1,1,1,"['перегрызть', 'чуть-чуть', 'карабин', 'веревка', 'зависимость', 'мастерство', 'рассказчик', 'совершенно']"
1,1,0,0,1,1,1,1,1,1,1,1,1,1,0,1,1,1,0,1,1,1,"['шлепнуть', 'китайский', 'мыльница', 'супер', 'пупер', 'никон', 'душа', 'надежда', 'хороший', 'будущее', 'знак-кавычки']"
1,1,1,1,1,1,1,1,1,1,1,1,1,1,1,1,1,1,0,1,1,1,"['продавать', 'продукт', 'который', 'делать', 'человек', 'здоровый', 'душа', 'получать', 'слово', 'благодарность', 'клиент']"
1,1,1,1,1,1,1,1,1,1,1,1,0,0,0,1,1,1,1,1,1,1,"['нужный', 'руб', 'кризис', 'другой', 'способ', 'заработок', 'радоваться', 'который', 'душа']"
1,1,1,1,1,1,1,1,1,1,1,1,1,1,1,1,1,1,1,1,1,1,"['день', 'душа', 'душевный', 'обаяние', 'откровение', 'который', 'довестись', 'прочувствовать', 'чарующий', 'небо', 'армения', 'непосредственность', 'пыльный', 'армейский', 'сапог', 'наивность', 'самопальный', 'кавказский', 'бурка', 'потереть', 'одеяло', 'реальность', 'туповатый', 'табельный', 'штык', 'нож', 'неудобно', 'зажать', 'зуб', 'плясать', 'солдатик', 'армянин', 'знак-кавычки']"
1,1,1,1,1,1,1,1,1,1,1,1,1,1,1,1,1,1,1,1,1,1,"['остаться', 'сердце', 'песня', 'год', 'сделать', 'вместе', 'жизнь', 'яркий', 'оставить', 'след']"
1,1,1,0,1,1,1,1,1,1,1,1,1,1,0,1,1,1,1,1,1,1,"['победа', 'безусловно', 'сердце', 'поднимать', 'моральный', 'дух', 'уверенность', 'должно', 'помочь', 'показать', 'хороший', 'игра', 'москва', 'знак-кавычки']"
0,0,1,1,0,0,0,0,0,0,0,0,1,1,1,0,0,1,1,1,0,1,"['решить', 'ходить', 'зал', 'тренироваться', 'воздух', 'выполнять', 'упражнение']"
1,0,1,1,1,1,1,1,1,1,1,1,1,1,1,1,1,1,1,1,1,1,"['особенно', 'волшебный', 'слово', 'поступить', 'сегодня', 'нервный', 'импульс', 'мозговой', 'зарубежный', 'часть', 'рамблер', 'вторичный', 'российский', 'орган', 'компания', 'знак-кавычки']"
1,1,1,1,1,1,1,1,1,1,1,1,1,1,1,1,1,1,1,1,1,1,"['идея', 'иметь', 'опыт', 'определенный', 'область', 'создать', 'информационный', 'продукт', 'построить', 'бизнес']"
1,0,1,1,1,1,1,1,1,1,1,1,1,1,1,1,1,1,1,1,1,1,['взгляд']
1,1,1,0,1,1,1,1,1,1,1,1,1,1,0,1,1,1,1,1,1,1,"['некоторый', 'особо', 'яркий', 'эпизод', 'туристический', 'жизнь', 'давно', 'радовать', 'слух', 'душа', 'походный', 'костер', 'точка', 'слет', 'знак-кавычки']"
1,1,1,1,1,1,1,1,1,1,1,1,1,1,1,1,1,1,1,1,1,1,"['скоро', 'разонравиться', 'работа', 'модель', 'необходимость', 'объект', 'который', 'представлять', 'различный', 'продукция', 'кошачий', 'еда', 'бриллиант', 'душа']"
1,1,1,1,1,1,1,1,1,1,1,1,1,1,1,1,1,1,1,1,1,1,"['первый', 'стук', 'дрожать', 'рука', 'заветный', 'дверь', 'гордый', 'душа', 'высказывание', 'маркетолог', 'сказать', 'знак-кавычки']"
1,1,0,0,1,1,0,1,1,1,1,1,1,1,0,1,1,1,1,1,1,1,"['песня', 'совсем', 'находиться', 'власть', 'холодный', 'атмосфера', 'словно']"
1,1,1,0,1,1,1,1,1,1,1,1,1,1,0,1,1,1,1,1,1,1,"['желать', 'необыкновенный', 'период', 'пробуждение', 'природа', 'сильный', 'чувство', 'яркий', 'эмоция', 'светлый', 'момент', 'рядом', 'близкие', 'красивый', 'слово', 'душа', 'самый', 'любимый', 'человек', 'теплый', 'взгляд', 'лучезарный', 'улыбка', 'окружать', 'исключение', 'ясный', 'солнечный', 'денек', 'омрачить', 'ненастье', 'прозрачный', 'хрупкость', 'звон', 'ухо', 'воздух', 'рыжий', 'мартовский', 'кот', 'крыша', 'петь', 'серенада', 'оранжевый', 'настроение']"
1,1,1,1,1,1,1,1,1,1,1,1,1,1,1,1,1,1,1,1,1,1,"['блог', 'прекрасно', 'смотреться', 'браузер', 'компьютер', 'несомненно', 'душа', 'совсем']"
1,0,1,1,1,1,1,1,1,1,1,1,1,1,1,1,1,1,1,1,1,1,"['никакой', 'комфорт', 'желание', 'закутить', 'сидеть', 'внутри', 'ныть', 'грызть', 'точно', 'борьба', 'бояться', 'ненавидеть', 'настойчивый', 'музыка', 'голова', 'который', 'подкрепляться', 'физический', 'нетерпение', 'подрагивание', 'тело', 'ребеночек', 'говорить', 'дать', 'побыстреееее', 'вещь', 'первый', 'опыт', 'некурение', 'боль', 'коло', 'половина', 'год', 'бросить', 'отпадать', 'корочка', 'ранка', 'отвалиться', 'правда', 'создать', 'условие', 'получиться', 'впервые', 'познакомиться', 'йога', 'сильно', 'втянуться', 'другой', 'стать', 'цель', 'жизнь', 'настолько', 'захватить', 'прежний', 'дружить', 'второй', 'подруга', 'заядлый', 'курильщица', 'назад', 'программа']"
1,1,1,1,1,1,0,1,1,0,0,1,1,1,1,1,0,1,1,1,0,1,"['новичок', 'рука', 'чаша', 'огнь', 'полноценный', 'ощущать', 'насколько', 'горячий', 'выбрать', 'профессия', 'знак-кавычки', 'знак-кавычки']"
1,1,1,1,1,1,1,1,1,1,1,1,1,1,1,1,1,1,1,1,1,1,"['пережить', 'выдержать', 'замерзнуть', 'глаз', 'душа', 'тело', 'воспоминание']"
1,1,0,0,1,1,1,1,1,1,1,1,1,0,0,1,1,1,1,1,1,1,"['деньги', 'создавать', 'хороший', 'настроение', 'который', 'приходить', 'мысль', 'зарубежный', 'клиника', 'пермский', 'скорый', 'успеть', 'довезти', 'знак-кавычки']"
1,1,1,1,1,1,1,1,1,1,1,1,1,1,1,1,1,1,1,1,1,1,"['скучать', 'город', 'мысль', 'душа', 'сумный']"
1,1,1,1,1,1,1,1,1,1,1,1,1,1,1,1,1,1,1,1,1,1,"['стать', 'зять', 'собираться', 'винокурня', 'вдруг', 'попритчиться', 'хворь', 'поневоле', 'придтись', 'дома', 'остаться']"
1,0,1,1,1,1,1,1,1,1,1,1,1,1,1,1,1,1,1,1,1,1,"['стальной', 'здоровье', 'отдых', 'противный', 'диарея', 'насморк']"
1,1,1,1,1,1,1,1,1,1,1,1,1,1,1,1,1,1,1,1,1,1,"['глухой', 'вдруг', 'страх', 'дервиш', 'опутать', 'чары', 'подчинить', 'воля']"
1,1,1,1,1,1,1,1,1,1,1,1,1,1,1,1,1,1,1,1,1,1,"['нарты', 'след', 'кровник']"
1,0,0,1,1,1,1,1,1,1,1,1,1,1,1,1,1,1,1,1,1,1,"['уважаемый', 'конь', 'пальто', 'который', 'заказ', 'просить', 'сказать', 'приват', 'никакой', 'действие', 'предпринимать', 'денежка', 'оставлять', 'право', 'попросить', 'помощь', 'старший', 'товарищ', 'друг', 'думать', 'человек', 'уровень', 'выдержать', 'дракон', 'тянуть', 'морок', 'слетать', 'узнавать', 'ник', 'общать', 'п', 'роплатить', 'травма', 'успех', 'знак-кавычки', 'знак-кавычки']"
0,1,1,0,0,0,0,0,0,0,0,0,1,1,0,0,0,0,1,0,0,1,"['легавый', 'след', 'пробираться', 'камыш']"
0,0,0,1,0,0,1,0,1,1,1,0,1,0,0,0,1,0,1,0,1,1,"['уразуметь', 'золотоносный', 'жила', 'приключение', 'нью-йоркский', 'женщина', 'решить', 'выпустить', 'большой', 'экран', 'полнометражный', 'фильм']"
0,0,0,1,0,0,0,0,0,0,0,0,1,0,1,0,0,0,1,0,0,1,"['пользоваться', 'дорогой', 'читатель', 'приступ', 'жлобство', 'страница', 'раздача', 'находиться', 'знак-кавычки']"
0,0,1,1,0,0,0,0,0,0,0,0,0,1,1,0,0,0,1,0,0,1,"['кадровик', 'административный', 'восторг']"
1,0,0,0,1,1,1,1,1,1,1,1,1,0,0,1,1,1,1,1,1,1,"['история', 'софи', 'марсо', 'татьяна', 'друбич', 'петя', 'некий', 'меланхолия', 'знакомство', 'девушка', 'знак-кавычки', 'знак-кавычки']"
1,1,0,0,1,1,0,1,0,0,0,1,1,0,0,1,0,1,1,1,0,1,"['гордость', 'сказать', 'чудачка', 'ходить', 'знак-кавычки', 'знак-кавычки']"
0,0,0,0,0,0,0,0,0,0,0,0,1,0,0,0,0,0,1,0,0,1,"['след', 'преступный', 'организация', 'создать', 'известный', 'общественный', 'деятель', 'меценат', 'андреев', 'деньги', 'который', 'иркутск', 'поставить', 'памятник', 'адмирал', 'колчак', 'удаться', 'исключительно', 'сыскной', 'талант', 'кампф']"
0,0,1,0,0,0,0,0,0,0,0,0,1,1,0,0,0,0,1,0,0,1,"['перевязка', 'стать', 'намного', 'легко', 'потеря', 'кровь', 'сонливость']"
1,0,1,0,1,1,1,1,1,1,1,1,1,1,0,1,1,1,1,1,1,1,"['битва', 'мегафон', 'яндекс', 'знак-кавычки', 'знак-кавычки']"
0,0,1,1,0,0,1,0,1,1,1,1,0,0,1,1,1,1,1,0,1,1,"['болезнь', 'лежать']"
0,0,1,1,0,0,0,0,0,0,0,0,1,1,1,0,0,0,1,0,0,1,"['жила', 'рассыпной', 'золото']"
0,1,1,0,0,0,0,0,0,0,0,0,1,0,0,0,0,0,1,0,0,1,"['последний', 'неделя', 'постоянно', 'ныть', 'поясница', 'тянуть', 'живот', 'сын', 'давить', 'печень', 'желудок', 'ночь', 'живот', 'схватывать', 'туалет', 'гонять', 'спать', 'сутки', 'ходить', 'ныть', 'сегодня', 'убитый', 'лягло', 'около', 'проснуться', 'туалет', 'повернуться', 'день', 'летать', 'болеть', 'тянуть', 'спокойно', 'чуток', 'ворочиться', 'давид', 'состояние', 'гора', 'готовый', 'свернуть', 'мама', 'говорить', 'ребенок', 'роды', 'затихать', 'давать', 'отдохнуть', 'набратся', 'сила', 'род', 'че', 'бояться', 'страх', 'сентябрь', 'вчера', 'сказать']"
0,0,0,0,0,0,0,0,0,0,0,0,1,0,0,0,0,0,1,0,0,1,"['придтись', 'разочаровать']"
0,0,1,0,0,0,0,0,0,0,0,1,1,1,0,0,0,1,1,1,0,1,"['последний', 'время', 'жор', 'бороться', 'косяча', 'каяться']"
0,0,1,1,0,0,0,0,0,0,0,0,1,0,1,0,0,0,1,0,0,1,"['американец', 'краснушный', 'вирус']"
0,0,0,0,0,0,0,0,0,0,0,0,0,0,0,0,0,0,1,0,0,1,"['закричать', 'выход', 'показать', 'час', 'пойти', 'директор', 'алтынник', 'грош', 'сбирать', 'слово', 'уйти', 'знак-кавычки']"
0,0,0,0,0,0,0,0,0,0,0,0,1,0,0,0,0,0,1,0,0,1,"['внезапный', 'ужас', 'сопротивный', 'тьма', 'покрыть']"
0,0,1,0,0,0,0,0,0,0,0,0,1,0,1,0,0,0,1,0,0,1,['невезуха']
0,0,0,0,0,0,0,0,0,0,0,0,1,0,0,0,0,0,1,0,0,1,"['шаг', 'граф', 'вдруг', 'поджать', 'хвост', 'стать', 'пятиться', 'внезапный', 'страх', 'словно']"
0,0,1,0,0,0,0,0,0,0,0,0,1,0,0,0,0,0,1,0,0,1,"['несчастье', 'пора', 'предоставить', 'жить', 'наедине', 'тайный', 'болезнь']"
0,1,0,0,0,0,0,0,0,0,0,0,1,0,0,0,0,0,1,0,0,1,"['должный', 'представить', 'придтись', 'делать', 'вдруг', 'оборваться', 'шнур', 'микрофон', 'полететь', 'пол', 'конспект', 'приступ', 'кашель']"
1,1,1,0,1,1,0,1,0,1,0,1,1,1,0,1,0,1,0,1,0,1,"['стать', 'страшно', 'ужас']"
1,0,0,0,1,1,1,1,1,1,1,1,1,0,0,1,1,1,1,1,1,1,"['служба', 'страх', 'предчувствие', 'будущее', 'словно']"
1,0,0,0,1,1,0,1,0,0,0,1,1,0,0,1,0,1,1,1,1,1,"['грусть', 'тоска']"
1,1,1,1,1,1,1,1,1,1,1,1,1,1,1,1,1,1,1,1,1,1,"['время', 'прийти', 'хлопотливый', 'нужный', 'простуда', 'враг', 'взять']"
1,1,1,0,1,1,0,1,1,0,1,0,1,0,0,0,0,0,1,0,1,1,"['лев', 'пассия', 'дух', 'противоречие', 'слышать', 'каждый', 'минута', 'спешить', 'огорчаться', 'знак-кавычки']"
1,1,1,1,1,1,1,1,1,1,1,1,1,1,1,1,1,1,1,1,1,1,"['долгий', 'время', 'удаваться', 'скрываться', 'инспектор', 'варник', 'след']"
1,0,1,1,1,1,1,1,1,1,1,1,0,1,1,1,1,1,1,1,1,1,"['апатия', 'памперс', 'менять', 'знать', 'кормить', 'испытывать', 'никакой', 'чуства', 'просто', 'хотеть', 'есть']"
1,0,1,0,1,1,1,1,1,1,1,1,1,1,0,1,1,1,1,1,1,1,"['важный', 'заниматься', 'допоздна', 'проводить', 'время', 'работать', 'компьютер', 'бессонница']"
1,0,1,0,1,1,1,1,1,1,1,1,1,1,0,1,1,1,1,1,1,1,"['видомин', 'воительница', 'страшный', 'враг', 'икот']"
1,1,1,1,1,1,1,1,1,1,1,1,1,1,1,1,1,1,1,1,1,1,"['думать', 'дурочка']"
1,1,1,1,1,1,1,1,1,1,1,1,1,1,1,1,1,1,1,1,1,1,"['войти', 'дверь', 'ресторан', 'аццкий', 'приступ', 'смех']"
1,1,1,0,1,1,1,1,1,1,1,1,1,0,0,1,1,1,1,1,1,1,['страх']
1,0,1,0,1,1,1,1,1,1,1,1,1,1,0,1,1,1,1,1,1,1,"['остальной', 'страх', 'разбегаться']"
1,1,1,1,1,1,1,1,1,1,1,1,1,1,1,1,1,1,1,1,1,1,['мужик']
1,1,1,1,1,1,1,1,1,1,1,1,1,1,1,1,1,1,1,1,1,1,"['страх', 'император', 'подать', 'знак', 'аббат', 'приказать', 'призрак', 'исчезнуть', 'сказать', 'дрожать', 'гнев', 'монах', 'повторять', 'штука', 'знак-кавычки']"
1,1,1,1,1,1,1,1,1,1,1,1,1,1,1,1,1,1,1,1,1,1,"['грусть', 'снова']"
1,1,1,1,1,1,1,1,1,1,1,1,1,1,1,1,1,1,1,1,1,1,['жор']
1,1,1,1,1,1,1,1,1,1,1,1,1,1,1,1,1,1,1,1,1,1,"['находиться', 'далеко', 'дом', 'например', 'командировка', 'отдых', 'заграница', 'отличный', 'распродажа']"
1,1,1,1,1,1,1,1,1,1,1,1,1,1,1,1,1,1,1,1,1,1,"['омск', 'невероятный', 'мор', 'случиться', 'война', 'соседний', 'государство', 'правительство', 'получить', 'прогнозировать', 'процент-знак']"
1,1,1,0,1,1,0,1,0,1,1,1,1,1,0,1,0,1,1,1,0,1,"['тоска', 'конец', 'прийти']"
0,1,1,1,0,0,0,0,1,0,0,0,1,1,1,0,0,0,1,0,0,1,"['след', 'похититель']"
1,0,1,1,1,1,1,1,1,1,1,1,0,1,1,1,1,1,1,1,1,1,"['суздалец', 'внезапно', 'страх', 'суматоха', 'поражать', 'друг']"
1,1,1,1,1,1,1,1,1,1,1,1,1,1,1,1,1,1,1,1,1,1,"['ситуация', 'птичий', 'свинячий', 'грипп', 'нить', 'утиный', 'фигня', 'соответсвенно', 'некоторый', 'страна', 'запрещать', 'свинина', 'птица']"
1,1,1,1,1,1,0,1,0,0,1,1,1,1,1,1,0,1,1,1,0,1,"['мысль', 'который', 'облегчать', 'многое', 'словом', 'настойчивый', 'изучение', 'природа', 'тщательность', 'заниматься', 'сравнительный', 'анатомия', 'научить', 'древность', 'видеть', 'целое', 'художник', 'труд', 'находить', 'часть', 'найти', 'хранить', 'состояние', 'сообщить', 'другой', 'знак-кавычки']"
1,0,1,1,1,1,1,1,1,1,1,1,1,0,0,1,1,1,1,1,1,1,"['слепой', 'страх', 'панический']"
1,0,1,1,1,1,1,1,1,1,1,1,1,1,1,1,1,1,1,1,1,1,"['приходиться', 'сменить', 'место', 'клев']"
0,1,1,1,0,0,1,0,1,1,1,0,1,1,1,0,1,0,1,0,1,1,"['спешить', 'предполагать', 'самый', 'страшный', 'жор']"
0,1,1,1,0,1,0,1,0,0,0,0,1,1,1,0,0,0,1,0,0,1,"['предположить', 'обычный', 'женский', 'мнительность']"
0,0,1,0,0,0,0,0,0,0,0,0,1,1,0,0,0,0,1,0,1,1,"['апрель', 'год', 'миновать', 'человечество']"
0,0,1,1,0,0,0,0,0,0,0,0,1,1,1,0,0,0,1,0,0,1,"['ехать', 'вечеринка', 'наесться', 'бедный', 'пуканье', 'делать', 'громко', 'уставиться', 'лысый', 'мужчина']"
1,1,0,1,1,1,1,1,1,1,1,1,1,0,0,1,1,1,1,1,1,1,"['межпланетный', 'экспедиция', 'новый', 'животное', 'московский', 'зоопарк', 'который', 'участвовать', 'профессор', 'селезнев', 'дочь', 'алиса', 'след', 'пропасть', 'герой', 'капитан']"
0,0,1,1,0,0,1,0,1,1,1,0,1,0,0,0,1,0,1,0,1,1,"['девочка', 'грусть', 'тоска']"
0,0,0,0,0,0,0,0,0,0,0,0,1,0,0,0,0,0,1,0,0,1,"['хотеть', 'успокоить', 'спутница', 'невольный', 'дрожь']"
0,0,0,1,0,0,0,0,0,0,0,0,1,0,1,0,0,0,1,0,0,1,"['молодой', 'журналистка', 'николь', 'наконец', 'след', 'пропасть', 'отец', 'известный', 'археолог']"
0,0,0,0,0,0,0,0,0,0,0,0,1,0,0,0,0,0,1,0,0,1,"['минута', 'жуткий', 'крупный', 'дрожь', 'врач', 'отдать', 'распоряжение', 'реланиум', 'димедрол', 'знак-кавычки', 'буквально']"
0,0,1,0,0,0,0,0,0,0,0,0,1,1,0,0,0,0,1,0,0,1,"['одуматься', 'маленько', 'страх']"
0,0,0,0,0,0,0,0,0,0,0,0,1,0,0,0,0,0,1,0,0,1,"['дорога', 'место', 'дуэль', 'лошадь', 'необъяснимый', 'ужас', 'припадок', 'стоить', 'оккультист', 'жизнь']"
0,0,0,0,0,0,0,0,0,0,0,0,1,0,0,0,0,0,1,0,0,1,"['написать', 'письмо', 'отец', 'сумерки', 'прилечь', 'постель', 'внезапно', 'усталость', 'положить', 'ладонь', 'щека', 'слушать', 'шуметь', 'море', 'отдаленный', 'приятный']"
0,0,0,0,0,0,0,0,0,0,0,0,0,0,0,0,0,0,1,0,0,1,"['осознание', 'прийти', 'озарение', 'вспышка', 'нормально', 'разговаривать', 'судорожный', 'истерический', 'смех']"
1,0,0,1,1,1,1,1,1,1,0,1,1,1,1,1,1,1,1,1,1,1,['лиза']
0,1,0,0,0,0,0,0,0,0,0,0,1,0,0,0,0,0,1,0,0,1,"['охота', 'странствовать', 'любить', 'ум', 'искать', 'ездить', 'далеко']"
1,1,0,0,1,1,0,1,0,0,0,1,1,0,0,1,0,1,1,1,0,1,"['пасе', 'славянофобский', 'амплуа', 'данный', 'случай', 'белорусофобия', 'лукашенкофобия']"
0,0,0,1,0,0,0,0,0,0,0,0,1,0,1,0,0,0,1,0,0,1,"['салтыков', 'открыто', 'утверждение', 'русский', 'слово', 'казаться', 'сектаторство', 'знак-кавычки']"
0,0,0,1,0,0,1,0,1,1,1,0,1,0,1,0,1,0,1,0,1,1,"['рано', 'налоговый', 'инспектор', 'действовать', 'скоро', 'пират', 'мутный', 'беспокойный', 'вода', 'знать', 'проведение', 'проверка']"
0,0,0,0,0,0,0,0,0,0,0,0,1,0,0,0,0,0,1,0,0,1,"['однажды', 'рассказывать', 'сильный', 'искушение', 'заставить', 'покинуть', 'монастырь', 'знак-кавычки']"
0,1,0,0,0,0,0,0,0,0,0,0,1,0,0,0,0,0,0,0,0,1,"['здоровье', 'крепкий', 'чиряк', 'хотеть', 'сделать', 'переливание', 'вена', 'совсем', 'выкарабкаться']"
0,0,0,0,0,0,0,0,0,0,0,0,0,0,0,0,0,0,0,0,0,1,"['зимний', 'метельный', 'ночь', 'бессонница', 'прийти', 'вдруг', 'некоторый', 'озарение', 'написать', 'стих', 'метель', 'лететь', 'мель', 'свистеть', 'земля']"
0,1,1,0,0,0,1,0,1,1,1,0,0,0,0,0,1,0,0,0,1,1,"['сын', 'сесть', 'столик', 'вдруг', 'нежность', 'брать', 'ручка', 'щека', 'целовать', 'хохотать']"
0,0,0,0,0,0,0,0,0,0,0,0,0,0,0,0,0,0,0,0,0,1,"['сердито', 'пробурчать', 'тиббе']"
0,0,0,0,0,0,0,0,0,0,0,0,1,0,0,0,0,0,0,0,0,1,"['девочка', 'хохот', 'ответить', 'слово']"
1,0,0,0,1,1,1,1,1,1,1,1,0,0,0,1,1,1,0,1,1,1,"['страх', 'особенно', 'обостриться', 'конец', 'го', 'фсб', 'след', 'монастырецкий']"
0,1,0,0,0,0,0,0,0,0,0,0,1,0,0,0,0,0,0,0,0,1,"['след', 'владик', 'совершенно', 'случайно']"
0,0,0,0,0,0,0,0,0,0,0,0,0,0,0,0,0,0,0,0,0,1,"['городской', 'центр', 'дом', 'этаж', 'интерес', 'вызвать', 'окраина', 'кукурузный', 'поле', 'кинуться', 'заросль', 'окупать', 'железнодорожный', 'билет']"
0,0,0,1,0,0,1,0,1,0,0,1,0,1,1,1,1,1,0,1,0,1,"['наконец', 'благожелательный', 'клиент']"
0,0,0,1,0,0,0,0,0,0,0,0,1,1,1,0,0,0,0,0,0,1,['след']
1,0,1,0,1,1,1,1,0,1,1,0,0,0,0,0,1,0,0,0,0,1,"['странный', 'дело', 'вдруг', 'тоска', 'нестерпимый', 'главное', 'каждый', 'шаг', 'приближение', 'дом', 'нарастать']"
1,1,0,0,1,1,1,1,1,1,1,1,0,0,0,1,1,1,0,1,1,1,"['дроссельмейер', 'придворный', 'звездочет', 'странствовать', 'год', 'след', 'орех', 'кракатук']"
1,1,0,0,1,1,1,1,1,1,1,1,0,0,0,1,1,1,0,1,1,1,"['особенно', 'сильный', 'тоска', 'азия', 'дремучий', 'лес', 'вместе', 'спутник', 'присесть', 'выкурить', 'трубочка', 'кнастер']"
1,1,0,1,1,1,1,1,1,1,1,1,1,0,1,1,1,1,1,1,1,1,"['капсула', 'лифт', 'петлять', 'этаж', 'долго', 'эмми', 'вновь', 'страх']"
1,1,0,1,1,1,1,1,1,1,1,1,1,0,1,1,1,1,0,1,1,1,"['замечательный', 'находка']"
1,1,1,1,1,1,1,1,1,1,1,1,1,1,1,1,1,1,0,1,1,1,"['цой', 'казаться', 'след', 'орган', 'который', 'ткань', 'моллюск', 'совершаться', 'процесс']"
1,1,1,0,1,1,1,1,1,1,1,1,1,0,0,1,1,1,0,1,1,1,"['решить', 'дело', 'оставлять', 'инструктор', 'требование', 'разъяснить', 'паршиво', 'проехать']"
1,1,0,0,1,1,0,1,0,0,0,1,1,0,1,1,0,1,0,1,0,1,"['приняться', 'книжка', 'старик', 'гильмар', 'курас', 'единственный', 'руководство', 'чистописание', 'найтись', 'хозяин', 'мысль', 'загадочный', 'трудность', 'писание', 'преодолеть', 'большой', 'манжета', 'который', 'поддерживать', 'пишущий', 'рука', 'изобразить', 'учебник']"
1,0,0,1,1,1,1,1,1,1,1,1,0,0,0,1,1,1,0,1,1,1,"['вчера', 'ночь', 'мания', 'флуд', 'знак-кавычки']"
1,0,0,1,0,0,1,0,1,1,1,0,1,0,1,0,1,0,0,0,1,1,"['говорить', 'честно', 'таковский']"
1,1,1,1,1,1,1,1,1,1,1,1,1,1,1,1,1,1,0,1,1,1,"['выход', 'роман', 'писатель', 'обратиться', 'житель', 'деревня', 'извинение', 'просьба', 'воспринимать', 'содержание', 'переубедить', 'прототип', 'герой', 'глухой', 'место', 'первый', 'возможность', 'знак-кавычки', 'буквально']"
1,1,1,1,1,1,1,1,1,1,1,1,1,1,1,1,1,1,1,1,1,1,[]
1,0,1,1,1,1,1,1,1,1,1,1,0,1,1,1,1,1,0,1,1,1,"['поднять', 'другой', 'дорога', 'узелочек', 'рубаха', 'крест', 'пояс', 'цепочка', 'уголек', 'лишиться', 'покой', 'тоска', 'немилый', 'сталь']"
1,1,1,1,1,1,1,1,1,1,1,1,0,1,1,1,1,1,0,1,1,1,"['правительство', 'бериш', 'многочисленный', 'скандал', 'который', 'регулярно', 'вспыхивать', 'албания']"
1,1,0,1,1,1,1,1,1,1,1,1,0,1,1,1,1,1,0,1,1,1,"['ничто', 'выйти']"
1,1,1,1,1,1,1,1,1,1,1,1,1,0,1,1,1,1,0,1,1,1,"['курс', 'октябрь']"
1,1,1,1,1,1,1,1,1,1,1,1,1,1,1,1,1,1,0,1,1,1,"['бог', 'сойти', 'земля', 'образ', 'раб', 'узнать', 'неутаить', 'красота', 'золото', 'плечо', 'неведомый', 'мысль', 'персональный', 'найти', 'объясненье', 'оправданье', 'одержимость']"
1,1,0,1,1,1,1,1,1,1,1,1,0,0,0,1,1,1,0,1,1,1,"['рабство', 'есть', 'другой', 'есть', 'голодный', 'посидеть', 'готовить', 'женщина', 'должный', 'удовольствие', 'первый', 'очередь', 'палка', 'сказать', 'получиться', 'вкусный', 'желание', 'огромный', 'суша', 'сделать', 'редко', 'торт', 'выходить', 'обычный', 'блюдо', 'муж', 'привередливый', 'родитель', 'детство', 'отучить', 'слово', 'любить', 'дом', 'иметь', 'ходить', 'повод', 'муж', 'сказать', 'хотеть', 'точка', 'заказать', 'ролтон', 'худой', 'конец', 'заварганить', 'ничто', 'никто', 'умереть', 'голод', 'знак-кавычки']"
1,0,0,0,1,1,1,1,1,1,1,1,0,0,0,1,1,1,1,1,1,1,"['тотальный', 'лень', 'попробовать', 'некоторый', 'время', 'ничто', 'делать', 'сидеть', 'стоять']"
1,1,0,1,1,1,1,1,1,1,1,1,1,1,1,1,1,1,0,1,1,1,"['легко', 'провести']"
0,0,0,0,0,0,0,0,0,0,0,0,1,0,1,0,0,0,0,0,0,1,"['первый', 'половина', 'день', 'есть', 'второй', 'беременность', 'жор', 'как будто']"
1,0,1,0,1,1,0,1,0,0,0,1,0,1,1,1,0,1,0,1,0,1,"['грусть', 'хотеть', 'большой', 'праздник', 'белый', 'красивый', 'платье', 'торжество']"
1,1,1,1,1,1,1,1,1,1,1,1,1,1,1,1,1,1,0,1,1,1,"['телек', 'показывать', 'жесткий', 'вещь', 'ребенок', 'смотреть', 'сайт', 'значить', 'молодой', 'ребята', 'афганистан', 'ирак', 'погибать', 'нормальный', 'сука', 'противно', 'часть', 'жизнь']"
1,1,0,0,1,1,1,1,1,1,1,1,1,1,0,1,1,1,0,1,1,1,"['темнота', 'обстал']"
1,1,1,0,1,1,1,1,1,1,1,1,1,0,0,1,1,1,0,1,1,1,"['уважаемый', 'читатель', 'читать', 'строка', 'значить', 'дегустатор', 'мор']"
1,1,0,1,1,1,1,1,1,1,1,1,1,0,1,1,1,1,0,1,1,1,"['бывший', 'харьковский', 'учитель', 'проклекотать', 'немецкий', 'английский', 'язык', 'приветствие', 'надеяться', 'втайне', 'новый', 'жилец', 'пара', 'слово', 'сказать', 'быстро', 'понять']"
1,0,1,0,1,1,1,1,1,1,1,1,0,1,1,1,1,1,0,1,1,1,"['увидеть', 'горячо', 'упрек', 'го', 'уезжать', 'скоро', 'знак-кавычки']"
1,1,0,0,1,1,1,1,1,1,1,1,1,0,0,1,1,1,0,1,1,1,"['дверь', 'оказаться', 'высокий', 'широкий', 'коридор', 'выложить', 'серый', 'камень', 'который', 'привести', 'второй', 'железный', 'засов', 'замок', 'кучер', 'хотеть', 'отпереть', 'барин', 'страх', 'броситься', 'бегом', 'назад', 'велеть', 'снова', 'запереть', 'страшный', 'ключ', 'забросить', 'озеро']"
1,1,1,1,1,1,1,1,1,1,1,1,1,1,1,1,1,1,0,1,1,1,"['клад', 'найти', 'угольный', 'пласт']"
1,0,1,0,1,1,1,1,1,1,1,1,0,1,1,1,1,1,0,1,1,1,"['след', 'лемка']"
1,1,0,0,1,1,1,1,1,1,1,1,0,0,0,1,1,1,0,1,1,1,"['страх', 'суд', 'бояться', 'помешаться', 'рассудок']"
1,1,1,1,1,1,1,1,1,1,1,1,0,1,1,1,1,1,0,1,1,1,"['страх', 'подумать', 'выговаривать', 'мысль']"
1,1,1,1,1,1,1,1,1,1,1,1,1,0,1,1,1,1,0,1,1,1,"['кака', 'така', 'лихоманка', 'ребенок', 'письмо', 'отправлять']"
1,1,1,1,1,1,1,1,1,1,1,1,1,1,0,1,1,1,0,1,1,1,"['человек', 'критика', 'миллион', 'который', 'следовать', 'правило']"
1,0,1,1,1,1,1,1,1,1,1,1,0,1,1,1,1,1,0,1,1,1,"['уолтер', 'депрессия', 'безучастно', 'смотреть', 'потолок']"
0,1,1,0,1,1,1,1,1,1,1,0,1,1,0,1,1,1,0,1,1,1,"['время', 'разведка', 'город', 'след', 'целый', 'большевистский', 'организация']"
0,1,1,0,0,0,0,0,0,0,0,0,0,1,1,0,0,0,0,0,0,1,"['неделя', 'прийти', 'похвалиться', 'долгий', 'поиск', 'некий', 'ланглуа', 'который', 'давно', 'подбираться', 'недвижимость', 'цена', 'говорить']"
1,0,1,1,1,1,1,1,1,1,1,1,0,1,1,1,1,1,0,1,1,1,"['сказать', 'собираться', 'пойти', 'один', 'приступ', 'нерациональный', 'страх']"
1,0,1,1,1,1,1,1,1,1,1,1,0,1,1,1,1,1,0,1,1,1,"['след', 'целый', 'ряд', 'дальнейший', 'закон', 'первый', 'который', 'обратить', 'внимание', 'сказать', 'сравнительно', 'разработать']"
1,1,0,0,1,1,0,1,0,0,0,1,0,0,0,1,0,1,0,1,0,1,"['поэт', 'который', 'чувствовать', 'необходимость', 'написать', 'произведение', 'иметь', 'определенный', 'план', 'мысль', 'нажимать', 'педаль', 'создание', 'настроение', 'музыкант', 'творческий', 'стих', 'сила', 'воля', 'должный', 'творить', 'данный', 'момент', 'большой', 'влечение', 'отдых', 'сон', 'жизнь', 'помнить', 'создать', 'выдумать']"
1,1,1,1,1,1,1,1,1,1,1,1,1,0,1,1,1,1,0,1,1,1,"['желание', 'выяснеть', 'сравнение', 'насколько', 'вызвать', 'фактический', 'отношение', 'предмет', 'друг']"
1,1,1,1,1,1,1,1,1,1,1,1,1,1,1,1,1,1,0,1,1,1,"['съесть', 'выпить', 'сон', 'избавить']"
1,1,1,1,1,1,1,1,1,1,1,1,1,1,1,1,1,1,0,1,1,1,"['начало', 'век', 'европеец', 'горнолыжный', 'бум', 'знак-кавычки']"
1,1,1,1,1,1,1,1,1,1,1,1,0,1,1,1,1,1,0,1,1,1,"['читать', 'эшафот', 'вывести', 'народ', 'страх', 'словно']"
0,1,1,0,0,0,0,0,0,0,0,0,1,1,0,0,0,0,0,0,0,1,"['собрание', 'заметить', 'один', 'тщательный', 'брат', 'нечистый', 'помысел']"
1,1,1,1,1,1,1,1,1,1,1,1,0,1,1,1,1,1,0,1,1,1,"['ягода', 'крепить', 'кишечник', 'хороший', 'случай', 'расстройство']"
1,1,0,0,1,1,1,1,1,1,1,1,1,0,0,1,1,1,0,1,1,1,"['ночь', 'ненастный', 'настать', 'боязнь', 'страх', 'мужик', 'закопаться', 'сенник']"
1,0,1,1,1,1,0,1,0,0,0,1,0,1,0,1,0,1,0,1,0,1,"['ночь', 'холодный', 'настать', 'дрожь', 'малый', 'зуб', 'начать', 'плясать']"
1,0,1,1,1,1,1,1,1,1,1,1,0,1,1,1,1,1,0,1,1,1,"['страх', 'гнев', 'надменность', 'разорение']"
1,1,1,0,1,1,0,1,0,0,0,1,1,1,1,1,0,1,0,1,0,1,"['один', 'зацепить', 'жертва', 'николай', 'васильевич', 'отставать', 'руководствоваться', 'принцип', 'цель', 'добить', 'конец', 'знак-кавычки']"
1,1,1,1,1,1,1,1,1,1,1,1,1,1,1,1,1,1,0,1,1,1,"['видение', 'страх', 'ужас']"
1,1,1,1,1,1,1,1,1,1,1,1,0,1,1,1,1,1,1,1,1,1,[]
1,1,1,1,1,1,1,1,1,1,1,1,1,1,1,1,1,1,0,1,1,1,"['рассказать', 'вчера', 'совсем', 'мимоходом', 'пояснить', 'разговор', 'совершенно', 'неважный', 'случайно', 'мысль', 'понять', 'особый', 'разъяснение', 'нелепость', 'затея']"
1,0,1,1,1,1,1,1,1,1,1,1,1,1,1,1,1,1,0,1,1,1,"['собрать', 'сила', 'действовать', 'сомнение', 'собственный', 'бдительность']"
1,1,0,0,1,1,0,1,1,0,1,1,0,1,0,1,0,1,0,1,0,1,"['нежданно-негаданно', 'желание', 'понастальгоривать']"
1,1,1,1,1,1,0,1,0,0,0,1,0,1,1,1,0,1,0,1,0,1,['смех']
1,0,1,1,1,1,1,1,1,1,1,1,0,1,1,1,1,1,1,1,1,1,"['родитель', 'легко', 'обвинить', 'искать', 'никто', 'кейт', 'муж', 'сталь', 'сознаваться', 'делать', 'неожиданность', 'португальский', 'женщина', 'похожий', 'ситуация', 'суметь', 'выбить', 'показание', 'узнать', 'брить', 'журналист', 'снять']"
1,1,1,1,1,1,1,1,1,1,1,1,1,1,1,1,1,1,0,1,1,1,"['братец', 'пройти', 'ефтоты', 'день', 'демка', 'тоска', 'знать', 'голова', 'приклонить', 'взяться']"
1,0,0,0,1,0,0,0,0,0,0,1,1,0,0,0,0,0,0,0,0,1,"['продукт', 'проработать', 'неправильно', 'вылететь', 'адресация', 'должный', 'радоваться', 'след', 'ошибка', 'знак-кавычки']"
0,0,0,1,0,0,0,0,0,0,0,0,0,0,0,0,1,0,0,0,0,1,"['помысел', 'множество', 'победить', 'ум', 'пленник', 'тотчас', 'повлечь', 'мир']"
0,0,0,0,0,0,0,0,0,0,0,0,1,0,0,0,0,0,0,0,0,1,"['держать', 'путь', 'участь', 'старший', 'брат']"
0,0,0,1,0,0,1,0,1,1,1,0,0,0,1,0,1,0,0,0,1,1,"['черный', 'пантера', 'называть', 'красавица', 'швырять', 'мобильный', 'телефон', 'ассистентка', 'один', 'горничный', 'пытаться', 'бить', 'персональный', 'водитель', 'внести', 'блекнуть', 'лист', 'британский', 'авиалиния', 'знак-кавычки', 'знак-кавычки']"
0,0,1,1,0,0,0,0,0,0,0,0,0,1,1,0,0,0,0,0,0,1,"['ветер', 'разгонять', 'остаток', 'сонный', 'безмятежность']"
1,0,0,1,1,1,0,1,0,0,0,1,0,0,1,1,0,0,0,0,0,1,"['понять', 'доля', 'предприятие', 'вернуть', 'получиться', 'рейдер', 'имущество', 'предъявить', 'иск', 'признание', 'право', 'собственность', 'завод', 'основание', 'заключенный', 'ранее', 'договор', 'купля', 'продажа', 'здание', 'существовать', 'долг']"
0,0,1,0,0,0,0,0,0,0,0,0,0,1,0,0,0,0,0,0,0,1,"['достаточно', 'близкий', 'знакомство', 'социальный', 'сайт', 'жажда', 'эксперимент']"
0,0,0,0,0,0,0,0,0,0,0,0,0,0,0,0,0,0,0,0,0,1,"['англичанин', 'неукротимый', 'дрожь']"
0,0,1,1,0,0,0,0,0,0,0,1,0,1,0,0,0,1,0,1,0,1,"['чарли', 'столбняк']"
0,1,0,0,0,0,0,0,0,0,0,0,1,0,0,0,0,0,0,0,0,1,"['понимать', 'золотой', 'жила']"
0,0,1,0,0,0,0,0,0,0,0,0,0,0,0,0,0,0,0,0,0,1,[]
0,0,0,0,0,0,0,0,0,0,0,0,0,0,0,0,0,0,0,0,0,1,"['недалеко', 'дом', 'толпа', 'девица', 'выбраться', 'второй', 'пригородный', 'петлица', 'пышный', 'белый', 'астра', 'щека', 'сохнуть', 'поцелуй', 'казаться', 'познакомиться', 'половина', 'девушка', 'город']"
0,0,0,0,0,0,0,0,0,0,0,0,0,0,0,0,0,0,0,0,0,1,"['однажды', 'действительно', 'эффективный', 'терапевтический', 'метод', 'знак-кавычки']"
0,1,0,0,0,0,0,0,0,0,0,0,1,0,0,0,0,0,0,0,0,1,"['вновь', 'духота', 'сонливость', 'слабость', 'привычный', 'житель', 'пустыня', 'разом']"
0,0,0,0,0,0,0,0,0,0,0,0,0,0,0,0,0,0,0,0,0,0,"['вскоре', 'разбойник', 'эскорт']"
0,1,1,0,0,0,0,0,0,0,0,0,0,1,0,0,0,0,0,0,0,0,"['акула', 'снова', 'человек', 'приморье']"
0,0,0,0,0,0,0,0,0,0,0,0,0,0,0,0,0,0,0,0,0,0,"['приехать', 'москва', 'один', 'главарь', 'который', 'тотчас', 'арестовать']"
0,0,0,0,0,0,0,0,0,0,0,0,0,0,0,0,0,0,0,0,0,0,"['школьник', 'пострелять', 'автомат', 'узнать', 'делать', 'нож']"
0,1,0,0,0,0,0,0,0,0,0,0,1,0,0,0,0,0,0,0,0,0,"['допросить', 'потерпеть', 'дмитрий', 'петроченко', 'кондрак', 'заявить', 'суд', 'подсудимый', 'первый']"
0,0,0,0,0,0,0,0,0,0,0,0,0,0,0,0,0,0,0,0,0,0,"['внезапно', 'один', 'пассажир', 'мусульманка']"
1,1,0,0,1,0,1,0,1,0,0,0,0,0,0,0,1,0,0,0,0,0,"['думать', 'гендиректор', 'снова', 'встретиться', 'удаться', 'переговоры', 'исполнительный', 'директор', 'сказать', 'иванов', 'топ-менеджер', 'завод', 'вновь', 'участвовать', 'профсоюз', 'рабочий', 'отказаться', 'встреча', 'представитель', 'администрация', 'который', 'неоднократно', 'пытаться', 'договориться', 'ранее', 'отметить', 'слово', 'член', 'профком', 'намерен', 'обсудить', 'предстоящий', 'руководство', 'некоторый', 'вопрос', 'организация', 'перерыв', 'отдых', 'день', 'потребовать', 'прозрачный', 'понятный', 'начисление', 'заработный', 'плата', 'хотеть', 'инцидент', 'произойти', 'председатель', 'профорганизация', 'февраль', 'иванов', 'неизвестный', 'мужчина', 'знак-кавычки']"
0,0,0,0,0,0,0,0,0,0,0,0,0,0,0,0,0,0,0,0,0,0,"['июль', 'новгородский', 'область', 'населенный', 'пункт', 'новый', 'село', 'летний', 'жительница', 'новгород', 'отдыхать', 'овчарка', 'среднеазиатский', 'немецкий']"
0,0,0,0,0,0,0,0,0,0,0,0,0,0,0,0,0,0,0,0,0,0,"['конец', 'июнь', 'частный', 'дом', 'ростов-на-дону', 'ротвейлер', 'молодой', 'девушка', 'дочка', 'заводчица', 'собака']"
0,0,1,1,0,0,0,0,0,0,0,1,0,1,1,1,0,1,1,1,0,0,"['апрель', 'поселок', 'супсех', 'анапский', 'район', 'краснодарский', 'край', 'ротвейлев', 'трехлетний', 'девочка', 'который', 'выйти', 'один', 'двор', 'погулять']"
0,0,1,1,0,0,0,0,0,0,0,0,0,1,0,0,0,0,0,0,0,0,"['время', 'ребенок', 'стая', 'бродячий', 'собака', 'один', 'покусать']"
0,0,0,0,0,0,0,0,0,0,0,0,0,0,0,0,0,0,0,0,0,0,"['январь', 'истринский', 'район', 'московский', 'область', 'бешеный', 'собака', 'человек']"
0,0,0,0,0,0,0,0,0,0,0,0,1,0,0,0,0,0,0,0,0,0,"['январь', 'пригород', 'одинцово', 'московский', 'область', 'дача', 'вместе', 'бабушка', 'приехать', 'девочка', 'дошкольный', 'возраст', 'г.', 'р.', 'покормить', 'дворняга', 'который', 'приютить', 'собака', 'ребенок']"
0,0,0,0,0,0,0,0,0,0,0,0,1,0,1,0,0,0,0,0,0,0,"['апрель', 'челябинский', 'область', 'домашний', 'собака', 'ротвейлер', 'двор', 'дом', 'пятилетний', 'девочка']"
0,0,1,0,0,0,0,0,0,0,0,0,0,1,0,0,0,0,0,0,0,0,"['полицейский', 'задержать', 'летний', 'гражданин', 'таджикистан', 'который', 'версия', 'следствие', 'джиоку', 'тотуон', 'теофиль', 'работать', 'петербург', 'устроитель', 'вечеринка', 'ночной', 'клуб']"
1,0,0,0,0,0,0,0,0,0,0,0,0,0,0,0,0,0,0,0,0,0,"['преступник', 'жертва', 'место', 'впоследствии', 'найти', 'тело']"
1,1,1,0,1,1,1,1,1,1,1,1,1,1,0,1,1,1,1,1,1,0,"['скоро', 'преступник', 'момент', 'эмили', 'джексон', 'искать', 'клиент', 'вскрытие', 'показать', 'половый', 'акт', 'жертва', 'осуществлять']"
1,1,1,1,1,1,1,1,1,1,1,1,1,1,1,1,1,1,1,1,1,0,"['йоркширский', 'потрошитель', 'женщина', 'входной', 'дверь', 'затащить', 'бесчувственный', 'тело', 'квартира', 'добить', 'жертва', 'знак-кавычки']"
0,1,1,0,0,1,0,1,0,0,0,0,1,1,1,0,0,0,1,0,0,0,"['убедиться', 'свидетель', 'поблизости', 'такси', 'появиться', 'убийца', 'выйти', 'автомашина', 'разговор', 'джейн', 'макдональд']"
1,1,1,1,1,1,0,1,1,0,1,1,1,1,1,1,1,1,1,1,1,0,"['примерно', 'незнакомец', 'неожиданно', 'маурин', 'оглушить', 'удар', 'молоток', 'который', 'потерять', 'сознание']"
1,1,1,1,1,1,1,1,1,1,1,1,1,1,1,1,1,1,1,1,1,0,"['день', 'район', 'платформа', 'перерва', 'мужчина', 'избить', 'ударить', 'нож', 'снять', 'умирающий', 'час', 'шапка', 'ремень', 'ботинок', 'место', 'происшествие', 'скрыться', 'знак-кавычки']"
1,1,1,0,1,1,1,1,1,1,1,1,1,1,1,1,1,1,1,1,1,0,"['выяснить', 'часы', 'еремкин', 'следовать', 'здание', 'газогенераторный', 'зарядка', 'баллон', 'белый', 'медведь', 'результат', 'получить', 'смертельный', 'травма', 'знак-кавычки']"
1,0,1,1,1,1,1,1,1,1,1,1,1,1,1,1,1,1,1,1,1,0,"['пастушонок', 'ваня', 'кричать', 'стадо', 'волк']"
1,0,1,1,1,1,1,1,1,1,1,1,0,1,1,1,1,1,1,1,1,0,"['войско', 'противник', 'город', 'чжао']"
1,0,1,1,1,1,1,1,1,1,1,1,1,1,1,1,1,1,0,1,1,0,"['утро', 'израильтянин', 'вдохновить', 'голова', 'ассирийский', 'военачальник', 'совершить', 'вылазка', 'лагерь', 'неприятель']"
1,0,1,1,1,1,1,1,1,1,1,1,0,1,1,1,1,1,1,1,1,0,"['погромщик', 'поджечь', 'автомобиль', 'муниципальный', 'библиотека', 'детский', 'сад', 'школа', 'разграбить', 'супермаркет', 'журналист']"
1,1,1,1,1,1,1,1,1,1,1,1,1,1,1,1,1,1,1,1,1,0,"['процесс', 'следственный', 'действие', 'выясниться', 'пострадавший', 'директор', 'правозащитный', 'организация', 'защита', 'право', 'интерес', 'гражданин', 'сергей', 'басман', 'знак-кавычки']"
1,1,1,1,1,1,1,1,1,1,1,1,1,1,0,1,1,1,1,1,1,0,"['август', 'акула', 'снова', 'человек', 'пострадать', 'летний', 'подросток']"
1,1,1,0,1,1,1,1,1,1,1,1,1,1,0,1,1,1,1,1,1,0,"['эпопея', 'вокруг', 'химкинский', 'лес', 'случаться', 'достаточно', 'примечательный', 'событие', 'лагерь', 'эколог', 'опознать', 'преступник', 'редактор', 'правда', 'владимир', 'бекетов', 'избить', 'неизвестный', 'лето', 'год', 'здание', 'администрация', 'химки', 'радикальный', 'молодежь', 'сми', 'периодически', 'светиться', 'молодой', 'лидер', 'движение', 'защита', 'евгений', 'чириков', 'который', 'постоянно', 'демонстративно', 'камера', 'арестовывать', 'знак-кавычки']"
1,1,1,1,1,1,1,1,1,1,1,1,1,1,1,1,1,1,0,1,1,0,"['детство', 'бетани', 'увлекаться', 'серфинг', 'год', 'северный', 'побережье', 'кауай', 'акула']"
1,1,1,1,1,1,1,1,1,1,1,1,1,1,1,1,1,1,1,1,1,0,"['ночь', 'июль', 'местный', 'партизан', 'участковый', 'пункт', 'милиция']"
1,1,1,1,1,1,1,1,1,1,1,1,1,1,1,1,1,1,1,1,1,0,"['гражданин', 'дать', 'сдача', 'милиционер']"
1,1,1,0,1,1,0,1,0,0,0,1,1,1,0,1,0,1,1,1,0,0,"['правоохранительный', 'орган', 'завести', 'уголовный', 'дело', 'летний', 'житель', 'подмосковье', 'михаил', 'ш.', 'повторить', 'подвиг', 'студент', 'милиционер', 'прикрыться', 'слово', 'нургалиев', 'знак-кавычки']"
1,1,1,1,1,1,1,1,1,0,0,1,1,1,1,1,1,1,1,1,1,0,"['вопрос', 'милиционер', 'задержанный', 'ответить', 'нургалий', 'разрешить', 'знак-кавычки']"
1,0,1,0,1,1,0,1,0,1,0,1,1,1,1,1,0,1,1,1,0,0,"['екатеринбург', 'милиционер', 'профессор', 'кафедра', 'специальный', 'фортепиано', 'уральский', 'государственный', 'консерватория', 'заслуженный', 'деятель', 'искусство', 'рф', 'сергей', 'белоглазов']"
1,1,1,1,1,1,1,1,1,1,1,1,1,1,1,1,1,1,1,1,1,0,"['перемениться', 'жизнь', 'сандро', 'деревня', 'разбойник']"
1,1,1,1,1,1,1,1,1,1,1,1,1,1,1,1,1,1,0,1,1,0,"['слово', 'избить', 'журналист', 'кашина', 'субъект', 'выглядеть', 'футбольный', 'фанат']"
1,1,1,1,1,1,1,1,1,1,1,1,1,1,1,1,1,1,1,1,1,0,"['ночь', 'разбойник', 'один', 'мальчик', 'убитый']"
1,1,1,1,1,1,1,1,1,1,1,1,1,1,1,1,1,1,1,1,1,0,"['пройти', 'далеко', 'страна', 'негр', 'недавно', 'убить']"
1,1,1,1,1,1,1,1,1,1,1,1,1,1,1,1,1,1,1,1,1,0,"['однажды', 'пикт', 'пограничный', 'крепость', 'который', 'охранять', 'квинтус', 'другой', 'воин', 'сражение', 'живой', 'остаться', 'один']"
1,0,1,0,1,1,1,1,1,1,1,1,1,1,1,1,1,1,1,1,1,0,"['советский', 'союз', 'первый', 'германия']"
1,1,1,0,1,1,1,1,1,1,1,1,1,1,0,1,1,1,1,1,1,0,"['говорить', 'речь', 'сталин', 'который', 'говориться', 'германия', 'первый', 'сделать']"
1,0,1,1,1,1,1,1,1,1,1,1,0,1,1,1,1,1,1,1,1,0,"['караван', 'слуга', 'султан', 'купец', 'убить', 'товар', 'разграбить']"
0,0,1,0,0,0,0,0,0,0,0,0,1,1,0,0,0,0,1,0,0,0,"['неделя', 'публикация', 'миша']"
1,1,1,0,1,1,1,1,1,1,1,1,1,1,1,1,1,1,0,1,1,0,"['заявление', 'израильский', 'власть', 'столкновение', 'спровоцировать', 'пассажир', 'турецкий', 'мави', 'мармара', 'который', 'солдат', 'нож', 'палка', 'металлический', 'предмет', 'знак-кавычки']"
1,1,1,1,1,1,1,1,1,1,1,1,1,1,1,1,1,1,1,1,1,0,"['группа', 'боевик', 'количество', 'человек', 'таджикский', 'погранзастава', 'село', 'лякканин', 'исфаринский', 'район', 'рт', 'застрелить', 'ранить', 'один', 'пограничник']"
1,1,1,1,1,1,1,1,1,1,1,1,1,1,1,1,1,1,1,1,1,0,"['гитлер', 'ссср', 'любить', 'еврей', 'большевик']"
1,1,1,1,1,1,1,1,1,1,1,1,1,1,1,1,1,1,1,1,1,0,"['предварительный', 'следствие', 'мударис', 'полностью', 'признавать', 'вина', 'показывать', 'девушка', 'цель', 'завладеть', 'мобильник', 'олеся', 'который', 'понравиться', 'беда', 'смотреть', 'время']"
1,1,1,0,1,1,1,1,1,1,1,1,1,0,0,1,1,1,1,1,1,0,"['недавно', 'направить', 'суд', 'уголовный', 'дело', 'летний', 'парень', 'женщина', 'отобрать', 'сумка', 'затащить', 'темный', 'место', 'изнасиловать', 'лицо', 'нож', 'исполосовать']"
1,0,1,1,1,1,0,1,0,0,0,1,1,1,1,1,0,1,0,1,0,0,"['путь', 'местный', 'сборщик', 'налог', 'крестьянин', 'неизвестный', 'грабитель', 'драгоценный', 'деньги', 'добыть', 'пот', 'кровь', 'похитить']"
1,0,1,0,1,1,0,1,0,0,0,0,1,0,0,0,0,0,1,0,0,0,"['снова', 'ступить', 'суша', 'корабль', 'бандит']"
1,0,1,0,0,1,0,0,0,0,0,0,0,1,0,0,0,0,0,0,0,0,"['англия', 'занзибар', 'который', 'мужественно', 'сражаться']"
0,0,1,0,0,0,0,0,0,0,0,0,0,0,0,0,0,0,1,0,0,0,"['террорист', 'сотня', 'метр', 'церковь', 'окончание', 'воскресный', 'служба']"
0,0,1,0,0,0,0,0,0,0,0,0,0,0,0,0,0,0,1,0,0,0,"['жена', 'мужчина', 'рассказать', 'акула', 'внезапно', 'появиться', 'вода', 'метр', 'берег']"
0,0,0,0,0,0,0,0,0,0,0,0,1,0,0,0,0,0,1,0,0,0,"['идти', 'самый', 'первый', 'транспорт', 'чудовище']"
1,0,0,0,1,1,0,1,0,0,0,0,0,0,0,0,0,0,0,0,0,0,"['напомнить', 'сирия', 'неизвестный', 'автобус', 'турецкий', 'паломник']"
0,0,1,0,0,0,0,0,0,0,0,0,0,1,0,0,0,0,1,0,0,0,"['сталь', 'делать', 'экскурсия', 'большой', 'каньон', 'странный', 'летучий', 'существо']"
0,0,1,0,0,0,0,0,0,0,0,0,1,0,1,0,0,0,1,0,0,0,"['непонятно', 'водитель', 'машина', 'мигалка', 'журналист']"
0,1,0,0,0,0,0,0,0,0,0,0,1,0,0,0,0,0,1,0,0,0,"['сентябрь', 'год', 'протасов', 'несовершеннолетний', 'девочка', 'рождение', 'который', 'возвращаться', 'школа', 'домой']"
1,1,0,0,1,1,0,1,0,0,0,1,1,0,0,1,0,1,1,1,0,0,"['гражданин', 'гражданка', 'советский', 'союз', 'сегодня', 'июнь', 'час', 'утро', 'объявление', 'война', 'германский', 'войско', 'страна', 'голос', 'левитан', 'начаться', 'мероприятие', 'знак-кавычки']"
0,0,1,0,0,0,0,0,0,0,0,0,1,0,0,0,0,0,0,0,0,0,"['руководство', 'рф', 'наконец', 'признать', 'страна']"
1,1,1,1,1,1,1,1,1,1,1,1,1,0,1,1,1,1,1,1,1,0,"['июль', 'год', 'экологический', 'лагерь', 'ангарск', 'иркутский', 'область', 'протестовать', 'создание', 'международный', 'центр', 'обогащение', 'уран', 'группа', 'нацист']"
1,0,1,1,0,1,1,0,1,1,1,0,0,0,0,0,1,0,1,0,1,0,"['иа', 'сообщить', 'областной', 'гувд', 'данные', 'гувд', 'ночь', 'ноябрь', 'злоумышленник', 'год', 'водитель', 'такси', 'требовать', 'деньги', 'нанести', 'ножевой', 'ранение', 'шея']"
0,0,1,0,0,0,0,0,0,0,0,0,1,1,0,0,0,0,1,0,0,0,"['дорога', 'курд', 'слегка', 'погромить']"
0,0,1,0,0,0,0,0,0,0,0,0,1,0,0,0,0,0,1,0,0,0,"['дорога', 'школа', 'бандит', 'ограбить']"
1,1,1,1,1,1,0,1,0,0,0,0,1,1,1,0,0,0,1,1,0,0,"['статья', 'поговорить', 'делать', 'темный', 'подворотня', 'никакой', 'оружие', 'владеть', 'боевой', 'искусство', 'полезный', 'прием', 'рукопашный', 'бой']"
0,0,1,0,0,1,0,1,0,0,0,0,1,1,0,0,0,1,1,0,0,0,"['однажды', 'разъяренный', 'толпа', 'апостол', 'побить', 'камень']"
0,0,1,0,0,0,0,0,0,0,0,0,0,0,0,0,0,0,1,0,0,0,"['отныне', 'навсегда', 'запомнить', 'летний', 'жительница', 'город', 'который', 'вечер', 'ноябрь', 'выходить', 'кафе', 'утенок', 'грабитель', 'знак-кавычки']"
0,0,0,0,0,0,0,0,0,0,0,0,0,0,0,0,0,0,1,0,0,0,"['версия', 'обвинение', 'подсудимый', 'потерпеть', 'вернуться', 'домой', 'работа', 'состояние', 'алкогольный', 'опьянение']"
1,1,0,0,1,1,1,1,1,1,1,0,1,0,0,0,1,1,1,1,1,0,"['враг', 'вероломный']"
1,1,1,0,1,1,0,1,0,0,0,0,1,0,0,0,0,0,1,0,0,0,"['анархист', 'предлог', 'нужный', 'винтовка', 'защита', 'республика', 'правительственный', 'склад', 'оружие']"
0,1,1,0,0,0,0,0,0,0,0,0,1,1,1,0,0,0,1,0,0,0,"['аккурат', 'июнь', 'китаец']"
0,1,0,0,0,0,0,0,0,0,0,0,1,0,0,0,0,0,1,0,0,0,"['граф', 'панин', 'получить', 'известие', 'отступление', 'пруссак', 'арьергард', 'настигнуть', 'лес', 'истребить']"
1,1,0,1,1,1,1,1,1,1,1,1,1,0,1,1,1,1,1,1,1,0,"['год', 'назад', 'фашистский', 'орда', 'объявление', 'война', 'ссср']"
0,0,0,1,0,0,0,0,0,0,0,0,1,1,1,0,0,0,1,0,0,0,"['макензи', 'злодей', 'повердить', 'стать', 'член', 'армия']"
0,0,0,0,0,0,0,0,0,0,0,0,1,0,0,0,0,0,1,0,0,0,"['помнить', 'месяц', 'трамвай', 'вытащить', 'сумка', 'последний', 'деньги', 'уволить', 'поругаться', 'молодой', 'человек', 'улица', 'чудо', 'спастись']"
0,1,1,1,0,0,0,0,0,0,0,0,1,0,0,0,0,0,1,0,0,0,['дверь']
0,0,1,1,0,0,0,0,0,0,0,0,1,1,0,0,0,0,1,0,0,0,"['пир', 'идти', 'день', 'ночь', 'восьмой', 'случиться', 'беда', 'царство', 'враг']"
1,1,1,0,1,1,0,1,0,0,0,1,1,1,0,1,0,1,0,1,0,0,"['пляж', 'пытаться', 'понять', 'джим', 'майкл']"
0,0,1,0,0,0,0,0,0,0,0,0,0,0,0,0,0,0,1,0,0,0,"['нападение', 'ожидать', 'сзади', 'считать', 'догонять', 'встретить', 'лицо', 'спереди', 'схватить']"
1,0,1,1,1,1,1,1,1,1,1,1,0,1,1,1,1,1,1,1,1,0,"['бессмысленный', 'гнев', 'безотчетный', 'увлечение', 'злодейски', 'андроника', 'зло', 'который', 'сделать']"
1,1,1,1,1,1,0,1,0,0,0,0,1,1,1,0,0,0,1,1,0,0,"['первый', 'кровь', 'пролиться', 'июнь', 'ночь', 'подъезд', 'город', 'синельников', 'спасть', 'машина', 'супруг', 'застрелить', 'труп', 'закопать', 'перелесок', 'сжечь']"
0,0,1,1,0,0,1,0,1,1,1,0,1,1,1,0,1,0,1,0,1,0,"['август', 'схема', 'человек', 'отдыхать', 'машина', 'трасса', 'каменка', 'бердянск']"
1,1,1,1,1,1,1,1,1,1,1,1,1,1,1,1,1,1,1,1,1,0,"['отец', 'запрещать', 'фея', 'хунг', 'заниматься', 'искусство', 'пьяный', 'кунг', 'разрешать', 'мачеха', 'анита', 'муя', 'агент', 'британский', 'консул', 'знак-кавычки']"
0,1,1,0,0,0,1,0,1,1,1,0,1,0,0,0,1,0,1,0,1,0,"['буйвол', 'почуять']"
0,1,0,0,0,0,0,0,0,0,0,0,1,0,0,0,0,0,1,0,0,0,"['скрыться', 'монгол', 'алан', 'легко', 'выиграть', 'бой']"
0,0,1,1,0,1,1,1,1,1,1,1,1,1,1,1,1,1,1,1,1,0,"['июнь', 'г.', 'болгарский', 'войско', 'серб', 'грек', 'занять', 'македония', 'начать', 'самый', 'второй', 'балканский', 'война', 'который', 'болгария', 'проиграть']"
1,1,1,1,1,1,1,1,1,1,1,1,1,0,1,1,1,0,1,0,1,0,"['волк', 'мелкий', 'животное', 'бобров', 'кролик', 'зйцы', 'крыса']"
0,1,1,1,0,0,0,0,0,0,0,0,1,1,1,0,0,0,1,0,0,0,"['подросток', 'возраст', 'год', 'байконур', 'российский', 'полицейский']"
1,1,0,1,1,1,1,1,1,1,1,1,1,1,1,1,1,1,1,1,1,0,"['скорый', 'время', 'остров', 'гигантский', 'флот', 'человек', 'предводительство', 'отец', 'джайн', 'лорд', 'праудмур']"
1,0,0,0,1,1,1,1,1,1,1,1,0,0,0,1,1,1,1,1,1,0,"['враг', 'грешный', 'игумен', 'варсонофий', 'видеть', 'изгнать', 'оптина', 'пустыня']"
0,0,0,1,0,0,1,0,0,0,0,0,0,1,1,0,0,0,1,0,1,0,"['сила', 'сложиться', 'обстоятельство', 'европа', 'многий', 'историк', 'центр', 'мир', 'считать', 'начало', 'война', 'сентябрь', 'г.', 'германия', 'польша']"
1,1,1,0,1,1,1,1,1,1,1,1,1,1,0,1,1,1,1,1,1,0,"['человек', 'вспоминать', 'подробность', 'сознавать', 'полиция', 'никакой', 'особый', 'репрессия', 'устраивать', 'провоцировать', 'армейский', 'часть']"
1,0,1,0,1,1,1,1,1,1,1,1,1,1,1,1,1,1,1,1,1,0,"['вчера', 'сотрудник', 'отель']"
1,1,1,1,1,1,1,1,1,1,1,1,1,1,1,1,1,1,1,1,1,0,"['поляк', 'вместе', 'немец', 'земля', 'лютич', 'взять', 'бранибор']"
1,0,1,1,1,1,1,1,1,1,1,1,1,1,1,1,1,1,1,1,1,0,"['немой', 'девушка', 'рассказать', 'воскресенье', 'поздно', 'вечер', 'повалить', 'сугроб', 'приняться', 'избивать']"
0,1,1,1,0,0,1,0,1,1,1,0,1,1,1,0,1,0,1,0,1,0,"['слово', 'лаля', 'бандит', 'хрупкий', 'девушка', 'модельный', 'внешность']"
0,1,1,1,0,0,0,0,0,1,1,0,1,1,1,0,0,0,1,0,0,0,"['день', 'фашистский', 'германия', 'объявление', 'война', 'советский', 'союз']"
1,1,1,0,1,1,1,1,1,1,1,1,1,1,1,1,1,1,1,1,1,0,"['россия', 'грузия', 'реально', 'геноцид']"
1,1,1,1,1,1,1,1,1,1,1,1,0,1,1,1,1,1,1,1,1,0,"['подмосковный', 'город', 'климовск', 'молодой', 'человек', 'маска', 'ювелирный', 'салон']"
1,0,1,1,1,1,1,1,1,1,1,1,1,1,1,1,1,1,1,1,1,0,"['враг', 'побежать', 'киев', 'град', 'голунь', 'поселиться']"
1,1,1,1,1,1,1,1,1,1,1,1,1,1,1,1,1,1,1,1,1,0,"['враг', 'сзади', 'миновать', 'воткнуть', 'кинжал', 'углубление', 'основание', 'череп']"
1,1,1,1,1,1,1,1,1,1,1,1,1,1,1,1,1,1,1,1,1,0,"['сегодня', 'юго-запад', 'столица', 'неизвестный', 'автомобиль', 'ауди', 'руководитель', 'строительный', 'фирма', 'знак-кавычки']"
1,1,1,1,1,1,1,1,1,1,1,1,1,1,1,1,1,1,1,1,1,0,"['столица', 'музыкант', 'виртуоз', 'москва', 'знак-кавычки']"
1,1,1,1,1,1,1,1,1,1,1,1,1,1,1,1,1,1,1,1,1,0,"['скрипач', 'денис', 'шульгин', 'неизвестный', 'кутузовский', 'проспект', 'избить', 'забрать', 'скрипка', 'скрыться']"
1,0,1,1,1,1,1,1,1,1,1,1,1,1,1,1,1,1,1,1,1,0,"['гитлер', 'сталин', 'упреждать', 'неминуемый', 'неделя', 'сокрушающий', 'удар']"
1,1,0,0,1,1,1,1,1,1,1,1,1,1,0,1,1,1,0,1,1,0,"['журналист', 'подъезд', 'дом']"
1,1,1,1,1,1,1,1,1,1,1,1,1,1,1,1,1,1,1,1,1,0,"['время', 'ночь', 'воскресенье', 'приграничный', 'ирак', 'турецкий', 'провинция', 'хаккяри', 'курдский', 'боевик', 'армейский', 'подразделение']"
1,1,1,1,1,1,1,1,1,1,1,1,1,1,1,1,1,1,1,1,1,0,"['россия', 'украина']"
1,1,0,1,1,1,1,1,1,1,1,1,1,0,0,1,1,1,1,1,1,0,"['одновременно', 'туркмен', 'икониум', 'антиохийский', 'княжество', 'сильно', 'потрепать', 'рыцарь', 'боэмунд']"
1,1,1,0,1,1,1,1,1,1,1,1,1,1,0,1,1,1,1,1,1,0,"['результат', 'обвиняемый', 'болельщик', 'избить', 'стеклянный', 'бутылка']"
1,1,1,1,1,1,1,1,1,1,1,1,1,1,1,1,1,1,1,1,1,0,"['слово', 'представитель', 'полиция', 'боевик', 'вооруженный', 'стрелковый', 'оружие', 'ракетный', 'установка', 'ранний', 'воскресный', 'утро', 'терминал', 'который', 'расположенный', 'северо-запад', 'город', 'пешавар', 'убить', 'сотрудник', 'сжечь', 'грузовик', 'транспортный', 'войско', 'нато', 'сша', 'использовать', 'операция', 'афганистан']"
0,0,1,1,0,0,0,0,0,0,0,0,1,1,1,0,0,0,1,0,0,0,"['преступник', 'вооруженный', 'топор', 'ранний', 'утро', 'инкассатор', 'фирма', 'сообщаться', 'собирать', 'выручка', 'сеть', 'аптека', 'калининград']"
1,1,1,1,1,1,1,1,1,1,1,1,1,1,1,1,1,1,1,1,1,0,"['год', 'объединить', 'войско', 'рюрик', 'половцев', 'киев', 'разграбить', 'киево-печерский', 'монастырь', 'софийский', 'собор']"
1,1,1,1,1,1,1,1,1,1,1,1,1,1,1,1,1,1,1,1,1,0,"['следствие', 'направить', 'суд', 'уголовный', 'дело', 'решение', 'вопрос', 'принудительный', 'лечение', 'мужчина', 'который', 'центр', 'пермь', 'человек', 'нож', 'убить', 'один', 'ранить', 'женщина', 'сообщать', 'региональный', 'управление', 'ск']"
0,1,1,1,0,0,1,0,1,1,1,1,1,1,1,1,1,1,1,1,1,0,"['гитлер', 'возродить', 'исторический', 'великий', 'россия']"
1,0,1,1,1,1,1,1,1,1,1,1,0,0,1,1,1,1,0,1,1,0,"['столкнуться', 'уэйн', 'небольшой', 'пещера']"
1,1,1,1,1,1,1,1,1,1,1,1,1,1,1,1,1,1,1,1,1,0,"['ирак', 'независимый', 'государство', 'кувейт']"
1,1,1,1,1,1,1,1,1,1,1,1,1,1,1,1,1,1,1,1,1,0,"['угрожать', 'человечество']"
1,1,0,1,1,1,1,1,1,1,1,1,1,1,1,1,1,1,1,1,1,0,"['увидеть', 'ребята', 'слепой', 'старуха', 'стать', 'противно']"
0,0,0,0,0,0,0,0,0,0,0,0,1,0,0,0,0,0,1,0,0,0,"['ребята', 'ленька', 'сталь', 'бить', 'удивиться']"
0,0,0,1,0,0,1,0,1,0,1,0,1,1,1,0,1,0,1,0,1,0,"['понятно', 'один', 'место', 'человек', 'другой']"
0,0,1,1,0,0,0,0,0,0,0,0,0,1,1,0,0,0,1,0,0,0,"['время', 'медведь', 'разорвать', 'утащить', 'берлога']"
0,0,0,0,0,0,0,0,0,0,0,0,0,0,0,0,0,0,1,0,0,0,"['толпа', 'иракец', 'протащить', 'улица', 'эль', 'фаллуджа', 'обуглить', 'изуродовать', 'тело', 'иностранец', 'который', 'засада']"
0,0,1,0,0,0,1,0,1,1,1,0,0,1,0,0,1,0,1,0,1,0,"['например', 'утверждать', 'год', 'американский', 'вооруженный', 'сила', 'послать', 'президент', 'сша', 'джордж', 'буш', 'поддержка', 'многонациональный', 'ирак', 'возглавлять', 'саддам', 'хуссейн', 'победить']"
0,1,0,0,0,0,0,0,0,0,0,0,0,0,0,0,0,0,0,0,0,0,"['гитлер', 'родиться', 'разница', 'год', 'наполеон', 'прийти', 'власть', 'войти', 'вена', 'пойти', 'россия', 'проиграть', 'война']"
0,0,0,1,0,0,0,0,0,0,0,0,0,0,1,0,0,0,0,0,0,0,"['причина', 'хитрость', 'мирный', 'ферма', 'находиться', 'солнечный', 'долина', 'очаровательный', 'место', 'выращиваться', 'вкусный', 'плод']"
0,1,0,0,0,0,0,0,0,0,0,0,0,0,0,0,0,0,0,0,0,0,"['молодой', 'человек', 'центральный', 'вокзал', 'брюссель', 'отобрать', 'цифровой', 'плеер']"
0,0,0,0,0,0,0,0,0,0,0,0,0,0,0,0,0,0,0,0,0,0,"['апрель', 'год', 'поселок', 'вольный', 'питбуль', 'молодой', 'парень', 'летний', 'михаил']"
1,0,0,1,1,1,1,1,1,1,1,0,0,0,1,0,1,1,0,0,1,0,"['боксер', 'дэйви', 'гордон', 'заступиться', 'танцовщица', 'глория', 'прис', 'работодатель', 'любовник', 'винсент', 'рапалло']"
0,1,1,0,0,0,0,0,0,0,0,0,0,1,0,0,0,0,0,0,0,0,"['деревня', 'неизвестный']"
0,0,0,0,0,0,0,0,0,0,0,0,0,0,0,0,0,0,0,0,0,0,"['джеффри', 'слышать', 'банда', 'вероятно', 'решить', 'человек', 'монтрайт', 'посеять', 'смута']"
0,0,1,0,0,0,0,0,0,0,0,0,0,0,0,0,0,0,0,0,0,0,"['другой', 'пират', 'отнять', 'сундук', 'сокровище']"
1,0,0,0,1,1,1,1,1,1,1,1,1,0,0,1,1,1,0,1,1,0,"['который', 'сегодня', 'находить']"
0,0,0,0,0,0,0,0,0,0,0,0,1,0,0,0,0,0,0,0,0,0,"['сначала', 'дзалаев', 'летний', 'мужчина', 'наносить', 'множество', 'удар', 'кувалда', 'голова', 'нож', 'шея', 'грудь']"
1,1,0,0,1,0,0,0,0,0,0,0,1,0,1,0,0,0,0,0,0,0,"['караван', 'многий', 'друг', 'убить', 'имущество', 'разграбить']"
0,0,1,0,0,0,0,0,0,1,1,0,0,1,1,0,0,0,0,0,0,0,"['допустимый', 'хулиган', 'обижать', 'сестра', 'враг', 'родина']"
0,0,0,0,0,0,0,0,0,0,0,0,0,0,0,0,0,0,0,0,0,0,"['другой', 'сторона', 'альпийский', 'гора', 'услышать', 'варвара', 'приблизиться', 'граница', 'италия', 'опасаться', 'чуждый', 'неприятель', 'государство', 'спешить', 'вернуться', 'взять', 'опасность', 'оставить', 'покой']"
0,0,1,0,0,0,0,0,0,0,0,0,0,1,0,0,0,0,0,0,0,0,"['слово', 'сестра', 'осужденный', 'отрицать', 'стрелять', 'говорить', 'действовать', 'цель', 'самооборона', 'человек', 'сталь', 'бить', 'душить']"
0,0,0,0,0,0,0,0,0,0,0,0,0,0,0,0,0,0,0,0,0,0,"['неизвестный', 'суметь', 'бросить', 'глаз', 'горсть', 'земля', 'поцарапать', 'лицо', 'убежать']"
0,0,0,0,0,0,0,0,0,0,0,0,0,0,0,0,0,0,0,0,0,0,"['приобрести', 'универсальный', 'воздействовать', 'разный', 'тип', 'насекомое', 'препарат', 'попытаться', 'определить', 'вредитель', 'растение']"
0,0,0,0,0,0,0,0,0,0,0,0,0,0,0,0,0,0,0,0,0,0,"['подписание', 'версальский', 'договор', 'поляк', 'германия', 'россия', 'сила', 'захватить', 'многие', 'исконно', 'германский', 'русский', 'территория']"
0,0,1,1,0,0,0,0,0,0,1,0,0,1,1,0,0,0,0,0,0,0,"['г.', 'скрытно', 'подойти', 'лагерь', 'славяный', 'сарматский', 'князь', 'бабай', 'врасплох', 'убить', 'приближенный', 'семья', 'имущество', 'забрать']"
0,1,1,1,0,0,0,0,0,0,0,0,1,0,0,0,0,0,0,0,0,0,"['окружить', 'лес', 'твой', 'брат', 'разбить', 'войско', 'привести']"
0,0,0,0,0,0,0,0,0,0,0,0,0,0,0,0,0,0,0,0,0,0,"['дать', 'победа', 'твой', 'страна', 'злой', 'враг']"
0,0,0,0,0,0,0,0,0,0,0,0,0,0,0,0,0,0,0,0,0,0,"['гитлер', 'украина', 'хлеб', 'соль', 'встретить', 'варяг', 'ариец', 'многий', 'украинец', 'лагерь', 'служить', 'помогать']"
0,0,1,1,0,0,1,0,1,1,1,0,0,0,1,0,1,0,0,0,1,0,"['прошлый', 'неделя', 'летний', 'женщина', 'посещение', 'знакомая', 'жить', 'дом', 'престарелый', 'бероунский', 'область', 'стать', 'бить', 'железный', 'палка']"
0,0,0,0,0,0,0,0,0,0,0,0,0,0,0,0,0,0,0,0,0,0,"['планета', 'наверное']"
0,0,0,0,0,0,0,0,0,0,0,0,0,0,0,0,0,0,0,0,0,0,"['поплакать', 'мать', 'сиромахов', 'киряк', 'царь', 'войско', 'разбить', 'полон', 'захватить']"
0,0,0,0,0,0,0,0,0,0,0,0,0,0,0,0,0,0,0,0,0,0,"['июнь', 'год', 'нацистский', 'германия']"
1,1,1,0,1,1,0,1,0,1,1,0,1,1,0,0,0,1,0,1,0,0,"['идти', 'один', 'прекрасный', 'день', 'лесной', 'житель', 'злобный', 'тролль']"
0,0,0,0,0,0,0,0,0,0,0,0,0,0,0,0,0,0,0,0,0,0,"['старенький', 'профессор', 'историк', 'надолго', 'задумчивость', 'вгонять', 'вопрос', 'навскидку', 'германия', 'ссср', 'знак-кавычки']"
1,1,0,0,1,1,0,1,0,0,0,1,1,0,0,1,0,1,0,1,0,0,"['вдруг', 'радио', 'объявить', 'немецкий', 'захватчик', 'советский', 'союз']"
1,0,1,1,1,1,1,1,1,1,1,0,0,0,1,0,1,0,0,0,1,0,"['год', 'назад', 'рассвет', 'июнь', 'фашистский', 'германия', 'объявление', 'война', 'советский', 'союз']"
0,0,0,1,0,0,0,0,0,0,0,0,1,0,1,0,0,0,0,0,0,0,"['критический', 'ситуация', 'например', 'враг', 'перетащить', 'арук', 'старейшина', 'гуро', 'далеко', 'место', 'сражение', 'придтись', 'переигрывать', 'уровень', 'пасть', 'битва']"
0,0,0,0,0,0,0,0,0,0,0,0,0,0,0,0,0,0,0,0,0,1,"['выше', 'граница', 'компетенция', 'одновременно', 'показывать', 'ответственность', 'каждый']"
0,0,0,0,0,0,0,0,0,0,0,0,0,0,0,0,0,0,0,0,0,1,"['галилей', 'исходный', 'микросоциум', 'познавать', 'разум', 'симпличио', 'сагредо', 'сальвиати', 'знак-кавычки']"
0,0,1,0,0,0,0,0,0,0,0,0,0,1,0,0,0,0,0,0,0,1,"['переболеть', 'категоричность', 'молодость', 'психиатрия', 'существовать', 'середина', 'век', 'психотерапия', 'молодой', 'наука', 'сталь', 'осторожно', 'граница', 'знак-кавычки']"
0,0,0,0,0,0,0,0,0,0,0,0,0,0,0,0,0,0,0,0,0,1,"['недавний', 'послание', 'президент', 'россия', 'ряд', 'антикризисный', 'мера', 'подход']"
0,0,1,1,0,0,1,0,1,1,1,0,0,1,1,0,1,0,0,0,1,1,"['прошлый', 'год', 'круг', 'рерих', 'филологический', 'факультет', 'петербургский', 'университет']"
0,1,0,0,0,0,0,0,0,1,1,0,1,0,0,0,0,0,0,0,0,1,"['недостаточно', 'вразумительный', 'юбилейный', 'статья', 'димитров', 'тактика', 'коминтерн', 'ая', 'стадия', 'писать', 'год', 'стремление', 'мировой', 'революция', 'неудавшийся', 'предательство', 'интернационал']"
0,0,1,0,0,0,0,0,0,0,0,0,0,1,0,0,0,0,0,0,0,1,"['пост', 'мэр', 'москва', 'сергей', 'собянин', 'ряд', 'первоочередный', 'вопрос', 'который', 'предстоять', 'решать', 'новый', 'работа']"
0,0,0,0,0,0,0,0,0,0,0,0,0,0,0,0,0,0,0,0,0,1,"['глава', 'спортивный', 'отрасль', 'встретиться', 'актив', 'смоленский', 'область', 'ответить', 'вопрос', 'приоритет', 'развитие']"
0,0,0,1,0,0,0,0,0,0,0,0,1,0,1,0,0,0,1,0,0,1,"['вымирание', 'группа', 'создать', 'жить', 'земля', 'форма', 'вдруг', 'ожить', 'совершенно', 'невозможно', 'указать', 'граница', 'отдельный', 'естественный', 'классификация', 'группировка', 'возможный']"
0,0,0,0,0,0,0,0,0,0,0,0,0,0,0,0,0,0,0,0,0,1,"['круг', 'актуальный', 'артист', 'постараться', 'разведать', 'план', 'год']"
0,1,0,0,0,0,0,0,0,0,0,0,0,1,0,0,0,0,0,0,0,1,"['осознанно', 'круг', 'клиент', 'частный', 'застройщик', 'небольшой', 'средний', 'строительный', 'компания']"
0,1,0,1,0,0,0,0,0,0,0,0,0,0,1,0,0,0,0,0,0,1,"['инфицированность', 'различный', 'клетка', 'организм', 'человек', 'вич', 'значительно', 'широко', 'способ', 'вторжение', 'вирус', 'главный', 'момент', 'схематично']"
0,1,0,0,0,0,0,0,0,0,0,0,1,0,0,0,0,0,0,0,0,1,"['искать', 'принцип', 'который', 'граница', 'приемлемый', 'частный', 'решение']"
0,1,0,0,0,0,0,0,0,0,0,0,1,0,0,0,0,0,0,0,0,1,"['конференция', 'открыться', 'пленарный', 'заседание', 'который', 'участник', 'ключевой', 'тема', 'дискуссия']"
0,1,0,0,0,0,0,0,0,0,0,0,0,0,0,0,0,0,0,0,0,1,"['образ', 'русский', 'париж', 'творчество', 'газданова', 'м.', 'окутюрье', 'анализ', 'составлять', 'один', 'сторона', 'создать', 'книга', 'газданов', 'типология', 'персонаж', 'эмигрант', 'другой', 'широко', 'разнообразно', 'представить', 'парижский', 'топос', 'который', 'считать', 'исследователь', 'воссоздаваться', 'главный', 'простой', 'перечисление', 'название', 'место', 'двигаться', 'герой']"
0,1,1,1,0,0,0,0,0,0,0,0,0,1,1,0,0,0,0,0,0,1,"['наряду', 'творчество', 'кузмы', 'определиться', 'новаторский', 'поиск', 'линия', 'обратный', 'связь', 'обратиться', 'исток', 'культура', 'прошлый', 'эпоха', 'четко', 'круг', 'интерес', 'готический', 'искусство', 'северный', 'ренессанс', 'работа', 'выдающийся', 'мастер', 'начало', 'век', 'э.', 'барлах', 'знак-кавычки']"
0,0,0,0,0,0,0,0,0,0,0,0,1,0,0,0,0,0,0,0,0,1,"['участник', 'мероприятие', 'отметить', 'больший', 'актуальность', 'основной', 'тема', 'форум', 'дискуссия', 'выявить', 'широкий', 'спектр', 'трактовка', 'круг', 'вопрос', 'требовать', 'дальнейший', 'теоретический', 'осмысление', 'решение', 'бизнес', 'практика', 'компания', 'инфокоммуникационный', 'рынок']"
0,0,0,0,0,0,1,0,1,1,1,0,0,0,0,0,1,0,0,0,1,1,"['приступить', 'изучение', 'механизм', 'защита', 'перечень', 'угроза', 'который', 'самый', 'должный', 'предохранять']"
0,0,0,0,0,0,0,0,0,0,0,0,0,0,0,0,0,0,0,0,0,1,"['губернатор', 'выступление', 'основной', 'веха', 'развитие', 'регион', 'сделать', 'главный', 'упор', 'современный', 'состояние', 'инвестиционный', 'инновационный', 'возможность']"
0,0,0,0,0,0,0,0,0,0,0,0,0,0,0,0,0,0,0,0,0,1,"['новый', 'работа', 'маленький', 'круг', 'задача', 'тяжелый', 'объемный', 'стать', 'работать', 'результат']"
0,0,1,0,0,0,1,0,0,1,1,0,1,0,0,0,1,0,0,0,1,1,"['друг', 'враг', 'особенно', 'последний']"
1,0,0,0,1,1,0,1,0,0,0,1,0,0,0,1,0,1,0,1,0,1,"['бунтман', 'общий', 'черта', 'начало', 'разговор', 'цель', 'задача', 'фскн', 'фактически', 'спецслужба']"
0,1,0,0,0,0,0,0,0,0,0,0,1,0,0,0,0,0,0,0,0,1,"['власть', 'воля', 'свободный', 'божий', 'ребенок']"
0,0,0,0,0,0,0,0,0,0,0,0,0,0,0,0,0,0,0,0,0,1,"['круг', 'сегодняшний', 'задача', 'прокурор', 'знак-кавычки']"
1,0,0,0,1,1,0,0,0,1,1,0,0,0,0,0,1,0,0,0,1,1,"['вернадский', 'конкретизировать', 'граница', 'жизнь', 'биосфера', 'самый', 'главное', 'всесторонне', 'раскрыть', 'роль', 'живой', 'организм', 'процесс', 'планетарный', 'масштаб']"
0,1,0,0,0,0,0,0,0,0,0,0,0,0,0,0,0,0,0,0,0,1,"['страница', 'книга', 'автор', 'ограничиться', 'один', 'общий', 'концепция', 'образование', 'операция', 'показать', 'объективно', 'место', 'ряд', 'другой', 'принятый', 'психология', 'знак-кавычки']"
0,1,0,0,0,0,0,0,0,0,0,0,1,0,0,0,0,0,0,0,0,1,"['давать', 'круг', 'потенциальный', 'покупатель', 'минивэн', 'впервые', 'представить', 'полгода', 'назад', 'автосалон', 'детройт', 'знак-кавычки']"
0,0,0,0,0,0,0,0,0,0,0,0,0,0,0,0,0,0,1,0,0,1,"['вклад', 'американка', 'безусловно', 'полезный', 'этап', 'самый', 'первый', 'номер', 'обозначить', 'жанр', 'направленность', 'издание', 'предложить', 'необходимый', 'рубрика', 'круг', 'вопрос', 'развернуть', 'дискуссия', 'связать', 'проблема', 'перенести', 'российский', 'почва', 'опыт', 'накопить', 'десятилетие', 'аналогичный', 'стать', 'профессиональный', 'деятельность', 'американский', 'женский', 'общественный', 'организация', 'феминистский', 'издательство']"
0,0,0,0,0,0,0,0,0,0,0,0,0,0,0,0,0,0,0,0,0,1,"['постараться', 'кратко', 'ответить', 'вопрос', 'который', 'часто', 'работать', 'противоречие', 'право', 'практика', 'применение']"
0,1,0,0,0,0,0,0,0,0,0,0,0,0,0,0,0,0,0,0,0,1,"['разумеется', 'размышлять', 'организация', 'развитие', 'бизнес', 'миллион', 'болгария', 'множество', 'предприниматель', 'представляться', 'возможный', 'некоторый', 'особенность', 'малый', 'средний', 'страна']"
0,0,0,1,0,0,0,0,0,0,0,0,0,0,1,0,0,0,1,0,0,1,"['статья', 'исходить', 'фактура', 'металлический', 'кровельный', 'материал', 'целесообразность', 'применение', 'случай', 'рамка', 'возможность']"
0,0,1,0,0,0,0,0,0,0,0,0,0,1,0,0,0,0,0,0,0,1,"['председатель', 'сбар', 'участник', 'инвестиционный', 'ресурс', 'содружество', 'ранний', 'стадия', 'инвестиция']"
1,1,0,0,1,1,1,1,1,1,1,1,1,0,0,1,1,1,0,1,1,1,"['выбрать', 'профессия', 'сфера', 'деятельность', 'который', 'коллектив', 'играть', 'главнейший', 'роль']"
0,0,1,0,0,0,0,0,0,0,0,0,0,1,0,0,0,0,0,0,0,1,"['личный', 'участие', 'президент', 'фид', 'кирсан', 'николаевич', 'илюмжинов', 'работа', 'конференция', 'придать', 'знаковый', 'мероприятие', 'особый', 'статус', 'способствовать', 'принятие', 'решение', 'который', 'зримо', 'контур', 'развитие', 'шахматный', 'образование', 'мир', 'целое', 'россия']"
0,1,0,0,0,0,0,0,0,0,0,0,0,0,0,0,0,0,0,0,0,1,"['данте', 'математический', 'точность', 'рай', 'чистилище', 'ад', 'указать', 'беатриче', 'девятка', 'автор', 'тщательно', 'классифицировать', 'стадия', 'созерцание', 'состояние', 'душа', 'ступень', 'божественный', 'любовь', 'подобно']"
0,1,1,0,0,0,0,0,0,0,0,0,1,0,0,0,0,0,0,0,0,1,"['конференция', 'начаться', 'оптимистически', 'краткий', 'сообщение', 'известный', 'публицист', 'демограф', 'доктор', 'медицинский', 'наука', 'гундар', 'вкратце', 'контур', 'новый', 'строй', 'который', 'должный', 'совместить', 'лучший', 'черта', 'социализм', 'капитализм', 'последний', 'браться', 'возможность', 'частный', 'инициатива', 'масштаб', 'семейный', 'бизнес']"
0,0,0,0,0,0,0,0,0,0,0,0,0,0,0,0,0,0,1,0,0,1,"['знать', 'написать', 'план', 'повествование', 'рамка', 'работа', 'некоторый', 'глава', 'ровно', 'год', 'назад']"
0,1,0,0,0,0,0,0,0,0,0,0,0,0,0,0,0,0,0,0,0,1,"['год', 'назад', 'бейеринк', 'сегодняшний', 'микробиология', 'комплексный', 'дисциплина', 'который', 'иметь', 'охват', 'уровень', 'организм', 'экология', 'микробный', 'сообщество', 'эволюция']"
1,0,0,0,1,0,0,0,0,0,0,1,0,0,0,1,0,1,0,0,0,1,"['подвести', 'итог', 'работа', 'минуть', 'год', 'казак', 'круг', 'насущный', 'вопрос', 'который', 'предстоять', 'решать', 'новый']"
0,1,0,0,0,0,0,0,0,0,0,0,1,0,0,0,0,0,0,0,0,1,"['речь', 'открытие', 'собор', 'блаженнейший', 'митрополит', 'владимир', 'подвести', 'итог', 'уходить', 'год', 'дать', 'оценка', 'основной', 'церковный', 'событие', 'круг', 'проблема', 'который', 'стоять', 'церковь', 'грядущее']"
1,1,0,0,1,0,0,0,0,0,1,1,1,0,0,1,1,0,0,0,1,1,"['скроить', 'сегодня', 'провести', 'андрей', 'переговоры', 'круг', 'работа', 'который', 'отвечать']"
0,0,0,1,0,0,0,0,0,0,0,0,0,0,1,0,0,0,0,0,0,1,"['законопроект', 'четко', 'круг', 'лицо', 'обязанный', 'проходить', 'обследование', 'детектор', 'ложь']"
0,1,0,0,0,0,0,0,0,0,0,0,0,0,0,0,0,0,0,0,0,1,"['отключить', 'круг', 'лицо', 'который', 'знать', 'местонахождение', 'коллега', 'работа', 'друг', 'родственник', 'связаться', 'уточнение', 'информация']"
1,1,1,0,1,1,1,1,1,1,1,1,1,1,0,1,1,1,0,1,1,1,"['анатолий', 'капский', 'круг', 'проблема', 'который', 'практически', 'лишить', 'борисовчанин', 'шанс', 'выйти', 'плей-офф', 'лига', 'европа']"
0,0,0,0,0,0,0,0,0,0,0,0,0,0,0,0,0,0,0,0,0,1,"['рамка', 'новый', 'геополитический', 'картина', 'сказать', 'америка', 'обама', 'породить', 'надежда', 'ближневосточный', 'политика', 'знак-кавычки']"
0,1,0,0,0,0,0,0,0,0,0,0,0,0,0,0,0,0,0,0,0,1,"['сначала', 'архитектоника', 'общий', 'строение', 'кантовский', 'метод', 'знак-кавычки']"
0,0,0,0,0,0,0,0,0,0,0,0,0,0,0,0,0,0,0,0,0,1,"['заключение', 'круг', 'проблема', 'который', 'работать', 'специалист', 'управление', 'сельский', 'хозяйство', 'район', 'совместно', 'руководитель', 'сельхозпредприятие', 'коллега', 'глава', 'депутат', 'поселение', 'администрация', 'депутатский', 'корпус']"
1,1,0,0,1,1,1,1,1,1,1,1,0,0,1,1,1,1,0,1,1,1,"['писать', 'останавливаться', 'широкий', 'круг', 'план', 'касаться', 'работа', 'семья', 'отношение', 'человек', 'эмоциональный', 'социальный', 'финансовый', 'сфера']"
0,1,0,0,0,0,0,0,0,0,0,0,1,0,0,0,0,0,0,0,0,1,"['г.', 'тематика', 'научный', 'работа', 'андрей', 'андреевич']"
0,0,1,1,0,0,0,0,0,0,0,0,0,0,1,0,0,0,0,0,0,1,"['пространство', 'который', 'вполне', 'назвать', 'поле', 'поколенческий', 'формирование', 'энергетика', 'расти', 'образовываться', 'человек']"
0,0,0,1,0,0,0,0,0,0,0,0,0,0,1,0,0,0,0,0,0,1,"['лесной', 'кодекс', 'российский', 'федерация', 'круг', 'вопрос', 'находиться', 'исключительный', 'ведение', 'субъект']"
0,1,0,0,0,0,0,0,0,0,0,0,1,0,0,0,0,0,0,0,0,1,"['селекторный', 'совещание', 'губернатор', 'премьер', 'план', 'действие']"
1,0,0,0,1,1,0,1,0,0,0,1,0,0,0,1,0,1,0,1,0,1,"['выбор', 'сфера', 'помочь', 'круг', 'потенциальный', 'работодатель']"
0,0,0,0,0,0,0,0,0,0,0,0,0,0,0,0,0,0,0,0,0,1,"['бегло', 'цель', 'сравнительный', 'исследование']"
0,1,1,1,0,0,1,0,1,1,1,0,0,1,1,0,0,0,1,0,1,1,"['заговорить', 'будущее', 'давать', 'перспектива', 'предприятие']"
0,1,0,0,0,0,0,0,0,0,0,0,1,1,1,0,0,0,0,0,0,1,"['правительство', 'должно', 'верхний', 'планка', 'цена']"
1,1,1,1,1,1,1,1,1,1,1,1,1,1,1,1,1,1,0,1,1,1,"['собираться', 'изучать', 'возникать', 'потребность', 'круг', 'объект', 'который', 'работать', 'например', 'взять', 'ученик', 'го', 'класс', 'рассмотреть', 'вершина', 'треугольник', 'буква', 'русский', 'алфавит', 'знак-кавычки', 'знак-кавычки', 'знак-кавычки']"
1,1,1,1,1,1,1,1,1,1,1,1,0,1,1,1,1,1,0,1,1,1,"['министр', 'мвд', 'рашид', 'нургалий', 'сообщить', 'правоохранительный', 'орган', 'круг', 'лицо', 'который', 'причастный', 'взрыв', 'центральный', 'рынок', 'владикавказ']"
0,1,1,1,0,0,1,0,1,1,1,1,0,1,1,1,1,1,0,1,1,1,"['минувший', 'уикенд', 'токио', 'завершиться', 'шестой', 'этап', 'гран-при', 'фигурный', 'катание', 'который', 'состав', 'участник', 'финал', 'чемпионский', 'серия']"
1,1,0,1,1,1,1,1,1,1,1,1,0,1,1,1,1,1,0,1,1,1,"['оставаться', 'программа', 'обучение', 'современный', 'вариант', 'тривиум', 'посмотреть', 'выйти']"
1,1,1,1,1,1,1,1,1,1,1,1,0,1,1,1,1,1,0,1,1,1,"['нелегко', 'общий', 'программа', 'обучение', 'риторика', 'требоваться', 'определенный', 'свобода']"
1,1,1,1,1,1,1,1,1,0,1,1,1,1,1,1,1,1,0,1,1,1,"['финансовый', 'кризис', 'граница', 'развитие']"
1,1,1,0,1,1,1,1,1,1,1,1,1,1,0,1,1,1,0,1,1,1,"['постановление', 'должно', 'комплекс', 'мера', 'сотрудничество', 'область', 'конституционный', 'строительство']"
1,1,1,1,1,1,1,1,1,1,1,1,0,1,1,1,1,1,0,1,1,1,"['следовать', 'круг', 'памятник', 'привлекать', 'анализ', 'выделить', 'основной', 'группа']"
1,1,1,1,1,1,1,1,1,1,1,1,1,1,1,1,1,1,1,1,1,1,"['отметить', 'упражнение', 'должный', 'снабдить', 'образец', 'предел', 'возможный', 'вариативность']"
1,1,0,1,1,1,1,1,1,1,1,1,1,1,1,1,1,1,0,1,1,1,"['анализ', 'отсылка', 'правило', 'позволять', 'четко', 'область', 'общественный', 'отношение', 'подлежать', 'подробный', 'регламентация']"
1,0,1,1,1,1,1,1,1,1,1,1,0,1,1,1,1,1,1,1,1,1,"['начало', 'передать', 'часть', 'ответственность', 'команда', 'круг', 'задача', 'полностью', 'находиться', 'компетенция']"
1,0,1,1,1,1,1,1,1,1,1,1,0,1,1,1,1,1,0,1,1,1,"['отдать', 'отдел', 'дознание', 'дело', 'зашевелиться', 'достаточно', 'быстро', 'круг', 'подозреваемый', 'уверенный', 'день', 'задержать']"
1,0,0,1,1,1,1,1,1,1,1,1,0,1,1,1,1,1,1,1,1,1,"['кратко', 'один', 'вопрос', 'глубокий', 'структура', 'который', 'назвать', 'сакральный', 'смысл', 'задавать', 'новый', 'обычный', 'профанический', 'опыт', 'членение', 'пространство', 'время', 'тип', 'соотношение', 'причина', 'следствие']"
1,1,1,1,1,1,1,1,1,1,1,1,0,1,1,1,1,1,0,1,1,1,"['сначала', 'обсудить', 'работодатель', 'прошлый', 'опыт', 'работа', 'круг', 'будущий', 'обязанность', 'перспектива', 'карьерный', 'рост']"
1,1,1,1,1,1,1,1,1,1,1,1,0,1,1,1,1,1,0,1,1,1,"['предостережение', 'твердо', 'отложиться', 'душа', 'попытаться', 'ряд', 'общий', 'принцип', 'применимый', 'терапевтический', 'процедура', 'иметь', 'должный', 'рассматриваться', 'нечто', 'незыблемый']"
1,1,0,1,1,1,1,1,1,1,1,1,1,1,1,1,1,1,0,1,1,1,"['сопоставление', 'получить', 'объективный', 'обследование', 'данные', 'информация', 'опрос', 'пациент', 'позволять', 'врач', 'большинство', 'случай', 'круг', 'возможный', 'заболевание', 'состояние', 'который', 'обусловить', 'появление', 'диспепсия']"
1,0,0,0,1,1,1,1,1,1,1,1,1,0,1,1,1,1,0,1,1,1,"['известный', 'петербуржец', 'представитель', 'общественный', 'организация', 'деятель', 'культура', 'проблема', 'который', 'следовать', 'обратить', 'внимание', 'новый', 'глава', 'город']"
1,1,1,1,1,1,1,1,1,1,1,1,0,1,1,1,1,1,0,1,1,1,"['профессия', 'библиотекарь', 'уникальный', 'граница', 'который']"
1,0,0,1,1,1,1,1,1,1,1,1,0,1,1,1,1,1,0,1,1,1,"['связь', 'автор', 'видеться', 'задача', 'основной', 'правовой', 'проблема', 'возникать', 'возникнуть', 'проведение', 'журналистский', 'расследование', 'избирательный', 'кампания']"
1,1,1,1,1,1,1,1,1,1,1,1,1,1,1,1,1,1,0,1,1,1,"['председатель', 'затруднение', 'который', 'создаваться', 'пароходовладелец', 'волга', 'сильный', 'вздорожание', 'нефтяной', 'топливо', 'мазут']"
1,1,1,1,1,1,1,1,1,1,1,1,1,1,1,1,1,1,1,1,1,1,"['никакой', 'гарантия', 'временна', 'оценка', 'который', 'предел', 'необходимый', 'усилие', 'подобный', 'поиск', 'общий', 'случай']"
1,1,1,1,1,1,1,1,1,1,1,1,0,1,1,1,1,1,1,1,1,1,"['провести', 'исследование', 'достаточно', 'ярко', 'круг', 'проблемный', 'вопрос', 'ситуация', 'требовать', 'незамедлительный', 'управленческий', 'решение', 'менеджер', 'директор', 'библиотека']"
1,1,0,1,1,1,1,1,1,1,1,1,0,0,0,1,1,1,0,1,1,1,"['научно', 'практический', 'полезность', 'данный', 'классификация', 'позволять', 'наглядно', 'грань', 'основной', 'право', 'свобода', 'человек', 'гражданин', 'четко', 'представить', 'граница', 'личность', 'уголовный', 'судопроизводство']"
1,1,0,1,1,1,1,1,1,1,1,1,1,1,1,1,1,1,0,1,1,1,"['посоветовать', 'разделить', 'бизнес', 'процесс', 'компания', 'соответственно', 'область', 'специализация', 'сотрудник', 'позиция', 'группа', 'признак']"
1,0,1,1,1,1,1,1,1,1,1,1,0,1,1,1,1,1,0,1,1,1,"['интуитивный', 'компонент', 'входить', 'решение', 'любой', 'задача', 'позволять', 'область', 'поиск', 'условие', 'субъективный', 'неопределенность']"
1,1,1,0,1,1,1,1,1,1,1,1,1,1,0,1,1,1,0,1,1,1,"['выступить', 'доклад', 'текущий', 'социально-экономический', 'положение', 'область', 'круг', 'мера', 'принимать', 'исполнительный', 'власть', 'нивелировать', 'последствие', 'кризис', 'сохранить', 'уровень', 'жизнь', 'население']"
1,1,1,1,1,1,1,1,1,1,1,1,1,1,1,1,1,1,1,1,1,1,"['хотеть', 'образ', 'христианский', 'жизнь', 'показать', 'направление', 'духовный', 'путь']"
1,0,1,1,1,1,1,1,1,1,1,1,0,1,1,1,1,1,1,1,1,1,"['точно', 'терминологически']"
1,1,1,0,1,1,1,1,1,1,1,1,1,1,0,1,1,1,1,1,1,1,"['намерен', 'обсудить', 'стратегия', 'различный', 'вид', 'резекция', 'печень']"
0,0,1,1,0,0,1,0,1,1,1,1,1,1,1,1,1,1,1,1,1,1,"['установить', 'основной', 'переменный', 'величина', 'каждый', 'придтись', 'сначала', 'функция', 'неизменный', 'политический', 'режим']"
1,1,1,0,1,1,1,1,1,1,1,1,1,0,0,1,1,1,1,1,1,1,"['очерк', 'главный', 'образ', 'пытаться', 'личность', 'император', 'собственный', 'воспоминание']"
1,1,1,0,1,1,1,1,1,1,1,1,0,1,1,1,1,1,1,1,1,1,"['хотеть', 'проблема', 'достаточно', 'широкий', 'скрытый', 'практически', 'незаметный', 'привычность', 'эксплуатация', 'общий', 'одаренность', 'ребенок', 'массовый', 'элитный', 'российский', 'школа', 'знак-кавычки']"
1,1,0,1,1,1,1,1,1,1,1,1,0,1,1,1,1,1,1,1,1,1,"['данный', 'работа', 'призванный', 'практика', 'лоббизм', 'россия', 'пример', 'государственный', 'дума', 'федеральный', 'собрание', 'российский', 'федерация', 'прошедший', 'год']"
1,1,1,1,1,1,1,1,1,1,1,1,1,1,1,1,1,1,1,1,1,1,"['получить', 'экспериментальный', 'исследование', 'данные', 'один', 'сторона', 'подтверждать', 'возможность', 'повышение', 'эффективность', 'мыслительный', 'деятельность', 'гипнотический', 'внушение', 'другой', 'позволять', 'четко', 'граница', 'использование', 'гипноз', 'средство', 'интенсификация', 'умственный']"
1,1,1,1,1,1,1,1,1,1,1,1,0,1,1,1,1,1,1,1,1,1,"['говорить', 'проблема', 'правильно']"
1,1,0,1,1,1,1,1,1,1,1,1,1,1,1,1,1,1,1,1,1,1,"['необходимо', 'сущность', 'вопрос']"
1,1,1,1,1,1,1,1,1,1,1,1,1,1,1,1,1,1,1,1,1,1,"['функция', 'рынок', 'фаза', 'распределение', 'обмен', 'соединять', 'производство', 'вход', 'потребление', 'выход']"
1,1,1,1,1,1,1,1,1,1,1,1,0,1,1,1,1,1,1,1,1,1,"['стоматолог', 'должный', 'первичный', 'консультация', 'определить', 'специфика', 'восприятие', 'круг', 'исходный', 'данные', 'хорошо', 'понять', 'конечный', 'результат', 'удовлетворить', 'конкретный', 'человек']"
1,1,1,1,1,1,1,1,1,1,1,1,1,1,1,1,1,1,1,1,1,1,"['премьер', 'мрачный', 'перспектива', 'российский', 'банк', 'прислушаться', 'слово']"
1,1,0,1,1,1,1,1,1,1,1,1,1,1,1,1,1,1,1,1,1,1,"['специалист', 'супрем', 'лекс', 'помочь', 'определить', 'проблема', 'бизнес', 'круг', 'задача', 'который', 'решить', 'предложить', 'различный', 'вариант', 'эффективный', 'решение', 'знак-кавычки']"
1,0,1,1,1,1,1,1,1,1,1,1,0,1,1,1,1,1,1,1,1,1,"['стандартный', 'форма', 'бриф', 'причина', 'бывать', 'недостаточно', 'нужда', 'конкретный', 'клиент']"
1,1,1,1,1,1,1,1,1,1,1,1,1,1,1,1,1,1,1,1,1,1,"['попробовать', 'круг', 'проблема', 'затруднять', 'формализация', 'математический', 'анализ', 'история', 'мая']"
1,1,1,1,1,1,1,1,1,1,1,1,1,1,1,1,1,1,1,1,1,1,"['глава', 'регион', 'конечный', 'срок', 'восстановление', 'выставочный', 'зал', 'галерея', 'должный', 'открыться', 'май', 'день', 'победа']"
1,1,1,1,1,1,0,1,0,1,1,1,1,1,1,1,0,1,1,1,1,1,"['думать', 'лаконичность', 'лояльный', 'точка', 'зрение', 'верно', 'контур', 'сокрушительный', 'оценка', 'технический', 'прогресс']"
1,1,0,1,1,1,1,1,1,1,1,1,1,1,1,1,1,1,1,1,1,1,"['общий', 'положение', 'страна', 'армия', 'заявить', 'глубокий', 'убеждение', 'единственный', 'выход', 'тяжелый', 'являться', 'установление', 'военный', 'диктатура', 'немедленный', 'объявление']"
1,1,0,0,1,1,1,1,1,1,1,1,0,1,0,1,1,1,1,1,1,1,"['пригласить', 'кубанский', 'правитель', 'обстановка', 'сообщить', 'решение']"
1,1,0,0,1,1,1,1,1,1,1,1,1,1,0,1,1,1,0,1,1,1,"['ликвидация', 'инцидент', 'следовать', 'подвергнуть', 'политика', 'процедура', 'пересмотр', 'круг', 'изменение', 'необходимый', 'недопущение', 'аналогичный', 'случай']"
1,1,1,1,1,1,1,1,1,1,1,1,1,1,1,1,1,1,1,1,1,1,"['следовать', 'заметить', 'организатор', 'поставить', 'задача', 'понять', 'основной', 'круг', 'конкретный', 'проблемный', 'вопрос', 'который', 'требовать', 'поиск', 'решение']"
0,0,1,0,0,1,0,0,0,1,0,0,0,1,0,0,0,0,1,0,0,1,"['происходить', 'полезно', 'некоторый', 'принцип', 'построение', 'система', 'повышение', 'квалификация']"
1,1,1,0,1,1,1,1,1,1,1,1,1,1,0,1,1,1,1,1,1,1,"['утрата', 'путеводный', 'идея', 'способный', 'связать', 'воедино', 'человеческий', 'реальность', 'помочь', 'оценить', 'урок', 'прошлый', 'определить', 'смысл', 'происходить', 'контур', 'будущий']"
1,1,1,1,1,1,1,1,1,1,1,1,1,1,1,1,1,1,1,1,1,1,"['брать', 'смелость', 'перспектива', 'лучший', 'будущее', 'раздвинуть', 'социальный', 'граница', 'усвоение', 'признание', 'основа', 'научный', 'мировоззрение', 'позитивно', 'влиять', 'использование', 'плод', 'технический', 'прогресс', 'содействовать', 'претворение', 'высший', 'этический', 'ценность', 'жизнь', 'светский']"
1,0,1,0,1,1,1,1,1,1,1,1,0,1,0,1,1,1,1,1,1,1,"['представляться', 'замглавы', 'администрация', 'президент', 'круг', 'забота', 'лидер', 'новый', 'правый', 'партия', 'либеральный', 'крыло', 'единый', 'россия', 'знак-кавычки']"
0,0,1,1,0,0,0,0,0,0,0,0,1,1,1,0,0,0,1,0,0,1,"['ощущение', 'рассел', 'схематично', 'сюжетный', 'канва', 'наслаждение', 'приняться', 'вариация', 'тема', 'бывать', 'творческий', 'человек', 'одержимый', 'страсть', 'напиться', 'опиум', 'знак-кавычки']"
1,0,1,1,1,1,1,1,1,1,1,1,1,1,0,1,1,1,1,1,1,1,"['первое', 'характеризоваться', 'исследовательский', 'природа', 'второе', 'обратный', 'процесс', 'сужение', 'поле', 'который', 'необходимо', 'лучший', 'альтернатива', 'принятие', 'нужный', 'решение']"
1,1,1,1,1,1,1,1,1,1,1,1,1,1,1,1,1,1,1,1,1,1,"['начало', 'встреча', 'глава', 'управа', 'район', 'южный', 'тушино', 'круг', 'наиболее', 'острый', 'вопрос', 'касаться', 'житель']"
1,0,1,1,1,1,1,1,1,1,1,1,0,1,1,1,1,1,1,1,1,1,"['юрий', 'жданов', 'работать', 'год', 'завотделом', 'наука', 'цк', 'вспоминать', 'сталин', 'беседовать', 'осень', 'суть', 'разногласие', 'лысенко', 'ученый', 'добавить', 'морганист', 'мендельянец', 'купить', 'человек', 'знак-кавычки']"
0,1,1,1,0,0,1,0,0,1,1,0,1,1,1,0,1,0,1,0,1,0,"['опасаться', 'злой', 'дух', 'круг', 'стоба', 'часть', 'стол', 'который', 'сидеть', 'заключенный', 'остальной', 'находиться', 'способ', 'агриппа', 'мягкий', 'логичный', 'научный', 'метод', 'практиковать', 'современный', 'спирит']"
1,1,0,1,1,1,0,1,0,0,0,1,1,0,1,1,0,1,1,1,0,0,"['нанести', 'смягчать', 'увлажнять', 'бальзам', 'полностью', 'смыть', 'тон', 'контур', 'карандаш', 'первый', 'слой', 'помада']"
1,0,1,1,1,1,1,1,1,1,1,1,0,1,1,1,1,1,1,1,1,0,"['правый', 'рука', 'воин', 'привычно', 'воздух', 'магический', 'знак', 'призывать', 'хранительница', 'свидетель', 'взывать', 'справедливость']"
1,1,1,1,1,1,1,1,1,1,1,1,1,1,1,1,1,1,1,1,1,0,"['ладонь', 'провести', 'затылок', 'бровь', 'массажный', 'линия', 'ореол', 'утишать', 'боль']"
1,0,1,0,1,1,1,1,1,1,1,1,1,1,1,1,1,1,1,1,1,0,"['собственно', 'расположенный', 'центральный', 'пост', 'пластиковый', 'указка', 'действительно', 'показывать', 'президент', 'свита', 'палец', 'изящно', 'система', 'концентрический', 'окружность', 'напоминать', 'ловчий', 'сеть', 'паук', 'начать', 'работа', 'прокладка', 'кольцевой', 'волновод']"
0,1,0,1,0,0,1,0,1,1,1,0,1,1,1,0,1,0,1,0,1,0,"['дружинник', 'разложить', 'далеко', 'башенка', 'костер', 'круг', 'воткнуть', 'палочка', 'заклятье', 'пузырь', 'сталь', 'гадать']"
1,1,1,1,1,1,1,1,1,1,1,1,0,0,1,1,1,1,1,1,1,0,"['карандаш', 'губа', 'контур']"
1,1,1,0,1,1,1,1,1,1,1,1,1,1,0,1,0,1,0,1,1,0,"['духовный', 'василий', 'темный', 'предел', 'московский', 'владение', 'увидеть', 'считать', 'тысяча', 'кв', 'миля']"
1,0,1,1,1,1,1,1,1,0,0,1,0,0,0,1,1,1,1,1,0,0,"['стропа', 'нож', 'круг', 'определять', 'размер', 'жилище']"
1,1,1,1,1,1,1,1,1,1,1,1,0,1,1,1,1,1,1,1,1,0,"['начало', 'тщательно', 'место', 'протечка', 'важный', 'вода', 'аквариум', 'придтись', 'слить']"
1,0,1,0,1,1,1,1,1,1,1,1,1,1,1,1,1,1,0,1,1,0,"['отого', 'циркуль', 'окружность', 'дно', 'центр', 'должный', 'совпадать', 'внешний', 'контур', 'тарелка']"
0,1,1,0,0,0,0,0,0,0,0,0,1,1,0,0,0,0,1,0,0,0,"['круг', 'прошептать', 'молитва']"
1,0,1,1,1,1,1,1,1,1,1,1,1,1,1,1,1,1,1,1,1,0,"['щелкнуть', 'окно', 'контур', 'компонент']"
0,0,1,1,0,1,1,0,1,1,1,0,0,1,1,0,1,0,1,0,1,0,"['княгиня', 'ольга', 'ввести', 'киевский', 'русь', 'система', 'сбор', 'налог', 'перепись', 'население', 'четкий', 'граница']"
1,0,0,0,1,1,1,1,1,1,1,1,0,0,0,1,1,1,1,1,1,0,"['подкрасить', 'кончик', 'ресница', 'обозначить', 'направление', 'глаз']"
1,1,1,0,1,1,1,1,1,1,1,0,1,1,0,0,1,1,1,1,1,0,"['барный', 'стойка', 'удачно', 'разделить', 'зона', 'четко', 'граница', 'высокий', 'стул', 'стать', 'оригинальный', 'элемент', 'декор']"
1,0,0,0,1,1,0,1,0,0,0,1,0,0,0,1,0,1,1,1,0,0,"['частность', 'передний', 'бампер', 'добавить', 'сплиттер', 'больший', 'площадь', 'резко', 'боковой', 'порог', 'разместить', 'углепластиковый', 'юбка']"
1,0,1,0,1,1,0,1,0,0,0,1,1,1,0,1,0,1,0,1,0,0,"['время', 'калиостро', 'отточить', 'мел', 'кресло', 'сидеть', 'алексей', 'алексеевич', 'большой', 'круг']"
1,1,0,0,1,1,1,1,1,1,1,1,1,0,0,1,1,1,1,1,1,0,"['руна', 'круг', 'земля', 'предел', 'движение', 'мия', 'нилла', 'замедляться', 'сильно', 'давать', 'возможность', 'убежать', 'атаковать', 'ауста', 'передвигаться', 'незамедленный', 'сила', 'полный']"
0,0,1,0,0,0,1,0,1,1,1,0,0,1,0,0,1,0,1,0,1,0,"['определиться', 'проходить', 'край', 'дорожка', 'граница', 'леска', 'любой', 'другой', 'материал', 'который', 'удобный']"
0,0,0,1,0,0,0,0,0,0,0,0,0,0,0,0,0,0,1,0,0,0,"['сидеть', 'однажды', 'царь', 'высокий', 'трон', 'прийти', 'дворец', 'посланец', 'далекий', 'страна', 'единый', 'слово', 'круг', 'царский', 'стать', 'сторона']"
0,0,0,0,0,0,0,0,0,0,0,0,1,0,0,0,0,0,1,0,0,0,"['карандаш', 'контур', 'слегка', 'припудрить', 'губка', 'помада', 'быстро', 'смываться']"
0,0,1,0,0,0,0,0,0,0,0,0,0,1,0,0,0,0,1,0,0,0,"['лист', 'фрагмент', 'который', 'должный', 'содержаться', 'форма']"
0,0,1,0,0,0,0,0,0,0,0,0,1,0,0,0,0,0,1,0,0,0,"['победитель', 'тысяча', 'квадратный', 'километр', 'степь', 'демаркационный', 'линия', 'тонна', 'герметика', 'вылить', 'ядовитый', 'земля', 'вертолет', 'человек', 'зверь', 'ступить', 'изнутри', 'вспахать', 'полоса', 'огнемет', 'бдительно', 'превращать', 'головешка']"
1,1,1,1,1,1,1,1,1,1,1,1,1,1,1,1,1,1,1,1,1,0,"['планировать', 'сделать', 'максимальный', 'глубина', 'метр', 'визуально', 'круг', 'необходимый', 'диаметр', 'центр', 'глубокий', 'точка', 'копать', 'начинать', 'максимально', 'место', 'постепенно', 'подниматься', 'вверх']"
0,0,1,1,0,0,0,0,0,0,0,0,0,0,0,0,0,0,1,0,0,0,"['резко', 'обозначить', 'тень', 'угол', 'предмет']"
1,0,1,1,1,1,0,1,0,0,0,1,1,1,1,1,0,1,1,1,0,0,"['растопить', 'свеча', 'ватный', 'палочка', 'пятно', 'горячий', 'воск']"
0,0,0,0,0,0,0,0,0,0,0,0,1,0,0,0,0,0,1,0,0,0,"['аргумент', 'принять', 'трудно', 'страна', 'обещать', 'потомок', 'всевышний', 'который', 'предел', 'предсказать', 'поколение', 'вернуться', 'указать', 'произойти', 'ранее', 'переполниться', 'мера', 'грех', 'эморей', 'знак-кавычки']"
0,0,1,1,0,0,0,0,0,0,0,0,0,1,1,0,0,0,1,0,0,0,"['верховный', 'судья', 'снять', 'шея', 'ляпис', 'трубецкой', 'манифест', 'скачать', 'ковер', 'мгновенно', 'засиять', 'круг']"
1,0,0,1,1,1,1,1,1,1,1,1,0,0,1,1,1,1,1,1,1,0,"['сапог', 'место', 'рыть', 'колодец', 'поставить', 'сторонка', 'походный', 'палатка', 'разложить', 'карта', 'чертеж']"
0,0,1,0,0,0,0,0,0,0,0,0,1,1,0,0,0,0,1,0,0,0,"['яма', 'ромул', 'плуг', 'который', 'запрячь', 'бык', 'корова', 'граница', 'город']"
0,0,1,0,0,0,0,0,0,0,0,0,0,0,0,0,0,0,1,0,0,0,"['смочить', 'правый', 'указательный', 'палец', 'масло', 'круг', 'пентакль', 'произнести', 'сила', 'запрашивать', 'власть', 'бог', 'даровать', 'процветание', 'знак-кавычки']"
1,1,1,0,1,1,1,1,1,1,1,1,1,1,0,1,1,1,1,1,1,0,"['джонни', 'вогнать', 'земля', 'стальной', 'стержень', 'привязать', 'веревка', 'циркуль', 'круг']"
1,0,0,1,1,1,1,1,0,0,0,1,0,1,1,1,1,1,1,1,0,0,"['кругом', 'чирей', 'перст', 'трижды']"
0,0,1,1,0,0,0,0,0,0,0,0,1,1,1,0,0,0,1,0,0,0,"['отныне', 'воздух', 'круг', 'остальной', 'мир']"
0,0,1,1,0,0,0,0,0,0,0,0,1,1,1,0,0,0,1,0,0,0,"['нанести', 'шаблон', 'покрытие', 'контур']"
0,1,1,0,0,0,0,0,0,0,0,0,1,1,0,0,0,0,0,0,0,0,"['зажечь', 'свечка', 'магический', 'круг', 'повторять', 'следующий', 'слово', 'дух', 'настоящий', 'удача', 'прийти', 'помощь', 'знак-кавычки']"
1,0,0,0,1,1,1,1,1,1,1,1,0,0,0,1,0,1,1,1,0,0,"['далее', 'приложить', 'ранее', 'заготовить', 'шаблон', 'строгать', 'заготовка', 'контур', 'деталь']"
1,0,0,0,1,1,1,1,1,1,1,1,0,0,0,1,1,1,1,1,1,0,"['среда', 'ясный', 'ночь', 'земля', 'осиновый', 'кол']"
1,1,0,0,1,0,0,0,0,0,0,0,1,0,0,0,0,0,1,0,0,0,"['ухмыльнуться', 'зловеще', 'замысловатый', 'фигура', 'сдвинутый', 'щепотка', 'палец']"
0,0,1,0,0,0,0,0,0,0,0,0,0,0,0,0,0,0,1,0,0,0,"['найти', 'стоматологический', 'клиника', 'трехкилометровый', 'зона', 'взять', 'карта', 'круг', 'нанести', 'салон']"
0,0,1,1,0,0,0,0,0,0,0,0,0,1,1,0,0,0,1,0,0,0,"['впитаться', 'контур', 'губа', 'карандаш']"
0,0,0,0,0,0,0,0,0,0,0,0,0,0,0,0,0,0,1,0,0,0,"['принцип', 'шар', 'включать', 'концепция', 'круговой', 'защита', 'нанесение', 'удар', 'различный', 'траектория', 'вместе', 'образовывать', 'замкнутый', 'сфера', 'круг', 'сделать', 'продолжение', 'сила', 'твой', 'хранить', 'целостность', 'собственный', 'тело']"
0,0,1,0,0,0,0,0,0,0,0,0,0,0,0,0,0,0,1,0,0,0,"['полк', 'специальный', 'место', 'оттенить', 'красота', 'знак-кавычки']"
1,0,1,1,1,1,0,1,0,0,0,1,0,1,1,1,0,1,1,1,0,0,"['аппаратный', 'косметология', 'лицо', 'смысл', 'воспользоваться', 'пластический', 'операция', 'необходимость', 'подтянуть', 'лицевой', 'мышца', 'четкий', 'контур', 'избавиться', 'морщина', 'кожный', 'несовершенство', 'пигментный', 'пятно', 'купероз', 'шрам', 'рубец']"
1,0,1,1,1,1,0,1,0,0,0,1,1,1,1,1,0,1,1,1,0,0,"['неожиданно', 'выхватить', 'штык', 'квадрат', 'поверхность', 'дерн']"
1,0,1,0,1,1,1,1,1,1,1,1,1,0,0,1,1,1,1,1,1,0,"['грубый', 'материал', 'нарисовать', 'место', 'следовать', 'изнаночный', 'сторона', 'новый', 'слой', 'смесь']"
1,0,1,1,1,1,1,1,1,1,1,1,0,1,1,1,1,1,1,1,1,0,"['контур', 'рисунок', 'воск', 'лицевой', 'изнаночный', 'сторона']"
0,1,0,0,0,0,0,0,0,0,0,0,0,0,0,0,0,0,0,0,0,0,"['граница', 'губа', 'контурный', 'карандаш', 'цвет', 'тон', 'темный', 'сверху', 'нанести', 'непосредственно', 'блеск']"
1,0,1,1,1,1,1,1,1,1,1,1,1,1,1,1,1,1,1,1,1,0,"['губа', 'карандаш', 'который', 'оттенок', 'темно', 'помада', 'знать', 'выглядеть', 'неестественно', 'старомодный']"
0,0,1,0,0,0,0,0,0,0,0,0,0,0,0,0,0,0,0,0,0,0,"['запад', 'светлый', 'линия', 'вершина', 'гора', 'стать', 'черный', 'плоский', 'резной', 'дворцовый', 'фасад']"
1,1,1,0,1,1,1,1,1,1,1,1,1,1,0,1,1,1,1,1,1,0,"['например', 'элемент', 'перегнуть', 'место', 'контур', 'форма', 'блоковый']"
1,1,1,1,1,1,1,1,1,1,1,1,1,1,1,1,1,1,1,1,1,0,"['новый', 'модель', 'надувной', 'кровать', 'высокий', 'королевский', 'размер', 'ортопедический', 'прокладка', 'эффект', 'память', 'высокотехнологичный', 'пена', 'контур', 'тело', 'лучший', 'сон', 'знак-кавычки']"
1,0,1,1,1,1,1,1,1,1,1,1,1,1,1,1,1,1,1,1,1,0,"['точно', 'вырезать', 'дно', 'положить', 'лист', 'фанера', 'собрать', 'каркас', 'ящик', 'карандаш', 'внутренний', 'контур']"
1,0,1,1,1,1,1,1,1,1,1,1,1,1,1,1,1,1,1,1,1,0,"['карандаш', 'стол', 'угол', 'стойка', 'мостик', 'знать', 'находиться']"
1,1,1,1,1,1,1,1,1,0,0,1,1,1,1,1,1,1,1,1,1,0,"['колдун', 'помощник', 'круг', 'начало', 'насылать', 'бешта', 'дикий', 'зверь']"
1,1,1,1,1,1,1,1,1,1,1,1,1,1,1,1,1,1,1,1,1,0,"['круг', 'прошептать', 'молитва']"
1,1,1,0,1,1,1,1,1,1,1,1,1,1,0,1,1,1,1,1,1,0,"['угольник', 'вырезать', 'контур', 'ножовка']"
1,0,1,1,1,1,0,1,0,0,0,1,0,1,1,1,0,1,1,1,0,0,"['шаман', 'круг', 'край', 'стойбище', 'указание', 'сталь', 'устанавливать', 'кость', 'новый', 'яранга', 'пастух']"
1,0,1,1,1,1,1,1,1,1,1,1,1,1,1,1,1,1,1,1,1,0,"['горилла', 'меиг', 'пытаться', 'собственный', 'тень', 'стена']"
1,1,1,0,1,1,1,1,1,1,1,1,1,1,0,1,1,1,1,1,1,0,"['следовать', 'контур', 'изображение', 'маскировать', 'область', 'остаться', 'наблюдать', 'программа', 'сделать', 'дело']"
1,0,1,1,1,1,1,1,1,1,1,1,0,1,1,1,1,1,1,1,1,0,"['лошадка', 'должный', 'магический', 'круг', 'деревня', 'считаться', 'коровий', 'смерть', 'пересечь']"
0,0,1,1,0,1,1,1,1,1,1,1,0,1,1,1,1,1,1,1,1,0,"['быстро', 'защитный', 'круг', 'всякий', 'случай', 'прикрыть', 'глаз', 'рука']"
0,0,1,1,0,1,1,1,1,1,1,1,1,1,1,1,1,1,1,1,1,0,"['палец', 'пол', 'воображать', 'прямоугольник', 'размер', 'маленький', 'балкон']"
1,1,1,1,1,1,1,1,1,1,1,1,1,1,1,1,1,1,1,1,1,0,"['квадрат', 'захватить', 'событие', 'установить', 'прибор', 'вхождение', 'настройка', 'каждый', 'канал', 'отдельно']"
1,1,1,1,1,1,1,1,1,1,1,1,1,1,1,1,1,1,1,1,1,0,"['кисть', 'губа', 'иметь', 'прямоугольный', 'форма', 'помощь', 'быстро', 'профессионально', 'контур', 'ровный', 'однородный', 'слой', 'нанести', 'помада']"
0,1,1,1,0,0,0,0,0,0,0,0,1,1,0,0,0,0,1,0,0,0,"['первый', 'дело', 'большой', 'прямоугольник', 'рама', 'набросок']"
1,1,1,1,1,1,1,1,1,1,1,1,1,1,1,1,1,1,1,1,1,0,"['оставить', 'обитель', 'охраняемый', 'волшебный', 'сила', 'взять', 'свежеостругать', 'быстро', 'палочка', 'подушка', 'который', 'лежать', 'большой', 'круг', 'начертать', 'символ']"
1,1,1,1,1,1,1,1,1,1,1,1,1,1,1,1,1,1,1,1,1,0,"['декор', 'коллекция', 'отлично', 'вписываться', 'помогать', 'прямоугольный', 'панно']"
1,0,1,1,1,1,1,1,1,0,0,1,0,1,1,1,1,1,1,1,1,0,"['нанести', 'веко', 'светлый', 'тень', 'контур', 'глаз', 'подводка', 'средний', 'оттенок']"
1,1,1,1,1,1,1,1,1,1,1,1,1,1,1,1,1,1,1,1,1,0,"['щелкнуть', 'окно', 'контур', 'компонент']"
0,0,1,0,0,1,1,1,1,1,0,1,1,1,0,1,1,1,1,1,0,0,"['начало', 'глаз', 'равный', 'длина', 'умелый', 'коррекция']"
1,0,1,1,1,1,1,1,1,1,1,1,1,1,1,1,1,1,1,1,1,0,"['носильщик', 'поставить', 'катафалк', 'гроб', 'земля', 'геомант', 'компас', 'лента', 'рука', 'последний', 'следователь', 'место', 'погребение', 'угол', 'могила', 'жертва', 'дух']"
1,1,1,1,1,1,1,1,1,1,1,1,1,1,1,1,1,1,1,1,1,0,"['секундный', 'стрелка', 'успеть', 'первый', 'круг', 'брянец', 'сфолить', 'штрафной']"
0,0,1,1,0,0,0,0,0,0,0,0,0,1,1,0,0,0,1,0,0,0,"['магический', 'круг', 'тесно', 'заметить', 'граница', 'переступить', 'хитро', 'овладеть', 'сердце', 'скользкий', 'непрочный', 'обладание', 'ум', 'воля', 'подчинить', 'вкус', 'нрав', 'смотреть', 'вещь', 'думать', 'твой']"
0,1,1,0,0,0,0,0,0,0,1,0,0,0,0,0,0,0,1,0,0,0,"['наносить', 'губной', 'помада', 'контур', 'светлый', 'подводка', 'кремовый', 'цвет']"
0,0,0,0,0,0,0,0,0,0,0,0,0,0,0,0,0,0,1,0,0,0,"['сжигать', 'способ', 'разжечь', 'костер', 'тонкий', 'ветка', 'один', 'круг', 'слово', 'имя', 'отец', 'сын', 'святой', 'дух', 'знак-кавычки']"
0,0,0,1,0,0,0,0,0,0,0,0,0,0,0,0,0,0,1,0,0,0,"['тень', 'козырек', 'закрыть', 'глаз', 'скульптурный', 'выпукло', 'рот', 'подбородок', 'резкий', 'складка', 'губа']"
0,0,0,0,0,0,0,0,0,0,0,0,1,0,0,0,0,0,1,0,0,0,"['красный', 'карандаш', 'резко', 'круг']"
0,1,1,1,0,0,0,0,0,0,0,0,1,0,1,0,0,0,1,0,0,0,"['приступить', 'исправление', 'проблема', 'первый', 'дело', 'следовать', 'просесть', 'участок']"
1,0,0,0,1,1,0,1,0,0,0,1,0,0,0,1,0,1,0,0,0,0,"['вытащить', 'блокнот', 'начало', 'карандаш', 'круг', 'быстро', 'зарисовать', 'самый', 'крупный', 'элемент', 'хитрый', 'замок']"
0,0,1,0,0,0,0,0,0,0,0,0,0,0,0,0,0,0,1,0,0,0,"['текстовый', 'слой', 'применить', 'фильтр', 'текст', 'заполнить', 'градиент', 'рисунок']"
0,1,0,0,0,0,0,0,0,0,0,0,1,0,0,0,0,0,1,0,0,0,"['подкрасить', 'кончик', 'ресница', 'обозначить', 'направление', 'глаз']"
0,1,1,0,0,0,0,0,0,0,0,0,0,1,0,0,0,0,1,0,0,0,"['прийти', 'церковь', 'круг', 'читать', 'псалтырь', 'назад', 'оглядываться']"
1,0,0,0,1,0,0,0,0,1,1,0,1,0,0,0,0,0,1,0,0,0,"['вечер', 'прийти', 'мальчик', 'церковь', 'нож', 'круг', 'приняться', 'псалтырь']"
0,0,1,1,0,0,0,0,0,0,0,0,1,1,1,0,0,0,1,0,0,0,"['отсутствие', 'коронка', 'место', 'крепление', 'светильник', 'вырезать', 'нож', 'гипрок']"
0,0,0,0,0,0,0,0,0,0,0,0,1,0,0,0,0,0,1,0,0,0,"['наметить', 'установить', 'потолок', 'розетка', 'круг', 'соответствовать', 'диаметр', 'будущий', 'бечевка', 'привязать', 'карандаш']"
0,0,0,0,0,0,0,0,0,0,0,0,1,0,0,0,0,0,1,0,0,0,"['определить', 'редкий', 'уникальный', 'вид', 'граница', 'будущий', 'особо', 'охранять', 'территория', 'подготовить', 'паспорт', 'памятник', 'природа']"
0,0,0,0,0,0,0,0,0,0,0,0,0,0,0,0,0,0,1,0,0,0,"['роланд', 'размахнуться', 'ружье', 'двигаться', 'снизу', 'вверх', 'сила', 'воздух', 'крутой', 'дуга']"
0,0,1,1,0,0,0,0,0,0,0,0,0,1,1,0,0,0,1,0,0,0,"['контур', 'неяркий', 'подводка', 'внешний', 'угол', 'глаз', 'середина', 'верхний', 'нижний', 'век']"
0,0,1,0,0,0,0,0,0,0,0,0,0,1,0,0,0,0,1,0,0,0,"['четко', 'мелкий', 'деталь', 'придать', 'картина', 'законченность', 'филигранность']"
0,0,0,0,0,0,0,0,0,0,0,0,0,0,0,0,0,0,1,0,0,0,"['мнение', 'владимир', 'лисовский', 'совет', 'должный', 'граница', 'архитектурный', 'ансамбль', 'территория', 'который', 'новый', 'строительство', 'занять', 'процент', 'площадь', 'город']"
0,1,0,0,0,0,0,0,0,0,0,0,1,0,0,0,0,0,1,0,0,0,"['обнаружить', 'подклад', 'мертвый', 'животное', 'мел', 'окружность', 'поставить', 'контур', 'сторона', 'свет', 'маленький', 'аромалампа', 'свеча', 'произнести', 'послать', 'получить', 'нажелать', 'исполнить', 'сказать', 'услышать', 'знак-кавычки']"
0,0,1,0,0,0,0,0,0,0,0,0,0,0,0,0,0,0,1,0,0,0,"['власть', 'задумать', 'расширить', 'столица', 'трапециевидный', 'образ', 'просто', 'город', 'кольцо', 'больший', 'радиус', 'понятно', 'знак-кавычки']"
0,0,1,1,0,0,0,0,0,0,0,0,1,1,1,0,0,0,1,0,0,0,"['гиалуроновой', 'кислота', 'ввести', 'область', 'губа', 'рот', 'позволять', 'одновременно', 'четко', 'заметно', 'увеличить', 'объем', 'сгладить', 'мимический', 'морщина']"
1,1,0,0,1,1,1,1,1,1,1,1,1,0,0,1,1,1,1,1,1,0,"['обнаружить', 'куст', 'папоротник', 'круг', 'растение', 'разостлать', 'скатерть', 'сев', 'северный', 'сторона', 'устремить', 'взгляд']"
0,0,1,0,0,0,0,0,0,0,0,0,1,1,1,0,0,0,1,0,0,0,"['вспомнить', 'любой', 'сказка', 'защититься', 'черный', 'сила', 'круг', 'доказывать', 'детский', 'история', 'создать', 'развлечение', 'описание', 'древний', 'миф', 'обряд', 'условие', 'смена', 'религия', 'культурный', 'ценность']"
1,0,0,0,1,1,1,1,0,1,1,0,1,0,0,0,0,0,1,0,1,0,"['рассматривать', 'очертание', 'распространяться', 'воздух', 'дым', 'денис', 'гур', 'рука', 'невидимый', 'контур']"
0,0,0,1,0,0,0,0,0,0,0,0,1,0,1,0,0,0,1,0,0,0,"['палец', 'овал', 'слегка', 'потертый', 'сгиб', 'карта']"
0,0,0,0,0,0,0,0,0,0,0,0,0,0,0,0,0,0,1,0,0,0,"['просто', 'взять', 'лист', 'бумага', 'заданный', 'размер', 'вместить', 'расположить', 'начало', 'прокладывать', 'жгут', 'провод', 'разъем', 'блок', 'особый', 'внимание', 'обратить', 'наличие', 'состояние', 'положенный', 'знак-кавычки']"
0,1,1,1,0,0,0,0,0,0,0,0,1,1,0,0,0,0,1,0,0,0,"['нажать', 'клавиша', 'курсор', 'окно', 'просмотр', 'рамка', 'рис']"
0,0,1,0,0,0,0,0,0,0,0,0,1,1,0,0,0,0,1,0,0,0,"['большой', 'помещение', 'визуально', 'поделить', 'отдельный', 'зона', 'потолок', 'который', 'форма', 'граница']"
1,1,1,1,1,1,1,1,1,1,1,1,1,1,1,1,1,1,1,1,1,0,"['подготовка', 'укладка', 'начало', 'работа', 'поверхность', 'который', 'облицовываться', 'правильно', 'расположить', 'мозаика']"
1,0,0,0,1,1,1,1,1,1,1,1,1,0,0,1,1,1,1,1,1,0,"['постройка', 'боскет', 'наиболее', 'подойти', 'бывший', 'детский', 'площадка', 'который', 'необходимо', 'квадрат']"
1,1,0,0,1,1,0,1,0,0,0,1,1,1,0,1,0,1,1,1,0,0,"['возвышенность', 'эллипс', 'место', 'находиться', 'момент', 'активность', 'лед', 'значительно', 'низкий', 'школьный', 'здание', 'который', 'расположенный', 'плавательный', 'бассейн', 'обледенеть', 'соседний', 'строение']"
0,0,1,0,0,0,0,0,0,0,0,0,0,1,0,0,0,0,1,0,0,0,"['закрепить', 'короб', 'брусок', 'который', 'свод', 'ниша', 'дрова']"
0,0,1,0,0,0,0,0,0,0,0,0,0,0,0,0,0,0,1,0,0,0,"['положить', 'лист', 'ковролин', 'прижимать', 'мел', 'стык', 'арк', 'боковина', 'задний', 'стенка', 'багажник', 'соединение', 'пол', 'передний', 'пассажирский', 'сиденье', 'тоннель', 'карданный', 'вал']"
0,0,0,0,0,0,0,0,0,0,0,0,0,0,0,0,0,0,1,0,0,0,"['говорить', 'отверстие', 'который', 'иметься', 'четырехугольный', 'колонна', 'палец', 'круг', 'время', 'задумать', 'желание', 'должно', 'обязательно', 'исполниться']"
0,0,0,0,0,0,0,0,0,0,0,0,1,0,0,0,0,0,0,0,0,0,"['уверенный', 'малыш', 'понимать', 'тема', 'попробовать', 'заинтересовать', 'обратиться', 'природный', 'явление', 'связанный', 'время', 'встать', 'рассвет', 'показать', 'восходящий', 'солнце', 'рука', 'дуга', 'рассказать', 'путь', 'проходить', 'светило', 'день', 'садиться', 'вечер']"
0,0,0,0,0,0,0,0,0,0,0,0,0,0,0,0,0,0,0,0,0,0,"['сначала', 'контур', 'будущий', 'приусадебный', 'участок', 'предварительно', 'определиться', 'масштаб']"
1,1,0,0,1,1,1,1,1,1,1,1,1,0,0,1,1,1,1,1,1,0,"['далее', 'бумага', 'граница', 'сад', 'расположение', 'садовый', 'домик', 'изобразить', 'окно', 'дверь']"
1,0,0,0,1,1,1,1,1,1,1,1,1,1,0,1,1,1,1,1,1,0,"['страх', 'круг']"
0,0,0,1,0,0,0,0,0,0,0,0,0,0,1,0,0,0,1,0,0,0,"['циркуль', 'необходимый', 'площадь', 'полив']"
0,0,0,0,0,0,0,0,0,0,0,0,0,0,0,0,0,0,1,0,0,0,"['один', 'труп', 'рука', 'нога']"
0,1,0,1,0,0,1,0,1,1,1,0,0,1,1,0,1,0,1,0,1,0,"['обвиняемый', 'показать', 'поутру', 'пойти', 'нога', 'мужчина', 'принести', 'домой', 'валенок', 'снять', 'мясо', 'начать', 'варить', 'знак-кавычки']"
0,1,1,0,0,0,0,0,0,0,0,0,1,0,0,0,0,0,1,0,0,0,"['единственный', 'разница', 'дикий', 'запад', 'забыть', 'улыбнуться', 'башка', 'япония', 'отстрелить', 'кольт', 'го', 'калибр']"
0,0,1,0,0,0,0,0,0,0,0,0,1,1,0,0,0,0,0,0,0,0,"['петр', 'собственноручно', 'голова']"
0,1,1,1,0,0,0,0,0,0,0,0,1,1,0,0,0,0,1,0,0,0,"['ноябрь', 'год', 'выйти', 'именной', 'указ', 'анна', 'который', 'старательный', 'перечисляться', 'иван', 'алексеевич', 'голова', 'колесование', 'сергей', 'григорьевич', 'василий', 'лукич']"
0,1,1,1,0,0,0,0,0,0,0,0,1,0,1,0,0,0,0,0,0,0,"['волынский', 'конфидент', 'действительно', 'голова']"
1,1,1,1,1,1,0,1,0,0,0,1,1,1,1,1,0,1,0,1,0,0,"['одновременно', 'голова', 'еропкин', 'хрущев', 'соймонов', 'суд', 'эйхлер', 'бить', 'кнут', 'сослать', 'каторжный', 'работа', 'сибирь']"
1,0,0,0,1,1,0,1,0,0,0,1,0,0,0,1,0,1,1,1,0,0,"['король', 'консервативный', 'дворянство', 'ничто', 'понять', 'второй', 'гражданский', 'война', 'год', 'парламент', 'арестовать', 'судить', 'приговорить', 'смерть', 'январь', 'карла', 'голова', 'городской', 'площадь', 'самый', 'обычный', 'преступник']"
0,0,0,0,0,0,0,0,0,0,0,0,0,0,0,0,0,0,1,0,0,0,"['отрывок', 'сказка', 'самый', 'маленький', 'белоснежка', 'просто', 'запоминать', 'гномик', 'лишний', 'палец']"
0,0,0,0,0,0,0,0,0,0,0,0,0,0,0,0,0,0,1,0,0,0,"['господин', 'грубо', 'взять', 'бедняк', 'повести', 'шиворот', 'темница', 'следующий', 'утро', 'палач', 'голова', 'знак-кавычки', 'знак-кавычки']"
0,1,0,0,0,0,0,0,0,0,0,0,1,0,0,0,0,0,1,0,0,0,"['один', 'оперативник', 'очередь', 'выпустить', 'импульсный', 'огнемет', 'нога', 'упасть', 'горячий', 'асфальт', 'вопить', 'боль']"
0,0,0,0,0,0,0,0,0,0,0,0,0,0,0,0,0,0,1,0,0,0,"['июль', 'исламский', 'экстремист', 'нападать', 'джозеф', 'улица', 'рука']"
0,0,1,0,0,0,0,0,0,1,1,0,0,1,0,0,0,0,1,0,0,0,"['мученик', 'евгений', 'вырвать', 'язык', 'рука', 'нога', 'отсечь', 'голова', 'меч']"
0,0,1,1,0,1,1,0,1,0,1,0,0,1,1,0,1,0,1,0,1,0,"['тор', 'голова', 'монстр', 'утонуть', 'извергаться', 'волна', 'яд']"
0,1,1,0,1,1,1,1,1,1,1,0,1,0,0,0,1,0,1,0,1,0,"['голова', 'падло']"
0,0,1,0,0,0,0,0,0,0,0,0,1,1,0,0,0,0,1,0,0,0,"['взять', 'находиться', 'всадник', 'копье', 'пронзить', 'один', 'нападать', 'лишиться', 'жизнь', 'обнажить', 'меч', 'голова', 'другой']"
0,0,1,0,0,0,0,0,0,0,0,0,0,1,0,0,0,0,1,0,0,0,"['уверенный', 'читатель', 'смотреть', 'фильм', 'терминатор', 'помнить', 'главный', 'отрицательный', 'персонаж', 'робот', 'отрастать', 'рука', 'нога']"
1,0,0,0,1,1,0,1,0,0,0,1,1,0,0,1,0,1,0,1,0,0,"['один', 'пленник', 'голова']"
0,0,1,0,0,0,0,0,0,0,0,0,0,0,0,0,0,0,1,0,0,0,"['озверелый', 'гитлеровец', 'кисть', 'рука']"
1,1,1,0,1,1,0,1,0,0,0,1,1,1,0,1,0,1,1,1,0,0,"['расстрелять', 'алик', 'кисть', 'рука', 'пожелать', 'лечить', 'забыть', 'снять', 'дорога', 'камуфляж']"
1,1,1,0,1,1,1,1,1,1,1,1,1,1,1,1,1,1,1,1,1,0,"['кисть', 'человеческий', 'рука', 'оставить', 'пещера', 'тысячелетие', 'найти', 'ученый']"
0,0,0,0,0,0,0,0,0,0,0,0,0,0,0,0,0,0,0,0,0,0,"['право', 'айболит', 'палец', 'вылечить', 'ноготь']"
0,0,0,1,0,0,0,0,0,0,0,0,1,0,1,0,0,0,1,0,0,0,"['всякий', 'случай', 'голова']"
1,0,1,0,1,1,1,1,1,1,1,0,1,0,0,0,1,0,1,0,1,0,"['голова', 'пророк', 'ваал', 'видеть', 'ниспадать', 'огонь', 'гора', 'кармила']"
0,0,1,1,0,0,0,0,0,0,0,0,1,1,1,0,0,0,1,0,0,0,"['вернуться', 'увидеть', 'вьетконговец', 'побывать', 'рука', 'след', 'прививка']"
0,0,0,0,0,0,0,0,0,0,0,0,0,0,0,0,0,0,1,0,0,0,"['мученик', 'клавдия', 'рука', 'нога']"
0,0,0,0,0,0,0,0,0,0,0,0,0,0,0,0,0,0,1,0,0,0,"['илья', 'умереть', 'змей', 'горыныч']"
0,0,1,0,0,0,0,0,0,0,0,0,1,0,0,0,0,0,1,0,0,0,"['заметить', 'мертвяк', 'пойти', 'сторона', 'возвращаться', 'пикинер', 'подбежать', 'несчастный', 'нога']"
0,0,1,0,0,0,0,0,0,0,0,0,0,0,0,0,0,0,1,0,0,0,"['избитый', 'измученный', 'дорога', 'молодой', 'кадет', 'успеть', 'открыть', 'дверь', 'вход', 'вокзал', 'палач', 'красноармеец', 'шашка', 'голова']"
1,1,1,1,1,1,1,1,1,1,1,1,1,1,1,1,1,1,1,1,1,0,"['наброситься', 'станичный', 'атаман', 'начать', 'наносить', 'удар', 'штык', 'тело', 'рука', 'нога']"
1,0,1,1,1,1,1,1,1,1,1,1,1,1,1,1,1,1,1,1,1,0,"['говорить', 'жена', 'полковник', 'о.', 'зверски', 'истерзать', 'сначала', 'палец', 'проколоть', 'штык', 'живот', 'беременный']"
1,0,1,1,1,1,1,1,1,1,1,1,0,1,1,1,1,1,1,1,1,0,"['взмахнуть', 'меч', 'дракон', 'голова']"
0,0,1,1,0,1,1,0,1,1,1,1,0,0,1,1,1,1,1,1,1,0,"['предугадать', 'правильно', 'нигер', 'трястись', 'рука', 'флав', 'голова', 'повторный', 'удар']"
1,1,1,1,1,1,1,1,1,1,1,1,1,1,1,1,1,1,1,1,1,0,"['приговор', 'изменить', 'казнь', 'миновать', 'однажды', 'прийти', 'послушать', 'музыка', 'человек', 'ожидать', 'тишина', 'палач', 'сделать', 'дело', 'рыцарь', 'голова']"
0,0,1,1,0,0,1,0,0,1,0,0,1,1,1,0,0,1,1,0,1,0,"['ограбить', 'палец', 'перстень', 'отнять', 'рука', 'голова', 'живой']"
1,0,1,1,1,1,1,1,1,1,1,1,1,1,1,1,1,1,1,1,1,0,"['свиягино', 'зверский', 'способ', 'замучить', 'партизан', 'мясник', 'который', 'свидетельство', 'очевидец', 'сперва', 'ухо', 'нос', 'рука', 'нога', 'живой', 'порубить', 'кусок', 'знак-кавычки']"
1,1,1,1,1,1,1,1,1,1,1,1,1,1,1,1,1,1,1,1,1,0,"['вышибить', 'зуб', 'язык', 'знак-кавычки']"
1,1,1,1,1,1,1,1,1,1,1,1,1,1,1,1,1,1,1,1,1,0,"['выхватить', 'аргелюс', 'меч', 'ножны', 'голова', 'неверный', 'слуга']"
0,0,1,1,0,0,1,0,1,1,1,1,0,1,1,1,1,1,1,1,1,0,['голова']
1,1,0,1,1,1,1,1,1,1,1,1,1,1,1,1,1,1,0,1,1,0,"['житие', 'сказать', 'епископство', 'год', 'отправить', 'рудник', 'подвергаться', 'пытка', 'желать', 'отречься', 'христос', 'повредить', 'правый', 'глаз', 'рука']"
0,0,0,1,0,0,0,0,0,0,0,0,0,0,1,0,0,0,1,0,0,0,"['жена', 'посчитать', 'брат', 'убить', 'голова']"
0,0,1,1,0,0,1,0,1,1,1,1,0,1,1,1,1,1,1,1,1,0,"['один', 'версия', 'святой', 'апостол', 'погибнуть', 'день', 'петр', 'распять', 'крест', 'вниз', 'голова', 'павел']"
0,0,0,1,0,0,0,0,0,1,0,0,1,1,1,0,0,0,1,0,1,0,"['заскрипеть', 'полоз', 'деревянный', 'выбег', 'навстречу', 'наконец', 'краюха', 'хлеб', 'долгожданный', 'топор', 'отец']"
1,0,1,1,1,1,1,1,1,1,1,1,0,0,1,1,1,1,1,1,1,0,"['взять', 'лопата', 'башка']"
0,0,1,0,0,0,0,0,0,0,0,0,1,1,0,0,0,0,1,0,0,0,"['наложить', 'заклятье', 'пресвятой', 'богородица', 'должный', 'оставаться', 'кошка', 'королевский', 'сын', 'голова']"
1,0,0,1,1,1,0,1,0,0,0,1,0,0,1,1,0,1,1,1,0,0,"['схватить', 'солдат', 'прибегнуть', 'самоуправство', 'вынести', 'императорский', 'палата', 'голова']"
1,1,0,1,1,1,1,1,1,1,1,1,0,0,1,1,1,1,1,1,1,0,"['томас', 'мор', 'генрих', 'голова', 'эразм', 'роттердамский', 'подвергнуть', 'осмеяние', 'разоблачение', 'лютер', 'сторонник', 'знак-кавычки', 'знак-кавычки']"
0,0,1,0,0,0,0,0,0,0,0,0,1,1,0,0,0,0,1,0,0,0,"['ударить', 'великан', 'меч', 'голова']"
1,1,1,1,1,1,0,1,0,0,0,1,1,1,1,1,0,1,1,1,0,0,"['голова', 'принести', 'саломея']"
1,1,0,0,1,0,0,0,1,0,1,1,1,0,0,1,0,1,0,1,1,0,"['попить', 'вода', 'голова', 'вопиловский', 'г.', 'р.', 'г', 'знак-кавычки']"
1,1,1,1,1,1,1,1,1,1,1,1,0,1,1,1,1,1,0,1,1,0,"['один', 'версия', 'родиться', 'туловище', 'медуза', 'вместе', 'брат', 'воин', 'хрисаор', 'персей', 'голова']"
1,1,0,1,1,1,1,1,1,1,1,1,1,0,1,1,1,1,0,1,1,0,"['обращаться', 'клинок', 'уметь', 'вспомнить', 'голова', 'вампир', 'охотиться']"
1,1,1,1,1,1,1,1,1,1,1,1,0,1,1,1,1,1,1,1,1,0,"['увидеть', 'огромный', 'кусок', 'мясо', 'половина', 'запихать', 'рюкзак']"
0,0,0,1,0,0,1,0,1,1,1,0,0,1,1,0,1,0,1,0,1,0,"['интересно', 'история', 'королева', 'который', 'голова']"
1,0,1,0,1,1,1,1,1,1,1,1,0,1,1,1,1,1,0,1,1,0,"['булгарина', 'стращать', 'публично', 'время', 'голова', 'северный', 'пчела', 'распространение', 'европейский', 'называть', 'идея', 'знак-кавычки']"
1,1,0,1,1,1,1,1,1,1,1,1,1,0,1,1,1,1,1,1,1,0,"['один', 'выколоть', 'глаз', 'другой', 'рука']"
1,0,1,1,0,1,1,1,1,1,1,1,0,1,1,1,1,1,0,1,1,0,"['долгий', 'разговор', 'учитель', 'взять', 'ученик', 'палец']"
1,1,1,1,1,1,1,1,1,1,1,1,1,1,1,1,1,1,0,1,1,0,"['оказаться', 'чересчур', 'осмотрительный', 'ответ', 'сказать', 'хотеть', 'остаться', 'пятнадцатилетний', 'срок', 'несчастный', 'случайность', 'жена', 'вдруг', 'снова', 'рука', 'приживить', 'место', 'знак-кавычки', 'знак-кавычки']"
1,0,1,1,1,1,1,1,1,1,1,1,0,1,1,1,1,1,1,1,1,0,"['костел', 'назвать', 'честь', 'священник', 'станислав', 'который', 'один', 'правитель', 'голова', 'несчастный', 'старик', 'посметь', 'перечить']"
0,0,0,1,0,0,1,0,1,1,1,0,0,0,1,0,1,0,0,0,1,0,"['один', 'девушка', 'голова', 'окно']"
1,0,0,1,1,1,1,1,1,1,1,1,0,1,1,1,1,1,1,1,1,0,"['правый', 'палец', 'преподнести', 'гуру', 'больше', 'удерживать', 'лук']"
0,1,1,1,0,1,1,1,1,1,1,1,0,1,1,1,1,1,1,1,1,0,"['опасный', 'дикарь', 'выжечь', 'глаз', 'локоть', 'рука', 'колено', 'нога', 'содрать', 'кожа', 'спина', 'засыпать', 'соль', 'деревянный', 'бадья', 'живьем']"
1,1,0,1,1,1,1,1,1,1,1,1,1,1,1,1,1,1,1,1,1,0,"['прочный', 'уменьшение', 'двигательный', 'система', 'успеть', 'игла', 'вытащить', 'попреть']"
1,0,0,1,1,1,1,1,1,1,1,1,0,0,1,1,1,1,1,1,1,0,"['один', 'измайлов', 'участвовать', 'взятие', 'казань', 'царь', 'иоанна', 'васильевич', 'грозный', 'голова']"
1,0,0,1,1,1,1,1,1,1,1,1,0,1,1,1,1,1,0,1,1,0,"['кебрк', 'голова', 'приторочить', 'седло', 'отправить', 'конь', 'назад']"
1,1,0,0,1,1,1,1,1,1,1,1,1,0,0,1,1,1,0,1,1,0,"['помнить', 'суть', 'фильм', 'сцена', 'особенно', 'голова', 'журналист', 'нынешний', 'римейк', 'ощущение', 'страх', 'воспоминание', 'никто', 'нагнетать', 'обстановка', 'кричать', 'ухо', 'тишина', 'показывать', 'неожиданно', 'рожа']"
1,0,1,1,0,1,1,1,1,1,1,1,0,1,1,1,1,1,0,1,1,0,"['кровь', 'характерный', 'голова']"
1,1,1,1,1,1,1,1,1,1,1,1,1,0,1,1,1,1,0,1,1,0,"['уверенный', 'предполагать', 'гильотина', 'враг', 'голова', 'поздно']"
1,1,1,1,1,1,0,1,1,1,1,1,1,1,1,1,0,1,0,1,0,0,"['брат', 'появиться', 'свет', 'кровь', 'горгона', 'оплодотворить', 'морской', 'божество', 'посейдон', 'миг', 'момент', 'персей', 'матерь', 'голова']"
0,0,1,1,0,0,0,0,0,0,0,0,0,1,1,0,0,0,0,0,0,0,['голова']
1,1,0,0,1,1,1,1,1,1,1,1,1,0,0,1,1,1,0,1,1,0,"['однажды', 'витязь', 'молиться', 'подкрасться', 'душегуб', 'голова']"
1,1,0,1,1,1,1,1,1,1,1,1,1,0,1,1,1,1,0,1,1,0,"['который', 'голова']"
1,1,1,1,1,1,1,1,1,1,1,1,1,1,1,1,1,1,1,1,1,0,"['год', 'осадить', 'город', 'выдвинуть', 'комендант', 'тариф', 'ультиматум', 'сдать', 'мавр', 'голова', 'захватить', 'плен', 'сын']"
1,1,0,1,1,1,1,1,1,1,1,1,0,0,1,1,1,1,0,1,1,0,"['боровиков', 'нанести', 'удар', 'шея', 'бить', 'голова']"
0,0,1,1,0,0,1,0,1,1,1,1,0,1,1,0,1,1,0,1,1,0,"['иметь', 'интересный', 'пассаж', 'другой', 'древний', 'автор', 'творить', 'рамка', 'культурный', 'традиция', 'писать', 'историко-культурный', 'регион', 'геродот', 'сым', 'цянь', 'китайский', 'историк', 'древность', 'сражение', 'голова', 'неприятель', 'взять', 'плен', 'жаловаться', 'один', 'кубок', 'вино', 'отдавать', 'захватить', 'добыча', 'делать', 'раб', 'рабыня', 'материал', 'знак-кавычки']"
0,1,0,0,0,0,0,0,0,0,0,1,0,0,0,1,0,0,0,0,0,0,"['огузский', 'эпос', 'приводить', 'следующий', 'формула', 'характеризовать', 'удалец', 'голова', 'пролить', 'кровь', 'получить', 'награда', 'достигнуть', 'слава', 'бартольд', 'знак-кавычки']"
1,1,0,0,1,1,1,1,1,1,1,1,1,0,0,1,1,1,0,1,1,0,"['например', 'рука', 'день', 'снова', 'вырастать']"
1,0,0,1,1,0,1,0,1,0,0,1,1,0,0,1,1,0,0,0,1,0,"['далее', 'житель', 'гольм', 'быстрый', 'кровопролитие', 'схватить', 'священник', 'иоанн', 'голова', 'тело', 'изрезать', 'кусок', 'родиться', 'вирония', 'ребенок', 'захватить', 'язычник', 'достопочтенный', 'епископ', 'мейнард', 'освободить', 'поместить', 'зегебергский', 'монастырь', 'учиться', 'священный', 'писание']"
1,0,1,0,1,1,1,1,1,1,1,1,0,1,0,1,1,1,0,1,1,0,"['рыболовный', 'завод', 'рабочий', 'нечаянно', 'голова', 'золотой', 'рыбка', 'опомниться']"
1,1,1,0,1,1,0,1,1,1,1,1,0,1,0,1,0,1,0,1,0,0,"['группа', 'сподвижник', 'посланник', 'аллах', 'атаковать', 'дом', 'усман', 'ударить', 'жена', 'один', 'палец']"
1,1,0,1,1,1,1,1,1,1,1,1,1,0,1,1,1,1,0,1,1,0,"['саудан', 'вынуть', 'меч', 'палец', 'ударить', 'спина', 'сказать', 'удивительно', 'большой', 'знак-кавычки']"
1,1,1,1,1,1,1,1,1,1,1,1,0,1,1,1,1,1,0,1,1,0,"['позволить', 'палец', 'смеяться']"
1,1,0,1,1,1,1,1,1,1,1,1,1,0,1,1,1,1,0,1,1,0,"['примерно', 'время', 'хвостовой', 'оперение', 'мессершмнтту', 'младший', 'лейтенант', 'кокорев', 'знак-кавычки']"
0,1,1,1,0,0,0,0,0,0,0,0,1,1,1,0,0,0,0,0,0,0,"['коммунист', 'петербург', 'ленобласть', 'кпло', 'считать', 'виновный', 'акт', 'вандализм', 'памятник', 'ленин', 'красносельский', 'парк', 'который', 'голова', 'являться', 'создатель', 'сериал', 'адмирал', 'знак-кавычки', 'знак-кавычки']"
1,1,1,1,1,1,1,1,1,1,1,1,0,1,1,1,1,1,0,1,1,0,"['шумахер', 'голова', 'топром', 'проиграть', 'петров', 'гонка', 'знак-кавычки']"
1,0,0,0,1,0,0,0,0,0,0,1,0,0,0,1,0,0,0,0,0,0,"['легенда', 'хуэйкэ', 'который', 'стать', 'преемник', 'первый', 'патриарх', 'рука', 'положить', 'бодхидхарма', 'демонстрировать', 'чистота', 'помысел', 'решимость', 'постигать', 'учение', 'чань', 'один', 'течение', 'буддизм', 'широко', 'использовать', 'идея', 'метод', 'индийский', 'йога', 'китайский', 'даосизм']"
1,0,1,1,1,1,0,1,0,0,0,1,0,1,1,1,0,1,0,1,0,0,"['разозлиться', 'схватить', 'сабля', 'слово', 'рука', 'посметь', 'ударить', 'мать', 'нужный', 'похожий', 'кисть', 'левый']"
1,0,1,1,1,1,1,1,1,1,1,1,0,1,1,1,1,1,0,1,1,0,"['последний', 'заговор', 'пацци', 'отказаться', 'убить', 'медичи', 'арестовать', 'голова']"
1,0,1,1,1,1,1,1,1,1,1,1,0,1,1,1,1,1,0,1,1,0,"['хотеть', 'сначала', 'обмануть', 'язык', 'украсть', 'самый', 'дорогой', 'жизнь', 'прикончить', 'вилка']"
1,1,1,1,1,1,1,1,1,1,1,1,0,1,1,1,1,1,0,1,1,0,"['дожидаться', 'развитие', 'событие', 'абордажный', 'сабля', 'повиноваться', 'движение', 'владелец', 'нападающий', 'рука', 'область', 'локтевой', 'сустав', 'шпага', 'закончить', 'дело', 'малейший', 'сопротивление', 'войти', 'безумно', 'колотиться', 'сердце']"
1,1,0,1,1,1,1,1,1,1,1,1,0,0,1,1,1,1,0,1,1,0,"['грязный', 'забросать', 'различный', 'обломок', 'каюта', 'убрать', 'вытащить', 'труп', 'прошлое', 'капитан', 'фрегат', 'который', 'дэн', 'голова', 'абордажный', 'сабля', 'бой']"
1,1,1,1,1,1,1,1,1,1,1,1,1,1,1,1,1,1,0,1,1,0,"['сообразительный', 'храбрый', 'малый', 'палец', 'нога', 'бросить', 'злобоеж', 'съедение']"
0,1,1,0,0,0,0,0,0,0,0,0,0,1,0,0,0,0,0,0,0,0,"['терять', 'время', 'произвести', 'обмереть', 'вырезать', 'узнать', 'телефон', 'адрес', 'кызылорд', 'часть', 'мясо', 'накормить', 'собака', 'досыта', 'рог', 'унести', 'голова', 'препарирование', 'база']"
1,1,0,0,1,1,1,1,1,1,1,1,0,1,1,1,1,1,0,1,1,0,"['голова', 'знак-кавычки']"
1,1,1,1,1,1,1,1,1,1,1,1,0,1,1,1,1,1,1,1,1,0,"['змей', 'голова', 'вырвать', 'ядовитый', 'клык', 'обломить', 'глиняный', 'нога', 'колосс']"
1,1,1,1,1,1,1,1,1,1,1,1,1,1,1,1,1,1,0,1,1,0,"['кусок', 'дерево', 'бросить', 'лезвие', 'топор', 'всплыть']"
1,1,0,0,1,1,1,1,1,1,1,1,0,0,0,1,1,1,0,1,1,0,"['любимец', 'госпожа', 'взять', 'полотенце', 'принести', 'палач', 'тотчас', 'голова']"
1,1,0,1,1,1,1,1,1,1,1,1,0,1,0,1,1,1,0,1,1,0,"['бояться', 'убить', 'ранить', 'например', 'ухо', 'нос']"
0,0,0,1,0,0,1,0,1,1,1,0,0,1,0,0,1,0,0,0,1,0,"['указывать', 'магический', 'способность', 'бессмертие', 'голова', 'выкинуть', 'сомневаться', 'выжить']"
1,1,1,1,1,1,1,1,1,1,1,1,0,1,1,1,1,1,0,1,1,0,"['участвовать', 'сражение', 'ямам', 'рука', 'присутствовать', 'ухудо', 'ранить', 'присяга', 'ар', 'ридван', 'знак-кавычки']"
1,1,1,1,1,1,1,1,1,1,1,1,0,1,1,1,1,1,0,1,1,0,"['размахивать', 'оружие', 'защищать', 'голова', 'противник', 'левый', 'рука', 'который', 'упасть', 'земля']"
0,0,0,0,0,0,0,0,0,0,0,0,0,0,0,0,0,0,0,0,0,0,"['пуританин', 'взять', 'устроить', 'революция', 'победить', 'гражданский', 'война', 'аристократ', 'который', 'естественный', 'дело', 'арестовать', 'король', 'голова']"
1,1,1,0,1,1,1,1,1,1,1,1,1,1,0,1,1,1,1,1,1,0,"['собака', 'жалко', 'жена', 'жужа', 'рука']"
1,0,1,0,1,1,1,1,1,1,1,1,0,1,0,1,1,1,0,1,1,0,"['виновный', 'голова', 'остальной', 'дозволить', 'попытаться', 'выжить']"
1,1,1,1,1,1,1,1,1,1,1,1,0,1,1,1,1,1,0,1,1,0,"['топор', 'хвост', 'наслать', 'жир', 'знать', 'делать', 'далее']"
1,1,1,1,1,1,1,1,1,1,1,1,1,1,1,1,1,1,0,1,1,0,"['один', 'молниеносный', 'удар', 'повар', 'голова']"
1,1,0,0,1,1,0,1,0,0,0,1,1,1,0,1,0,1,0,1,0,0,"['хотеть', 'голова']"
1,1,1,1,1,1,1,1,1,1,1,1,0,1,1,1,1,1,0,1,1,0,"['однажды', 'разгневаться', 'царь', 'матюша', 'нога']"
1,1,0,0,1,1,1,1,1,1,1,1,0,0,0,1,1,1,1,1,1,0,"['год', 'один', 'сабля', 'нос', 'астроном', 'носить', 'лицо', 'протез', 'драгоценный', 'металл', 'наводить', 'ужас', 'простой', 'человек']"
0,1,0,0,0,0,0,0,0,0,0,0,1,0,0,0,0,0,0,0,0,0,"['провести', 'электроснабжение', 'топор']"
0,0,1,0,0,0,1,0,1,1,1,0,0,1,0,0,1,0,0,0,1,0,"['достаться', 'один', 'мах', 'покойник', 'голова']"
0,1,1,0,0,0,0,0,0,1,1,0,1,1,1,1,0,1,0,1,0,0,"['осужденный', 'колотить', 'кошка', 'стенка', 'голова', 'топор']"
0,0,0,1,0,0,1,0,1,0,0,0,0,0,1,0,1,0,0,0,1,0,"['недалеко', 'индийский', 'побережье', 'запереть', 'трюм', 'сжечь', 'живьем', 'мусульманский', 'паломник', 'жена', 'ребенок', 'захватить', 'гавань', 'каликут', 'корабль', 'рука', 'нос', 'ухо', 'индус']"
0,0,0,0,0,0,0,0,0,0,0,0,0,0,0,0,0,0,0,0,0,0,"['свежевать', 'топор', 'задний', 'нога', 'хозяин', 'понять', 'первый', 'взгляд']"
0,0,0,0,0,0,0,0,0,0,0,0,0,1,1,0,0,0,0,0,0,0,"['сирия', 'страна', 'жестокий', 'закон', 'украсть', 'рука', 'смотреть', 'твой', 'родитель']"
0,0,0,0,0,0,0,0,0,0,0,0,0,0,0,0,0,0,0,0,0,0,"['пример', 'один', 'русский', 'парень', 'кинуть', 'бычок', 'портрет', 'президент', 'специально', 'случайно', 'история', 'умалчивать', 'магазин', 'выбежать', 'скрутить', 'палец']"
0,1,0,0,0,0,0,0,0,0,0,0,0,0,0,0,0,0,0,0,0,0,"['вэй', 'янь', 'прорваться', 'стена', 'один', 'удар', 'меч', 'убить', 'хань', 'сюань', 'голова', 'помчаться', 'лагерь', 'гуань']"
1,1,0,0,1,1,1,1,1,1,1,1,1,0,1,1,1,1,0,1,1,0,"['спасительница', 'явиться', 'молодой', 'красивый', 'вдова', 'юдифь', 'который', 'притворный', 'ласка', 'добиться', 'доверие', 'олоферный', 'голова', 'собственный', 'меч', 'иудей', 'сделать', 'вылазка', 'разбить', 'растеряться', 'враг', 'прогнать', 'страна']"
0,0,0,0,0,0,0,0,0,0,0,0,0,0,0,0,0,0,0,0,0,0,"['надеяться', 'план', 'варич', 'свержение', 'герцог', 'достаточно', 'граф', 'сказать', 'голова', 'знак-кавычки']"
0,0,0,0,0,0,0,0,0,0,0,0,0,0,0,0,0,0,0,0,0,0,"['известный', 'слово', 'музыкант', 'сказать', 'друг', 'период', 'гонение', 'творчество', 'рука', 'писать', 'музыка', 'держать', 'перо', 'зуб', 'знак-кавычки']"
0,1,1,0,0,0,0,0,0,0,0,0,0,0,0,0,0,0,0,0,0,0,"['царь', 'начальник', 'петр', 'говорить', 'который', 'голова', 'иаков']"
0,0,0,0,0,0,0,0,0,0,0,0,0,0,0,0,0,0,0,0,0,0,"['год', 'крестоносец', 'голова', 'вождь', 'восстать', 'ливовый', 'ако', 'отослать', 'рижский', 'епископ', 'альберт']"
0,1,1,0,0,0,0,0,0,0,0,0,0,1,1,0,0,0,1,0,0,0,"['видеть', 'вэйн', 'лондон', 'публично', 'голова']"
0,1,0,0,0,0,0,0,0,0,0,0,0,0,0,0,0,0,0,0,0,0,"['перевод', 'оказываться', 'довольно', 'странный', 'королева', 'разговаривать', 'час', 'голова', 'знак-кавычки']"
0,0,0,0,0,0,0,0,0,0,0,0,1,0,0,0,0,0,0,0,0,0,"['сэр', 'голова']"
1,1,0,1,1,1,1,1,1,1,1,1,1,0,0,1,1,1,0,1,1,0,"['год', 'назад', 'завод', 'прес', 'указательный', 'палец', 'правый', 'рука', 'разрыв', 'сухожилье', 'врач', 'сказать', 'разрабатывать', 'равный', 'конец', 'скибаться', 'токо', 'градус', 'подсказать', 'быстро', 'разработать']"
0,0,1,1,0,0,0,0,0,0,0,0,0,1,1,0,0,0,1,0,0,0,"['юмористка', 'известно', 'голова', 'знак-кавычки']"
0,0,0,0,0,0,0,0,0,0,0,0,0,0,0,0,0,0,0,0,0,0,"['начаться', 'буча', 'англия', 'голова', 'английский', 'король']"
0,0,0,0,0,0,0,0,0,0,0,0,0,1,0,0,0,0,0,0,0,0,"['голова', 'первый', 'монстр']"
0,0,0,0,0,0,0,0,0,0,0,0,0,0,0,0,0,0,0,0,0,0,"['ноженька', 'вмести', 'башмачок', 'который', 'прекратить', 'плясать', 'упокоиться', 'девочка', 'мир', 'вполне', 'счастливый']"
0,0,0,0,0,0,0,0,0,0,0,0,0,0,0,0,0,0,0,0,0,0,"['поймать', 'пьяный', 'руль', 'рука', 'второй', 'увеличить', 'содержание', 'свинец', 'голова']"
0,1,0,0,0,0,0,0,0,0,0,0,0,0,0,0,0,0,0,0,0,0,"['поймать', 'чиновник', 'депутат', 'должностной', 'лицо', 'взятка', 'руга', 'нога', 'жить', 'растение', 'конфисковать', 'имущество', 'родственник', 'го', 'колено']"
1,1,1,0,1,1,1,1,1,1,1,1,1,0,0,1,1,1,0,1,1,0,"['голова', 'отправить', 'баия', 'доказательство', 'славный', 'победа']"
1,0,0,1,1,0,1,0,1,1,1,0,0,0,1,0,1,0,0,0,1,0,"['полиция', 'схватить', 'голова']"
1,1,1,1,1,1,0,1,0,0,0,1,1,1,1,1,0,1,0,1,0,0,"['место', 'мэри', 'королева', 'шотландский', 'здорово', 'посмеяться', 'палач', 'голова']"
1,0,1,1,1,1,1,1,1,1,1,1,0,1,1,1,1,1,0,1,1,0,"['рыбак', 'один', 'голова', 'привезти', 'порт', 'саванна', 'восток', 'сша']"
1,1,1,1,1,1,1,1,1,1,1,1,1,1,1,1,1,1,0,1,1,0,"['тело', 'заложник', 'поручик', 'бобров', 'который', 'палач', 'отрезать', 'язык', 'кисть', 'рука', 'снять', 'кожа', 'левый', 'нога']"
1,0,1,0,1,1,1,1,1,1,1,0,0,0,0,0,1,1,0,1,1,0,"['значит', 'царь', 'город', 'голова', 'развести', 'рука', 'селезень']"
1,0,1,1,1,1,1,1,1,1,1,1,0,1,1,1,1,1,0,1,1,0,"['показать', 'башка', 'пить', 'дать']"
1,1,1,1,1,1,1,1,1,1,1,1,1,1,1,1,1,1,1,1,1,0,"['голова', 'тич', 'мейнард', 'повесить', 'мачта', 'корабль']"
1,0,1,1,1,1,1,1,1,1,1,1,0,1,1,1,1,1,0,1,1,0,"['разгневать', 'рудра', 'пронзить', 'приготовить', 'жертва', 'стрела', 'превратиться', 'созвездие', 'нападать', 'собраться', 'вершина', 'гора', 'голова', 'дакша']"
1,0,0,0,1,1,1,1,1,0,0,1,0,0,0,1,1,1,0,1,1,0,"['один', 'пример', 'стать', 'французский', 'революция', 'голова', 'несчастный', 'королева', 'марие', 'антуанетта']"
0,0,1,0,0,0,1,0,1,1,1,1,0,1,1,1,1,1,0,1,1,0,"['простить', 'пожелать', 'постылый', 'голова']"
1,1,0,0,1,1,1,1,1,1,1,1,0,0,0,1,1,1,0,1,1,0,"['федеральный', 'власть', 'начинать', 'умывать', 'рука', 'реальный', 'общественный', 'проблема', 'нормальный', 'страна', 'рисковать', 'просто']"
1,0,1,1,1,1,1,1,1,1,1,1,0,1,1,1,1,1,0,1,1,0,"['голова', 'тело', 'бросить', 'собака']"
1,0,1,1,1,1,1,1,1,1,1,1,1,1,1,1,1,1,0,1,1,0,"['понравиться', 'скажем', 'сапог', 'выставить', 'нога', 'блестящий', 'желтый', 'повертеть', 'разный', 'сторона', 'сдернуть']"
1,0,1,1,1,1,0,1,1,1,1,1,0,1,1,1,1,1,0,1,1,0,"['герой', 'клан', 'фира', 'болг', 'сренга', 'сразиться', 'нуадой', 'король', 'бог', 'нанести', 'страшный', 'удар', 'рука', 'половина', 'щит']"
1,1,1,1,1,1,1,1,1,1,1,1,1,1,1,1,1,1,0,1,1,0,"['разбить', 'нижний', 'челюсть', 'вместе', 'зуб', 'палец', 'правый', 'рука']"
1,1,1,1,1,1,1,1,1,1,1,1,0,1,1,1,1,1,0,1,1,0,"['голова', 'место', 'стоять', 'вассеркирха', 'мученик', 'подняться', 'гроссмюнстер', 'умереть']"
0,0,1,1,0,0,0,0,0,0,0,1,0,1,1,1,0,1,0,1,0,0,"['хан', 'голова', 'решить', 'дурбан', 'мертвый']"
1,0,1,1,1,1,1,1,1,1,1,1,0,1,1,1,1,1,0,1,1,0,"['снятие', 'золотой', 'гривна', 'положенный', 'верность', 'борис', 'голова', 'остаться', 'князь', 'живот', 'лишить']"
1,1,1,1,1,1,1,1,1,1,1,1,1,1,1,1,1,1,0,1,1,0,"['год', 'назад', 'алтай', 'произойти', 'интересный', 'случай', 'мужик', 'прозвище', 'клык', 'топор', 'борода']"
1,1,1,1,1,1,1,1,1,1,1,1,0,1,1,1,1,1,1,1,1,0,"['человек', 'снегоход', 'спасти', 'клык', 'выловить', 'борода']"
1,0,0,0,1,1,1,1,1,1,1,1,0,0,0,1,1,1,0,1,1,0,"['допрос', 'преступник', 'рассказать', 'убийство', 'отец', 'григорий', 'голова', 'рука', 'обойти', 'алтарь', 'распевать', 'ритуальный', 'песнопение']"
1,1,1,1,1,1,1,1,1,1,1,1,0,1,1,1,1,1,1,1,1,0,"['большой', 'честь', 'пожать', 'рука', 'храбрый', 'гражданин', 'ирак', 'саддам', 'хусейн', 'знак-кавычки']"
1,0,1,0,1,1,1,1,1,1,1,1,0,0,0,1,1,1,0,1,1,0,"['взятие', 'крепость', 'мерван', 'предложить', 'отличиться', 'выбрать', 'подходящий', 'пленница', 'заколоть', 'нож', 'голова', 'броситься', 'пропасть']"
1,1,1,1,1,1,1,1,1,1,1,1,0,1,1,1,1,1,0,1,1,0,"['время', 'результат', 'распря', 'аббасидский', 'правитель', 'закавказье', 'наместник', 'армения', 'азербайджан', 'сайда', 'салм', 'кутейба', 'голова', 'дербентский', 'наджму', 'хашим', 'сын', 'который', 'точно', 'ответ', 'поступить', 'чиновник', 'последний', 'войско', 'выступить', 'дербент', 'хайун', 'наджмы', 'призвать', 'хазарский', 'хакать', 'открыть', 'ворота', 'сула', 'чол']"
0,1,1,1,0,1,1,1,1,1,1,0,1,0,1,0,1,0,0,0,1,0,"['нога', 'вставить', 'ведро']"
1,1,0,1,1,1,1,1,1,1,1,1,0,1,1,1,1,1,0,1,1,0,"['ливингстон', 'думать', 'наказание', 'человек', 'прийти', 'подать', 'рука', 'сказать', 'араб', 'твой', 'воровство', 'ухо', 'знак-кавычки']"
0,0,0,1,0,0,0,0,0,0,0,0,0,1,1,0,0,0,0,0,0,0,"['сентябрь', 'г.', 'известный', 'буддийский', 'монах', 'ничирен', 'близкий', 'голова', 'тацунокучи', 'камакура']"
1,1,0,0,1,1,1,1,1,1,1,1,0,0,0,1,1,1,0,1,1,0,"['год', 'несчастный', 'голова', 'женщина', 'забыть', 'достоинство', 'пол', 'знак-кавычки']"
1,1,0,0,1,1,1,1,1,1,1,1,0,0,0,1,1,1,0,1,1,0,"['хорошо', 'знать', 'иоанн', 'креститель', 'воин', 'голова', 'положить', 'блюдо', 'поднести', 'иродиада', 'царь', 'ирод']"
1,0,0,1,1,1,1,1,1,1,1,1,1,1,1,1,1,1,0,1,1,0,"['отрубать', 'голова', 'петр', 'собственноручно', 'стрелец', 'рубить', 'птенец', 'меншиков', 'хвастаться', 'ромодановский', 'другой', 'знак-кавычки']"
1,0,1,1,1,1,1,1,1,1,1,1,0,1,1,1,1,1,1,1,1,0,"['медуза', 'горгона', 'потерять', 'бдительность', 'перси', 'джексон', 'голова', 'стать', 'расчленять', 'тело']"
0,1,1,1,0,0,0,0,0,1,1,0,0,1,1,0,0,0,0,0,0,0,"['зарубить', 'топор', 'ухо', 'губа']"
0,0,0,0,0,0,0,0,0,0,0,0,0,0,0,0,0,0,0,0,0,0,"['другой', 'нашуметь', 'преступление', 'активист', 'нападать', 'профессор', 'биология', 'рука']"
1,0,0,1,1,1,1,1,1,1,1,1,1,0,1,1,1,1,0,1,1,0,"['говорить', 'писать', 'сухощоков', 'человек', 'который', 'бедро', 'нога', 'долго', 'ощущать', 'шевелить', 'несуществующий', 'палец', 'напрягать', 'мышца', 'знак-кавычки']"
0,1,0,1,0,0,1,0,1,1,1,0,1,1,1,0,1,0,1,0,1,0,"['говорить', 'вытащить', 'сабля', 'голова']"
1,1,1,1,1,1,0,1,0,0,0,0,1,0,1,0,0,0,0,0,0,0,"['гермес', 'усыпить', 'аргос', 'игра', 'флейта', 'голова']"
1,1,1,0,1,1,1,1,1,1,1,1,1,0,0,1,1,1,0,1,1,0,"['курица', 'образ', 'продолжать', 'бегать', 'голова']"
0,1,1,1,0,0,0,0,1,0,0,1,0,1,1,1,0,1,0,1,0,0,"['римлянин', 'говорить', 'император', 'левый', 'рука', 'правый']"
1,1,1,1,1,1,1,1,1,1,1,1,0,1,1,1,1,1,0,1,1,0,"['уцелеть', 'один', 'летний', 'мальчик', 'который', 'враг', 'рука', 'нога', 'бросить', 'болото']"
1,1,0,0,1,1,1,1,1,1,1,1,0,0,0,1,1,1,0,1,1,0,"['брат', 'запечатлеть', 'печать', 'господний', 'следующий', 'день', 'славный', 'христос', 'мученик', 'голова']"
0,1,1,0,0,0,1,0,1,1,1,0,0,1,0,0,1,1,0,1,1,0,"['хотеть', 'добро', 'предупредить', 'взять', 'голова']"
1,1,1,1,1,1,1,1,1,1,1,1,0,1,1,1,1,1,0,1,1,0,"['отрезать', 'язык', 'говорить', 'ложь', 'правый', 'рука', 'совершать', 'нечистый', 'обряд', 'крещение']"
1,0,0,1,1,1,1,1,1,1,1,1,0,1,1,1,1,1,0,1,1,0,"['караулить', 'ночь', 'брат', 'броситься', 'загон', 'шашка', 'палец', 'задний', 'лапа', 'волк']"
1,1,1,1,1,1,1,1,1,1,1,1,1,1,1,1,1,1,0,1,1,0,"['жалко', 'сказать', 'самурай', 'хоккайдо', 'окинава', 'меч', 'голова', 'жена']"
1,1,1,1,1,1,1,1,1,1,1,1,0,1,1,1,1,1,0,1,1,1,"['дача', 'отопление', 'околеть', 'удаться', 'заснуть', 'начать', 'орать', 'ребенок', 'ночь']"
0,1,0,1,0,0,1,0,1,1,1,0,1,0,1,0,1,0,1,0,1,1,"['интернет', 'деньги', 'видеть', 'счет', 'кончиться']"
0,0,0,0,0,0,0,0,0,0,0,0,0,0,0,0,0,0,0,0,0,1,"['сказать', 'капитан', 'енакий', 'короче']"
0,0,1,0,0,0,0,0,0,0,0,0,0,1,0,0,0,0,0,0,0,1,"['бояться', 'сложиться', 'виновность', 'другой', 'мнение', 'наблюдатель']"
0,0,1,0,0,0,0,0,0,0,0,0,0,1,0,0,0,0,0,0,0,1,"['акадо', 'космос']"
0,0,0,0,0,0,0,0,0,0,0,1,0,0,0,1,0,1,0,1,0,1,"['жестко', 'изабелла', 'юрьевна', 'гольпер', 'страшно', 'волк', 'овечий', 'шкура']"
0,0,0,1,0,0,0,0,0,0,0,0,0,0,1,0,0,0,0,0,0,1,"['поехать', 'ощущение', 'отопление', 'стать', 'задувать', 'ветер', 'понятно', 'холод', 'усилиться', 'придтись', 'надеть', 'обратно', 'куртка']"
1,1,1,1,1,1,1,1,1,1,1,1,1,1,1,1,1,1,0,1,1,1,"['воробей', 'стать', 'ругать', 'присутствие', 'черняев', 'иметь', 'никакой', 'отношение', 'знак-кавычки', 'знак-кавычки']"
0,0,1,0,0,0,0,0,0,0,0,0,0,1,0,0,0,0,0,0,0,1,"['брежнев', 'вооружаться', 'совершенствовать', 'ядерный', 'оружие']"
0,0,0,0,0,0,0,0,0,0,0,0,1,0,0,0,0,0,0,0,0,1,"['ответ', 'верить', 'окошко', 'настежь', 'жара', 'быстро', 'отопление']"
0,0,0,0,0,0,0,0,0,0,0,0,0,0,0,0,0,0,0,0,0,1,"['недавно', 'инфобокс', 'автоматически', 'аккаунт', 'превышение', 'предупреждение']"
0,0,0,0,0,0,0,0,0,0,0,0,0,0,0,0,0,0,0,0,0,1,"['звезда', 'напоминать', 'сказочный', 'дракон', 'один', 'голова', 'вырастать', 'знак-кавычки']"
0,0,0,0,0,0,0,0,0,0,0,0,0,0,0,0,0,0,0,0,0,1,"['глеб', 'один', 'порешить', 'организатор', 'который', 'собственный', 'дурость', 'звук', 'последний', 'песня']"
0,0,0,0,0,0,0,0,0,0,0,0,0,0,0,0,0,0,0,0,0,1,"['жесткий', 'диск', 'винд', 'стоять', 'второй', 'свет', 'измениться', 'настройка', 'основной', 'стать', 'начало', 'выскакивать', 'ошибка', 'поменять', 'вернуться', 'круг']"
0,0,0,0,0,0,0,0,0,0,0,0,0,0,0,0,0,0,0,0,0,1,"['человек', 'который', 'альтруизм', 'способность', 'любить', 'настолько', 'понимать', 'делать', 'предположение', 'пытаться', 'компенсировать', 'недостаточность']"
0,1,0,1,0,0,0,0,0,0,0,0,1,0,1,0,0,0,0,0,0,1,"['вызвать', 'исторический', 'передряга', 'который', 'страна', 'попадать', 'момент', 'корень']"
0,1,1,0,0,0,0,0,0,0,0,0,0,0,0,0,0,0,0,0,0,1,"['человек', 'благородный', 'осудить', 'дурной', 'ветвь', 'семейный', 'древо']"
0,0,0,0,0,0,0,0,0,0,0,0,0,0,0,0,0,0,0,0,0,1,"['напомнить', 'летний', 'арестовать', 'воскресенье', 'обвинение', 'запуск', 'атака', 'который', 'час', 'доступ', 'главное', 'сайт', 'связанный']"
0,0,0,0,0,0,0,0,0,0,0,0,0,0,0,0,0,0,0,0,0,1,"['приехать', 'место', 'шок', 'постигнуть', 'собака', 'зима', 'избушка', 'полностью', 'электричество', 'тип', 'дом', 'соответствовать', 'требование']"
0,0,0,1,0,0,1,0,0,0,0,0,0,0,1,0,0,0,1,0,0,1,"['ученый', 'горький', 'опыт', 'беслан', 'власть', 'нальчик', 'россия', 'сообщить', 'корреспондент', 'газета', 'маргарита', 'кондратьев', 'знак-кавычки', 'знак-кавычки']"
0,0,0,0,0,0,0,0,0,0,0,0,0,0,0,0,0,0,0,0,0,1,"['народ', 'рабочий', 'день', 'сократить', 'инет']"
0,0,0,0,0,0,0,0,0,0,0,0,0,0,0,0,0,0,0,0,0,1,"['зависнуть', 'процент-знак', 'минута', 'зависнуть']"
1,0,0,0,0,0,1,0,1,1,1,0,0,0,0,0,1,0,0,0,1,1,"['мазут', 'пополам', 'вода', 'фабричный', 'город', 'тепло', 'полностью', 'пара', 'остаться', 'работа', 'картоноделательный', 'машина', 'сегодня', 'закончаться', 'остаток', 'перспектива', 'привоз', 'никакой', 'п.', 'полный', 'знак-кавычки']"
0,0,0,1,0,0,0,0,0,0,0,0,0,0,1,0,0,0,0,0,0,1,"['решительно', 'серебряков']"
1,1,0,0,1,1,1,1,1,1,1,1,0,0,0,1,1,1,0,1,1,1,"['господин', 'малнет', 'делать', 'взять', 'знак-кавычки', 'знак-кавычки']"
0,0,0,1,0,0,0,0,0,0,0,0,0,0,1,0,0,0,0,0,0,1,"['временно', 'отключить', 'услуга', 'идти', 'тестовый', 'режим']"
0,1,0,0,0,0,0,0,0,0,0,0,1,0,0,0,0,0,0,0,0,1,"['дворянин', 'тягость', 'собственный', 'праздность', 'эпоха', 'надежно', 'совесть', 'пробраться', 'наверх', 'родиться']"
1,1,0,0,1,1,1,1,1,1,1,1,0,0,0,1,1,1,0,1,1,1,"['детство', 'любить', 'манный', 'каша', 'закончиться', 'садик', 'мама', 'готовить', 'есть', 'терпеть', 'вязкий', 'субстанция']"
1,1,0,0,1,1,1,1,1,1,1,1,1,0,0,1,1,1,0,1,1,1,"['местный', 'власть', 'щербак', 'сказать', 'условие', 'кризис', 'огромный', 'просьба', 'работать', 'мешать']"
1,1,0,1,1,1,1,1,1,1,1,1,1,0,1,1,1,1,0,1,1,1,['колегов']
1,1,1,0,1,1,1,1,1,1,1,1,0,1,0,1,1,1,0,1,1,1,"['писать', 'кпк', 'инет', 'ждать', 'совет', 'завтра', 'решать']"
1,1,0,1,1,1,1,1,1,1,1,1,0,1,1,1,1,1,0,1,1,1,"['один', 'поговорить', 'франция', 'доллар', 'межгород']"
1,1,1,1,1,1,1,1,1,1,1,1,0,1,1,1,1,1,0,1,1,1,"['выгнать', 'компьютер', 'турбо', 'режим', 'почистить', 'кэш', 'кук', 'знак-кавычки']"
1,1,1,1,1,1,1,1,1,1,1,1,0,1,1,1,1,1,0,1,1,1,"['полный', 'таблица', 'найти', 'поиск', 'фильтр', 'расчет', 'внутренний', 'страница', 'собственный', 'сайт', 'продолжать', 'рихтовать', 'алгоритм', 'пр']"
1,1,1,1,1,1,1,1,1,1,1,1,0,1,1,1,1,1,0,1,1,1,"['корм', 'проклятый', 'гордыня', 'хороший', 'типичный', 'женский', 'потребность', 'любовь', 'ласка', 'обожание', 'внимание', 'давно']"
0,0,0,0,0,0,1,0,1,1,1,1,0,1,0,1,1,1,1,1,1,1,"['горячий', 'вода']"
1,1,0,1,1,1,1,1,1,1,1,1,0,0,1,1,1,1,0,1,1,1,"['доклад', 'длиться', 'минута', 'сказать', 'убедить', 'согласный']"
1,1,1,0,1,1,1,1,1,1,1,1,1,1,1,1,1,1,0,1,1,1,['ответить']
1,1,1,1,1,1,1,1,1,1,1,1,0,1,1,1,1,1,0,1,1,1,['телевидение']
0,1,1,1,0,0,0,0,0,0,0,0,0,1,1,0,0,0,0,0,0,1,['вовремя']
1,0,1,1,1,1,1,1,1,1,1,1,1,1,0,1,1,1,1,1,1,1,"['иногородний', 'бизнес', 'покинуть', 'город', 'оптимизировать', 'местный', 'затрата', 'лишний', 'проект', 'сократить', 'сотрудник', 'заменить', 'московский', 'менеджер', 'воронежский', 'который', 'зарплата', 'платить', 'меньший', 'квартира', 'снимать']"
1,1,1,1,1,1,1,1,1,1,1,1,1,1,1,1,1,1,0,1,1,1,"['власть', 'иран', 'нарочно', 'местный', 'юзер', 'инет', 'мент', 'нарваться', 'композитор', 'стать', 'мем', 'запрет', 'болтать', 'мобил', 'руль', 'авария', 'чернобыль', 'глаз', 'блогер', 'очевидец', 'стартап', 'интересный', 'место', 'лондон', 'твиттер', 'чат', 'астронавт', 'оригинальный', 'презент', 'день', 'влюбленный', 'последствие', 'снегапокалипсис', 'вашингтон', 'билайн', 'воровать', 'идея', 'голый', 'зад', 'знак-кавычки']"
1,1,1,1,1,1,1,1,1,1,1,1,1,1,1,1,1,1,0,1,1,1,"['решить', 'поэкспериментировать', 'курение', 'задать', 'установка', 'вечер', 'вредный', 'привычка']"
0,1,1,0,0,0,1,1,1,1,1,0,1,1,0,0,1,0,0,1,1,1,"['город', 'скучно', 'слизняк', 'гавриил']"
1,1,1,1,1,1,1,1,1,1,1,1,1,1,1,1,1,1,0,1,1,1,"['час', 'свет', 'включить', 'интернет']"
1,1,1,0,1,1,1,1,1,1,1,1,0,1,0,1,1,1,0,1,1,1,"['тварь', 'мтс', 'интернет', 'временый', 'отсутствовать', 'днев']"
1,1,0,1,1,1,1,1,1,1,1,1,1,0,1,1,1,1,0,1,1,1,"['прокси', 'искать', 'другой', 'наверно', 'неделя', 'ток', 'врубить']"
1,1,1,1,1,1,1,1,1,1,1,1,1,1,1,1,1,1,0,1,1,1,"['квашнин', 'отправить', 'генерал', 'с.', 'задворки', 'армия', 'внутренний', 'округ', 'далеко', 'кавказ', 'знак-кавычки']"
1,0,1,0,1,1,1,1,1,1,1,1,0,1,0,1,1,1,0,1,1,1,"['новичок', 'стоить', 'работать', 'рут', 'умолчание']"
1,1,1,1,1,1,1,1,1,1,1,1,0,1,1,1,1,1,0,1,1,1,"['сказать', 'один', 'гоголевский', 'персонаж', 'помниться', 'чиновник', 'важный', 'наружность', 'театральный', 'разъезд', 'книга', 'довольно', 'написать', 'больше', 'знак-кавычки', 'знак-кавычки']"
1,1,1,1,1,1,1,1,1,1,1,1,0,1,1,1,1,1,1,1,1,1,"['молодой', 'шофер', 'рассказать', 'находка', 'лес', 'мясной', 'бор']"
1,1,0,0,1,1,1,1,1,1,1,1,0,0,0,1,1,1,0,1,1,1,['керк']
0,0,1,1,0,0,0,0,0,1,0,0,0,1,1,0,0,0,0,0,0,1,"['обозреватель', 'мк', 'вадим', 'речкалов', 'связь', 'читатель', 'критика', 'министерство', 'оборона', 'номер', 'декабрь', 'год', 'преддверие', 'массовый', 'облава', 'московский', 'призывник', 'опубликовать', 'контактный', 'телефон', 'знак-кавычки']"
1,1,1,0,1,1,1,1,1,1,1,1,1,1,1,1,1,1,0,1,1,1,"['диагностика', 'самый', 'дело', 'показывать', 'защитный', 'система', 'третий', 'маршевый', 'двигатель']"
1,0,1,1,1,1,1,1,1,1,1,1,0,1,1,1,1,1,0,1,1,1,"['мобильный', 'интернет', 'черт', 'эксепшены', 'почта', 'таскать', 'приходить']"
1,1,1,1,1,1,1,1,1,1,1,1,1,1,1,1,1,1,1,1,1,1,"['отец', 'тема', 'стать', 'выпытывать', 'секунда', 'думать']"
1,1,0,0,1,0,0,1,1,1,0,1,1,0,0,1,1,1,0,1,0,1,"['знать', 'леха']"
0,1,1,1,0,0,0,0,0,1,1,0,1,1,1,0,0,0,0,0,0,1,"['работник', 'сидеть', 'помещение', 'партнер', 'свет', 'вода', 'выкинуть', 'долой', 'знак-кавычки']"
1,1,1,1,1,1,1,1,1,1,1,1,1,1,1,1,1,1,0,1,1,1,"['отрицание', 'объективный', 'закон', 'мироздание', 'один', 'крайность', 'который', 'плечо', 'начало']"
1,1,1,1,1,1,1,1,1,1,1,1,0,1,1,1,1,1,0,1,1,1,"['спросить', 'жаловаться', 'слово', 'произнести', 'фраза', 'интонация', 'жалоба', 'знак-кавычки', 'знак-кавычки']"
1,1,1,0,1,1,0,1,0,0,0,1,1,1,0,1,0,1,0,1,0,1,"['винт', 'воткнуть', 'флэшка', 'поставить']"
1,1,1,1,1,1,1,1,1,1,1,1,0,1,1,1,1,1,0,1,1,1,"['доступ', 'российский', 'сайт', 'август', 'год', 'грузия']"
1,1,0,0,1,1,1,1,1,1,1,1,1,0,0,1,1,1,0,1,1,1,"['дескать', 'смысл', 'убиваться', 'пора', 'отдохнуть', 'всякий', 'почтение', 'время', 'пришелец']"
0,1,1,1,0,1,1,1,1,1,1,1,1,1,1,1,1,1,1,1,1,1,"['просить', 'срочно', 'вступить', 'член', 'клуб', 'оплатить', 'абонентка', 'еркца', 'который', 'зачисляться', 'течение', 'сутки', 'деньги', 'идти', 'глодать', 'предчуствие', 'первый', 'число']"
1,1,1,1,1,1,1,1,1,1,1,1,1,1,1,1,1,1,0,1,1,1,"['видеть', 'народ', 'подключаться', 'сделать', 'замануха', 'начать', 'подрубать', 'дрист', 'количество', 'пользователь', 'дойти', 'примерно', 'объем', 'комп', 'сказать', 'покупать', 'приставка']"
0,1,1,0,0,1,1,1,1,1,1,1,1,1,0,1,1,1,0,1,1,1,"['катя', 'лечь', 'башмаков', 'спина', 'надежно', 'подоткнуть', 'одеяло', 'любой', 'возможный', 'подступ', 'оскорбить', 'тело']"
1,1,1,1,1,1,1,1,1,1,1,1,0,1,1,1,1,1,0,1,1,1,"['искусственный', 'интеллект', 'линкор', 'медленный', 'поиск', 'сосед', 'номер', 'телефон', 'сеть', 'быстрый', 'точный', 'удар']"
1,1,0,1,1,1,1,1,1,1,1,1,1,0,1,1,1,1,1,1,1,1,"['сказать', 'кручина', 'осечься']"
1,1,1,1,1,1,1,1,1,1,1,1,0,0,1,1,1,1,0,1,1,1,"['порвать', 'путы', 'болтология', 'топтание', 'место', 'пора', 'расправить', 'крыло']"
1,1,1,1,1,1,1,1,1,1,1,1,0,1,1,1,1,1,0,1,1,1,['дудаев']
0,0,1,1,0,0,0,0,0,0,0,0,0,1,1,0,0,0,0,0,0,1,"['старый', 'абс', 'знак-кавычки']"
0,0,1,1,0,0,0,0,0,0,0,0,0,1,1,0,0,0,0,0,0,1,"['представить', 'инет']"
0,0,1,1,0,0,0,0,0,0,0,0,1,1,1,0,0,0,1,0,0,1,"['сгонять', 'москва', 'ламповый', 'усилитель', 'вт', 'изменить', 'схема', 'подача', 'модуляция', 'подключить', 'начать', 'отлаживать', 'стенд', 'электрик', 'электричество']"
0,0,1,0,0,0,0,0,0,0,0,1,1,1,0,1,0,1,0,1,0,1,"['лететь', 'лем', 'грау']"
0,0,1,1,0,0,0,0,0,0,0,0,0,1,1,0,0,0,0,0,0,1,"['бросить', 'бумеранг', 'вернуться', 'сайт']"
0,1,1,1,0,1,1,1,1,1,1,0,1,1,1,0,1,1,0,1,1,1,"['слышать', 'город', 'горячий', 'вода', 'осень']"
1,1,0,0,1,0,0,0,0,0,0,1,1,0,0,1,0,1,0,1,0,1,"['неимоверный', 'желание', 'поделиться', 'впечатление', 'съемка', 'интернет']"
0,0,0,0,0,0,0,0,0,0,0,0,0,0,0,0,0,0,0,0,0,1,"['прочесть', 'инструкция', 'крик', 'кобра', 'км', 'час']"
0,0,0,0,0,0,0,0,0,0,0,0,0,0,0,0,0,0,0,0,0,1,"['идти', 'говорить', 'страх', 'голова', 'знак-кавычки']"
0,0,1,1,0,0,1,0,1,1,1,0,0,1,1,0,1,0,0,0,1,1,"['один', 'резина', 'марья', 'петровна']"
0,0,0,0,0,0,0,0,0,0,0,0,0,0,0,0,0,0,0,0,0,1,"['начаться', 'пятница', 'рабочий', 'инструмент', 'который', 'зарабатывать', 'деньги']"
0,0,0,0,0,0,0,0,0,0,0,0,0,0,0,0,0,0,0,0,0,1,"['дрогнуть', 'строй', 'девичий', 'шаг', 'вперед']"
0,1,0,0,0,0,0,0,0,0,0,0,1,0,0,0,0,0,1,0,0,1,"['экстремальный', 'случай', 'электричество', 'движение', 'метро', 'остановиться', 'ремонтный', 'поезд']"
0,0,0,0,0,0,0,0,0,0,0,0,0,0,0,0,0,0,0,0,0,1,"['гневно', 'дамло']"
0,1,0,0,0,0,0,0,0,0,0,0,1,0,0,0,0,0,0,0,0,1,"['дамло', 'сердито']"
0,0,0,0,0,0,0,0,0,0,0,0,0,0,0,0,0,0,0,0,0,1,['инспектор']
1,1,1,1,1,1,1,1,1,1,1,1,1,1,1,1,1,1,1,1,1,1,['ванесса']
0,0,0,0,0,0,0,0,0,0,0,0,0,0,0,0,0,0,0,0,0,1,"['герр', 'мес', 'вставать']"
0,0,0,1,0,0,0,0,0,0,0,0,1,0,1,0,0,0,0,0,0,1,['свет']
0,1,1,1,0,0,0,0,0,0,0,0,1,1,1,0,0,0,0,0,0,1,"['исторический', 'музей', 'переяслав', 'хмельницкий', 'проникнуть', 'грабитель', 'сигнализация', 'сработать', 'долг', 'энергоснабжение', 'знак-кавычки']"
0,0,0,0,0,0,0,0,0,0,0,0,0,0,0,0,0,0,0,0,0,1,"['ничто', 'хороший', 'слияние', 'абонент', 'видеть', 'сраный', 'телевидение', 'урезать', 'задница', 'анлим', 'нужный', 'день', 'инет', 'тип', 'проводка', 'класть', 'один', 'слово', 'пииииии', 'нехороший', 'человек', 'знак-кавычки', 'знак-кавычки']"
0,0,0,0,0,0,1,0,0,0,0,1,0,0,0,1,0,0,0,0,0,1,"['сказать', 'старший', 'прекращать', 'грубить', 'знак-кавычки']"
0,0,0,0,0,0,0,0,0,0,0,0,0,0,0,0,0,0,0,0,0,1,"['значить', 'россия', 'перевестись', 'порядочный', 'человек', 'рефлексия']"
1,0,0,1,1,1,1,1,1,1,1,1,0,0,1,1,1,1,0,1,1,1,"['валерий', 'покраснеть']"
1,0,1,0,1,1,1,1,1,1,1,1,0,0,0,1,1,1,0,1,1,1,"['линия', 'сигнализация', 'клапан', 'поменять', 'начисто', 'пропасть', 'колбасение', 'передний', 'колесо', 'знак-кавычки']"
0,0,0,0,0,0,0,0,0,0,0,0,0,0,0,0,0,0,0,0,0,1,['плакать']
0,0,0,0,0,0,0,0,0,0,0,0,0,0,0,0,0,0,0,0,0,1,"['гарантия', 'аккаунт', 'превышение', 'квота', 'возрасти', 'нагрузка', 'сайт']"
1,0,0,0,1,0,0,0,0,0,0,1,1,0,0,1,0,1,0,0,0,1,['как будто']
1,1,0,0,1,1,0,1,0,0,0,0,0,0,0,0,0,1,0,0,0,1,['сказать']
1,1,0,0,1,1,1,1,1,1,1,1,0,0,0,1,1,1,0,1,1,1,"['голос', 'низкий', 'особый', 'оттенок', 'легко', 'слово', 'антон', 'антоныч', 'понять', 'спорить']"
0,0,0,0,0,0,0,0,0,0,0,0,0,0,0,0,0,0,0,0,0,1,['сеть']
0,0,0,0,0,0,0,0,0,0,0,0,0,0,0,0,0,0,0,0,0,1,"['один', 'человек', 'заявить', 'интернет', 'возникать', 'чувство', 'рука']"
0,0,0,0,0,0,0,0,0,0,0,0,0,0,0,0,0,0,0,0,0,1,"['женский', 'сайт', 'напрочь', 'один', 'целлюлит', 'похудение']"
0,0,0,0,0,0,0,0,0,0,0,0,0,1,1,0,0,0,0,0,0,1,"['вначале', 'мужчина', 'знак-кавычки']"
0,1,0,0,0,0,0,0,0,0,0,0,0,0,0,0,0,0,0,0,0,1,"['представить', 'государство', 'интернет', 'человек']"
0,0,0,0,0,0,0,0,0,0,0,0,0,0,0,0,0,0,0,0,0,1,"['желать', 'государство', 'интернет', 'развиваться', 'далеко', 'читатель', 'советовать', 'читать', 'блог', 'александр']"
1,0,1,0,1,1,0,1,0,0,0,1,0,1,0,1,0,1,0,1,0,1,"['деньги', 'хотеть', 'заработать', 'джонни', 'знак-кавычки']"
0,0,0,1,0,0,1,0,1,1,1,0,0,0,1,0,1,0,0,0,1,1,"['перезагрузить', 'кнопка', 'остановиться', 'заглушить', 'двигатель', 'подождать', 'секунда', 'питание', 'завестись']"
0,0,0,0,0,0,0,0,0,0,0,0,0,0,0,0,0,0,0,0,0,1,"['вспомнить', 'закричать', 'говорить', 'кричать', 'проквакать', 'точно', 'помнить', 'знак-кавычки']"
1,1,0,0,1,1,1,1,1,1,1,1,1,0,0,1,1,1,0,1,1,1,"['просто-напросто', 'свет', 'знак-кавычки']"
1,1,0,0,1,1,1,1,1,1,1,1,1,0,0,1,1,1,0,1,1,1,"['мариша', 'хорошо', 'принцесса', 'муженек', 'инет', 'глядеть', 'перестать', 'красавица', 'страдать', 'недостаток', 'мужской', 'внимание', 'честно', 'надоесть', 'полезный', 'информация', 'ноль', 'понт', 'вагон']"
1,1,0,1,1,1,1,1,1,1,1,1,0,0,1,1,1,1,0,1,1,1,"['свободный', 'сан-франциско', 'мобильный', 'связь', 'метро', 'помешать', 'местный', 'несогласный', 'протестовать', 'очередной', 'убийство', 'полицейский', 'бедолага']"
1,0,0,1,1,1,1,1,1,1,1,1,0,0,1,1,1,1,0,1,1,1,"['потомок', 'вздумать', 'осудить', 'император', 'пидор']"
1,1,0,1,1,1,1,1,1,1,1,1,0,0,0,1,1,1,0,1,1,1,"['романтика', 'тепло', 'сделать', 'сам', 'свет', 'батарея', 'топить', 'лечь', 'кровать', 'ноутбук', 'мерцать', 'урчать', 'пися', 'греть']"
1,1,1,1,1,1,1,1,1,1,1,1,0,1,1,1,1,1,0,1,1,1,['вадим']
1,0,1,1,1,1,1,1,1,1,1,1,0,1,1,1,1,1,0,1,1,1,"['больше', 'заикаться', 'потушить', 'окурок', 'носок', 'сапог', 'поспешить', 'дом']"
1,1,1,1,1,1,1,1,1,1,1,1,0,1,1,1,1,1,1,1,1,1,"['окутать', 'сизый', 'дым', 'невестка']"
1,0,1,1,1,1,1,1,1,1,1,1,0,1,1,1,1,1,0,1,1,1,"['конечник', 'сбавить', 'тон', 'объяснить']"
1,1,1,1,1,1,1,1,1,1,1,1,1,1,1,1,1,1,0,1,1,1,"['сказать', 'степан', 'словно']"
1,0,1,1,1,1,1,1,1,1,1,1,0,1,1,1,1,1,0,1,1,1,"['низость', 'мэри']"
1,1,1,1,1,1,1,1,1,1,1,1,0,1,1,1,1,1,1,1,1,1,"['молча', 'предупреждение', 'сайт', 'превышение', 'нагрузка', 'сервер', 'знак-кавычки']"
1,1,1,0,1,1,1,1,1,1,1,1,1,1,0,1,1,1,0,1,1,1,"['индезит', 'знак-кавычки']"
1,1,1,1,1,1,1,1,1,1,1,1,0,1,1,1,1,1,0,1,1,1,"['устанавливать', 'программа', 'начало', 'скачать', 'интернет', 'бесплатный', 'версия', 'конец', 'заливка', 'связь', 'установить', 'ограничение', 'трафик']"
1,1,1,1,1,1,1,1,1,1,1,1,0,1,1,1,1,1,0,1,1,1,['артем']
1,1,1,1,1,1,1,1,1,1,1,1,1,1,1,1,1,1,0,1,1,1,"['самарский', 'кабельный', 'телевидение', 'месяц', 'назад', 'просмотр', 'канал']"
1,1,1,1,1,1,1,1,1,1,1,1,0,0,1,1,1,1,0,1,1,1,"['задушить', 'сторона', 'обрезать', 'рассчитать', 'шахта', 'инженер', 'техника', 'безопасность', 'платить', 'рубль', 'отобрать', 'группа', 'небольшой', 'прибавка', 'вести', 'занятие', 'физкультурник', 'знак-кавычки']"
1,0,1,1,1,1,1,1,1,1,1,0,0,0,1,0,1,0,1,0,1,1,"['ввести', 'логин', 'пароль', 'отправить', 'новый', 'получить', 'интернет', 'знак-кавычки']"
1,0,1,1,1,1,1,1,1,1,1,1,0,1,1,1,1,1,0,1,1,1,"['расчетливый', 'лезть', 'партер', 'лоу', 'кик', 'монсон', 'передний', 'нога', 'хорошо', 'пробить', 'голова', 'знак-кавычки']"
0,0,1,1,0,0,0,0,0,0,0,1,0,1,1,1,0,1,0,1,0,1,"['попасться', 'прокиснуть', 'пиво', 'фаза', 'сгоряча', 'сократить', 'зарплата', 'ретивый', 'ребенок', 'лавка', 'тоскливо', 'кричать']"
1,1,0,1,1,1,1,1,1,1,1,1,1,1,1,1,1,1,0,1,1,1,"['смена', 'руководство', 'дружок', 'поп', 'быстро', 'центр', 'выход', 'интернет', 'оставить', 'возможность', 'общаться', 'внешний', 'мир', 'телефон']"
1,0,1,1,1,1,1,1,1,1,1,1,0,1,1,1,1,1,0,1,1,1,"['сильный', 'ветер', 'холодный', 'народ', 'начало', 'подходить', 'близко', 'нуль', 'клевать', 'самый', 'малый', 'перемещаться', 'сместиться', 'глубоко', 'вода', 'повернуть', 'клев', 'вялый', 'стать', 'провертываться', 'корюха', 'довольно', 'достойный', 'время', 'ограничить', 'сняться', 'лунка', 'поймать', 'килограмм', 'новага', 'крупный', 'мелоча']"
1,1,1,0,1,1,1,1,1,1,1,1,0,1,0,1,1,1,0,1,1,1,"['ельцин', 'разрастаться']"
1,1,1,1,1,1,1,1,1,1,1,1,0,1,1,1,1,1,0,1,1,1,"['вода', 'электричество', 'перекрыть', 'поставка', 'продовольствие', 'заставить', 'сдаться']"
1,1,1,1,1,1,1,1,1,1,1,1,0,1,1,1,1,1,1,1,1,1,"['вчера', 'йота', 'интернет']"
1,0,1,1,1,1,1,1,1,1,1,1,0,1,1,1,1,1,0,1,1,1,"['упереться', 'половина', 'наскок', 'сделать', 'дело', 'пара', 'тройка', 'час', 'совсем', 'стоить', 'знак-кавычки']"
1,1,1,1,1,1,1,1,1,1,1,1,0,1,1,1,1,1,0,1,1,1,"['суть', 'хостинговый', 'компания', 'просто', 'доступ', 'сайт', 'набор', 'имя', 'адресный', 'строка', 'открываться', 'сообщение', 'тип', 'работа', 'данный', 'временно', 'заблокировать', 'знак-кавычки']"
1,1,1,1,1,1,1,1,1,1,1,1,1,1,1,1,1,1,1,1,1,1,"['слово', 'фермер', 'вогнать', 'земля', 'заступ']"
1,1,1,1,1,1,1,1,1,1,1,1,0,1,1,1,1,1,0,1,1,1,"['иметь', 'админ', 'локалка', 'просечь', 'сделать', 'скоро', 'сеть']"
1,0,1,1,1,1,1,1,1,1,1,1,0,1,1,1,1,1,0,1,1,1,"['время', 'полностью', 'разочароваться', 'следовательно', 'остановиться', 'прийти', 'господь', 'доступ', 'сеть', 'безденежье']"
0,0,1,1,0,0,0,0,0,0,0,0,0,1,1,0,0,0,0,0,0,1,"['искушение', 'войти', 'наиболее', 'острый', 'фаза', 'безденежье', 'совершенно', 'выход', 'сеть']"
1,1,1,1,1,1,1,1,1,1,1,1,1,1,1,1,1,1,0,1,1,1,"['собираться', 'ехать', 'изучить', 'возможный', 'путь', 'вернуться', 'обратно', 'желательно', 'иметь', 'запас', 'деньги', 'карточка', 'связь', 'банкомат', 'работать', 'забывать', 'карманник', 'мелкий', 'жулик']"
0,1,0,1,0,0,0,0,0,0,0,0,0,0,1,0,0,0,0,0,0,1,"['отвечать', 'рискованно', 'написать', 'полный', 'определенность', 'читатель', 'взъерошиться', 'учить']"
0,0,1,1,0,0,1,0,1,1,1,0,0,1,1,0,1,0,0,0,1,1,"['сидеть', 'теща', 'мирно', 'пить', 'беленький', 'сработать', 'сигнализация', 'выбежать', 'улица', 'барсеточка', 'уйти', 'идиот', 'забирать']"
0,0,0,0,0,0,0,0,0,0,0,0,0,0,0,0,0,0,0,0,0,1,"['глянуть', 'остальной', 'давать', 'кузов']"
0,1,0,0,0,0,0,0,0,0,0,0,0,0,0,0,0,0,0,0,0,1,"['закрыть', 'почта', 'выключить', 'телефон', 'интернет', 'ненужный', 'вкладка', 'убрать', 'рабочий', 'стол', 'следовать', 'привычка', 'легко']"
0,0,1,0,0,0,0,0,0,0,0,0,0,0,0,0,0,1,0,0,0,1,"['лентяй', 'папа']"
0,0,0,0,0,0,0,0,0,0,0,0,0,0,0,0,0,0,0,0,0,1,"['хосни', 'мубарак', 'практически', 'выключить', 'египет', 'интернет', 'передача', 'сообщение', 'самый', 'основной', 'канал', 'удобный', 'быстрый', 'средство', 'общение', 'полный', 'координация', 'различный', 'группа', 'митинговать']"
0,0,0,0,0,0,0,0,0,0,0,0,0,0,0,0,0,0,0,0,0,1,"['реальный', 'либераст', 'девочка', 'избалованный', 'понапереться', 'сторожить', 'оставить', 'зарплата', 'платить', 'сказать', 'крутой', 'модератор']"
0,1,1,1,0,0,0,0,0,0,0,0,1,1,1,0,0,0,0,0,0,1,"['снова', 'свет']"
1,0,0,0,1,1,0,1,0,0,0,1,0,0,0,1,0,1,0,1,0,1,['ввп']
0,1,0,0,0,0,0,0,0,0,0,0,0,0,0,0,0,0,0,0,0,1,"['коммунист', 'союзник', 'система', 'отравить', 'довести', 'состояние', 'поглотить']"
0,0,0,0,0,0,0,0,0,0,0,0,0,0,0,0,0,0,0,0,0,1,"['председатель', 'кооператив', 'вовремя', 'перечислить', 'деньги', 'дом', 'телевизионный', 'антенна']"
1,1,0,0,1,1,1,1,1,0,1,1,1,0,0,1,1,0,0,0,1,1,"['глядеть', 'операционный', 'свет', 'решать', 'миг', 'операция']"
0,0,0,0,0,0,0,0,0,0,0,0,0,0,0,0,0,0,0,0,0,1,"['сидеть', 'урок', 'инф', 'писать', 'пост', 'угадать', 'дома', 'сеть', 'зайти', 'провайдер']"
0,0,1,0,0,0,0,0,1,1,1,0,0,1,0,0,1,0,0,0,1,1,"['ответить', 'кончетта']"
0,1,0,0,0,0,0,0,0,0,0,0,0,0,0,0,0,0,0,0,0,1,"['колос', 'действительно', 'стоять', 'глиняный', 'нога', 'вермахт']"
0,0,1,0,0,0,0,0,0,0,0,0,0,1,0,0,0,0,0,0,0,1,"['придраться', 'кабель', 'говорить', 'электричество', 'наплевать', 'технический', 'задание', 'иметь', 'право', 'менять', 'сечение', 'повышать', 'мощность', 'знак-кавычки']"
0,1,0,0,0,0,0,0,0,0,0,0,0,0,0,0,0,0,0,0,0,1,"['ответ', 'новгород', 'остаться', 'один', 'твой', 'друг', 'вечевой', 'колокол', 'обещать', 'приехать', 'немедля', 'тяжкий', 'день', 'начать', 'бить', 'тревога', 'звать', 'помощь', 'знак-кавычки']"
1,0,0,0,1,1,1,1,1,1,0,1,0,1,0,1,1,1,0,1,1,1,"['угроза', 'перешагнуть', 'граница', 'наконец', 'сделать', 'самый', 'страшный', 'интернет']"
0,0,0,0,0,0,0,0,0,0,0,0,0,0,0,0,0,0,0,0,0,1,"['китай', 'доступ', 'интернет', 'ограниченный', 'выборочно', 'грузинский', 'лидер', 'смущать', 'население', 'вредный', 'информация', 'иностранный', 'сайт']"
0,0,0,0,0,0,0,0,0,0,0,0,0,0,0,0,0,0,0,0,0,1,"['чувствовать', 'совать', 'нос', 'вместе', 'голова']"
0,1,1,0,0,0,0,0,0,0,0,0,1,0,0,0,0,0,0,0,0,1,"['управляемый', 'свич', 'запросто', 'ненужный', 'связь', 'воля', 'хозяин']"
0,0,0,0,0,0,0,0,0,0,0,0,0,0,0,0,0,0,0,0,0,1,['кэц']
0,0,0,0,0,0,0,0,0,0,0,0,0,0,0,0,0,0,0,0,0,1,"['понять', 'значить', 'руководитель', 'представить', 'рука']"
0,0,0,0,0,0,0,0,0,0,0,0,0,0,0,0,0,0,0,0,0,1,"['жучок', 'знак-кавычки']"
0,0,0,0,0,0,0,0,0,0,0,0,0,0,0,0,0,0,0,0,0,1,['василий']
1,1,0,0,1,1,1,1,1,1,1,1,0,0,1,1,1,1,0,1,1,1,"['пустой', 'затея', 'категорически', 'бабкин', 'вадим', 'начало', 'выкладывать', 'идея', 'маленький', 'солнце']"
1,0,1,1,1,1,1,1,1,1,1,1,1,1,1,1,1,1,1,1,1,1,"['сперва', 'информация', 'день', 'даль', 'инстанция', 'жалоба', 'пойти']"
1,1,1,1,1,1,1,1,1,1,1,1,1,1,1,1,1,1,0,1,1,1,"['сначала', 'рассказать', 'точно', 'делать', 'коммуникация']"
1,1,1,1,1,1,1,1,1,1,1,1,1,1,1,1,1,1,1,1,1,1,"['решить', 'вопрос', 'тепло', 'газ', 'электричество']"
1,1,1,1,1,1,1,1,1,1,1,1,0,1,0,1,1,1,0,1,1,1,"['минута', 'электричество', 'блин', 'час', 'сидеть', 'думать']"
1,0,1,1,1,1,1,1,1,1,1,1,0,1,1,1,1,1,0,1,1,1,"['баг', 'квест', 'провалить', 'пачка', 'воин', 'плен', 'вытащить', 'какофония', 'звук', 'колонка', 'нормально', 'игра', 'ничто', 'токо', 'начало', 'играть', 'гамал', 'геймпли']"
1,1,0,1,1,1,1,1,1,1,1,1,1,1,1,1,1,1,0,1,1,1,"['получиться', 'один', 'знакомый', 'оторваться', 'провод', 'домофон', 'который', 'трубка', 'квартира', 'выходить', 'коридор', 'периодически', 'гость', 'заходить', 'работать', 'решить', 'починить', 'прийти', 'взять', 'подключить', 'обратно', 'кусок', 'просто', 'прикрутить', 'общий', 'болтаться', 'присоединять', 'обратить', 'внимание', 'разноцветный', 'придать', 'значение', 'оказаться', 'зря', 'соединить', 'пойти', 'домой', 'снизу', 'звонить', 'проверить', 'фига', 'думать', 'чет', 'точно', 'сделать', 'нахрен', 'электрик', 'вечер', 'грита', 'сосед', 'нечаяянно', 'подсоединиться', 'прикол', 'вродежа', 'начаться', 'самый', 'интересный', 'начало', 'каждый', 'минута', 'время', 'разный', 'человек', 'спрашивать', 'звонить', 'след', 'день', 'прибегать', 'запыхаться', 'монтер', 'выясняться', 'картинка', 'оказываться', 'подсоединить', 'перепутать', 'место', 'итог', 'подъезд', 'остаться', 'звонок', 'поступать', 'товарищ']"
1,1,1,1,1,1,1,1,1,1,1,1,1,1,1,1,1,1,0,1,1,1,"['свет', 'прибор', 'подключить', 'блок', 'бесперебойный', 'питание', 'мгновенно', 'перейти', 'аккумуляторный', 'батарея']"
1,1,0,0,1,1,1,1,1,1,1,1,1,1,1,1,1,1,0,1,1,1,"['фсб', 'агава', 'сайт', 'порно', 'никто', 'стать', 'разбираться', 'неделя', 'висеть', 'президент', 'дума', 'олигарх', 'россия', 'оставаться', 'нормальный', 'человек', 'делать']"
1,0,1,0,1,1,1,1,1,1,1,1,0,1,1,1,1,1,0,1,1,1,"['попутно', 'процесс']"
0,1,0,1,0,0,1,0,1,1,0,0,0,0,1,0,1,0,0,0,1,1,"['самый', 'команда', 'который', 'писать', 'высоко']"
1,1,0,0,1,1,1,1,1,0,1,1,0,0,0,1,1,1,0,1,1,1,"['поезд', 'подойти', 'оказаться', 'вагон']"
1,0,1,1,1,1,1,1,1,1,1,1,0,1,1,1,1,1,0,1,1,1,"['пытаться', 'прикрутить', 'думать', 'быстро', 'пройти', 'знак-кавычки']"
1,0,0,0,1,1,0,1,0,0,0,1,0,0,0,1,0,1,0,1,0,1,"['мысль', 'ебля', 'эльфийка', 'возникнуть', 'осознаться', 'стать', 'смотреть', 'сторона', 'подеваться', 'хотеть', 'ос', 'сегодня', 'продолжить', 'карта']"
1,1,1,1,1,1,1,1,1,1,1,1,1,1,1,1,1,1,1,1,1,1,"['один', 'слабенький', 'троешник', 'чуб', 'бабло', 'другой', 'троечник', 'третий']"
1,0,0,1,1,1,1,1,1,1,1,1,0,1,1,1,1,1,0,1,1,1,"['бумажный', 'справочка', 'последний', 'место', 'работа', 'поселок', 'голозадов', 'стать', 'учет', 'служба', 'занятость', 'местность', 'который', 'проживать', 'по-прежнему', 'необходимо', 'попутка']"
0,0,1,1,0,1,1,1,1,1,1,1,1,1,1,1,1,1,0,1,1,1,"['департамент', 'власть', 'делать']"
1,1,1,0,1,1,1,1,1,0,1,1,1,1,0,1,1,1,0,1,1,1,"['главный', 'злодей', 'нас', 'бабло', 'тема', 'возвращение', 'луна', 'рамка', 'программа', 'созвездие', 'ключевой', 'слово', 'гуглить', 'рукипедия', 'знак-кавычки', 'знак-кавычки']"
1,1,1,1,1,1,1,1,1,1,1,1,1,1,1,1,1,1,0,1,1,1,"['сумма', 'крупный', 'принятый', 'говорить', 'бабло', 'знак-кавычки']"
1,0,1,1,1,1,0,1,0,0,0,1,0,1,1,1,0,1,0,1,0,1,"['товар', 'проект', 'филиал', 'конкурентный', 'рынок', 'деньги', 'меньшой', 'затрата', 'знак-кавычки']"
1,1,1,0,1,1,1,1,1,1,1,1,1,1,1,1,1,1,0,1,1,1,"['бабки', 'знак-кавычки']"
0,1,0,1,0,0,1,0,1,1,1,0,0,0,0,0,1,0,0,0,1,1,"['венгерский', 'таможня', 'полчаса', 'электричка', 'погранец', 'глубоко', 'фиолетовый']"
1,1,1,1,1,1,1,1,1,1,1,1,0,1,1,1,1,1,0,1,1,1,"['время', 'смотреть', 'телевизор', 'сказка', 'газпром', 'национальный', 'политика', 'развитие', 'детский', 'спорт', 'рекламный', 'пауза', 'бабки', 'отпустить', 'самый']"
1,1,0,1,1,1,1,1,1,1,1,1,0,1,1,1,1,1,1,1,1,1,"['ре', 'портажник', 'снимать', 'минута', 'поле', 'лес', 'буерак', 'сутки', 'передышка', 'альтернатива', 'фоторюкзак', 'знак-кавычки']"
0,0,1,1,0,0,0,0,0,0,0,0,0,1,1,0,0,0,0,0,0,1,"['возникать', 'борьба', 'тысяча', 'один', 'способ', 'друг', 'разрушать']"
1,1,0,0,1,1,1,1,1,1,1,1,0,0,0,1,1,1,0,1,1,1,"['сверлить', 'просить', 'умолять']"
0,0,1,0,0,0,0,0,0,0,0,0,0,0,0,0,0,0,0,0,0,1,"['краби', 'автобус', 'такси']"
0,1,0,0,0,0,0,0,0,0,0,0,1,0,0,0,0,0,0,0,0,1,"['остальной', 'персонаж', 'порадовать', 'появление', 'тиф', 'который', 'правда', 'взгляд', 'сильно', 'клауда', 'претензия', 'марлин', 'рассуждать', 'совсем', 'взрослый', 'дензель', 'стойко', 'переносить', 'болезнь', 'винсент', 'приходить', 'помощь', 'баррет', 'сид', 'юффи', 'ред', 'кайт', 'сито', 'преданно', 'помогать', 'клауд', 'знак-кавычки']"
0,0,0,0,0,0,0,0,0,0,0,0,1,0,0,0,0,0,0,0,0,1,"['ехать', 'километр', 'дожидаться', 'шамиль', 'вместе', 'отдыхать', 'далеко']"
1,0,0,0,0,0,1,0,1,1,1,0,0,0,0,0,1,0,0,0,1,1,"['начинать', 'мужчина', 'надеяться', 'вернуть', 'путь', 'истинный']"
0,0,0,1,0,0,0,0,0,0,0,0,0,0,1,0,0,0,0,0,0,1,"['принцип', 'сегодня', 'подрядчик', 'казенный', 'деньги', 'делиться', 'откатывать', 'царский', 'бюрократия']"
0,0,1,0,0,0,0,0,0,0,0,0,0,0,0,0,0,0,0,0,0,1,"['коллега', 'работа', 'постоянно', 'подрывать', 'авторитет', 'супруга', 'критиковать', 'изменить', 'мнение']"
0,0,0,0,0,0,0,0,0,0,0,0,0,0,0,0,0,0,1,0,0,1,"['жена', 'взять', 'концерт']"
0,1,0,0,0,0,0,0,0,0,0,0,1,0,0,0,0,0,0,0,0,1,"['ребята', 'забыть', 'шрейдер', 'правый', 'рука', 'полежаев', 'власть', 'привести', 'пак', 'казна', 'па', 'братски', 'ровно', 'начить', 'тянуть', 'одеяло', 'мера', 'карупцеонер', 'губернатор', 'свита', 'сказать', 'проект', 'запустить', 'куча', 'автобус', 'строить', 'автомобильный', 'коробка', 'делать', 'метро', 'гад', 'поехать', 'область', 'кока', 'всякий', 'нау', 'хау', 'зарыть', 'конкретный', 'деньги']"
0,0,0,0,0,0,0,0,0,0,0,0,0,0,0,0,0,0,0,0,0,1,"['рот', 'открыть', 'дружок', 'молчать', 'брызгать', 'слюна', 'придурок', 'уметь', 'лизать', 'высокий', 'топтать', 'низкий', 'бабло', 'сваливать', 'вина', 'другой', 'мат', 'крыть', 'твой', 'мама', 'родственник']"
0,0,0,0,0,0,0,0,0,0,0,0,0,0,0,0,0,0,0,0,0,1,"['человек', 'совсем', 'ничто', 'стесняться', 'семья', 'млрд', 'бюджет', 'вуз', 'год', 'знак-кавычки']"
0,0,0,1,0,0,0,0,0,0,0,0,1,0,1,0,0,0,0,0,0,1,"['рано', 'думать', 'предприниматель', 'парень', 'который', 'чубайс', 'успеть', 'украсть', 'нефтяной', 'скважина', 'иметь', 'дело', 'явление', 'новый', 'природа', 'знак-кавычки']"
0,1,0,0,0,0,0,0,0,0,0,0,0,0,0,0,0,0,0,0,0,1,"['жена', 'метнуться', 'огнетушитель', 'новый', 'порция', 'выпивка', 'муж', 'успеть', 'прочесть', 'газета', 'телефон', 'пластический', 'хирург']"
0,0,1,0,0,0,0,0,0,0,0,0,0,0,0,0,0,0,0,0,0,1,"['собрание', 'выступать', 'обвинительный', 'речь', 'адрес', 'мужик', 'пьющий', 'безысходность', 'жена', 'стерва', 'гонятется', 'тряпка', 'постоянно', 'муж', 'зарплата', 'маленький']"
0,0,0,0,0,0,0,0,0,0,0,0,0,0,0,0,0,0,0,0,0,1,"['плата', 'повыситься', 'детский', 'сад', 'новый', 'закон', 'должный', 'сосать', 'кровь', 'государство', 'зазря', 'тратить', 'народный', 'денежки', 'мешать', 'бюджет', 'облегчать', 'жизнь', 'родитель', 'зарабатывать']"
0,0,0,0,0,0,1,0,1,0,0,0,0,0,0,0,1,0,0,0,1,1,"['начало', 'жена', 'подумать', 'будущее', 'ребенок', 'знак-кавычки']"
0,0,0,0,0,0,0,0,0,0,0,0,0,0,0,0,0,0,0,0,0,1,"['фраза', 'прекратить', 'знак-кавычки']"
0,1,0,0,0,0,0,0,0,0,0,0,0,0,0,0,0,0,0,0,0,1,"['передать', 'руководство', 'ас', 'решать', 'город', 'санкция', 'профилактика']"
0,0,0,0,0,0,0,0,0,0,0,0,0,0,0,0,0,0,0,0,0,1,"['низкий', 'зарплата', 'понимать', 'виноватый', 'ждать', 'пилежка', 'год', 'время', 'сидеть', 'ребенок', 'иждивенец', 'знак-кавычки']"
1,1,0,0,1,1,1,1,1,1,1,1,0,0,0,1,1,1,0,1,1,1,"['никто', 'любить']"
1,1,0,0,1,1,1,1,1,1,1,1,0,0,0,1,1,1,0,1,1,1,"['далеко', 'стать', 'объявить', 'линукс', 'школа', 'нихренный', 'нужный', 'продолжить', 'дело', 'старинка', 'закупка', 'венд']"
1,1,0,1,1,1,1,1,1,1,1,1,1,0,0,1,1,1,0,1,1,1,"['стучать', 'гитара']"
1,0,1,0,1,1,1,1,1,1,1,1,0,1,0,1,1,1,0,1,1,1,"['заранее', 'расчистить', 'путь', 'невозможно', 'большинство', 'задание', 'выглядеть', 'примерно', 'полчаса', 'езда', 'цель', 'постоянный', 'перестрелка', 'минута', 'работа', 'маршрут', 'заботливо', 'поджидать', 'новый', 'охрана', 'назад', 'миссия', 'знак-кавычки']"
0,1,0,0,0,0,0,0,0,0,0,1,0,1,0,1,0,0,0,0,0,1,"['подруга', 'интерес', 'предъявить', 'материальный', 'требование', 'мужчина']"
1,1,1,1,1,1,1,1,1,1,1,1,1,1,1,1,1,1,0,1,1,1,"['форма', 'тело', 'измениться', 'зануда', 'целый', 'день', 'ныть', 'знак-кавычки']"
0,0,0,1,0,0,1,0,1,1,1,0,0,0,1,0,1,0,0,0,1,1,"['государство', 'юридический', 'объединение', 'объединить', 'финансовый', 'поток', 'знак-кавычки']"
1,1,1,1,1,1,1,1,1,1,1,1,1,1,1,1,1,1,0,1,1,1,"['ю.', 'лужков', 'отметить', 'сегодня', 'москва', 'легко', 'вычислить']"
0,1,1,1,0,0,1,0,1,1,1,0,0,1,1,0,1,0,0,0,1,1,"['местный', 'талант', 'хотеть', 'знаться', 'нынешний', 'власть', 'власть', 'желать', 'слышать', 'дарование', 'чужак', 'бабка', 'сподручный']"
1,0,1,1,1,1,1,1,1,1,1,1,0,0,1,1,1,1,0,1,1,1,"['страсть', 'бабка', 'хватить', 'лампочка', 'коридор', 'серый', 'дом', 'знак-кавычки']"
1,1,1,1,1,1,1,1,1,1,1,1,1,1,1,1,1,1,0,1,1,1,"['друг', 'дворянин', 'дорант', 'водить', 'журден', 'нос', 'жениться', 'доримен', 'служанка', 'смеяться', 'лицо', 'жена', 'беспрестанный', 'несообразный', 'поведение', 'дочь', 'люсиль', 'влюбленный', 'простой', 'парень', 'клеонт', 'желать', 'выходить', 'замуж', 'особа', 'высший', 'сословие', 'приблизить', 'отец', 'мечта']"
0,1,0,0,0,0,0,0,0,0,0,0,0,0,0,0,0,0,0,0,0,1,"['золушка', 'возвратиться', 'тыква', 'дорога', 'превышать', 'километр', 'час', 'отец', 'видеть', 'кончаться', 'дурацкий', 'игра', 'принцесса', 'знак-кавычки']"
1,1,1,1,1,1,1,1,1,1,1,1,1,1,1,1,1,1,0,1,1,1,"['земля', 'разгонять', 'недовольный', 'суд']"
0,0,1,1,0,0,0,0,0,0,0,0,0,1,1,0,0,0,0,0,0,1,"['канат', 'ножовка', 'плечо', 'шея', 'словно']"
1,0,1,1,1,1,1,1,1,1,1,1,0,1,1,1,1,1,0,1,1,1,"['слабый', 'россия', 'нефтяной', 'бабло']"
1,0,1,0,1,1,1,1,1,1,1,1,0,1,0,1,1,1,0,1,1,1,"['вопрос', 'история', 'жить', 'супруг', 'год', 'ребенок', 'первый', 'хорошо', 'деньги', 'квартира', 'купить', 'радоваться']"
0,0,1,0,0,0,0,0,0,0,0,0,0,0,0,0,0,0,0,0,0,1,"['муж', 'возвращаться', 'работа', 'белый', 'нива', 'повод', 'противный', 'голос', 'знак-кавычки', 'знак-кавычки']"
1,1,1,1,1,1,1,1,1,1,1,1,1,1,1,1,1,1,1,1,1,1,"['бюджет', 'брать', 'откат', 'взятка', 'нужный', 'подчеркнуть']"
1,0,0,0,1,1,1,1,1,1,1,1,0,0,0,1,1,1,0,1,1,1,"['каждый', 'вечер', 'возвращаться', 'жена', 'женщина', 'который', 'знать', 'давно', 'стать', 'сестра', 'пустяк']"
1,0,0,0,1,1,1,1,1,1,1,1,0,0,0,1,1,1,0,1,1,1,"['начинать', 'пятый', 'десятый', 'знак-кавычки']"
1,1,1,1,1,1,1,1,1,1,1,1,1,1,1,1,1,1,0,1,1,1,"['враг', 'россия']"
1,1,1,1,1,1,1,1,1,1,1,1,0,1,1,1,1,1,0,1,1,1,"['неудивительный', 'построить', 'москва', 'прибыль']"
1,1,1,0,1,1,1,1,1,1,1,1,1,0,0,1,1,1,0,1,1,1,"['хотеться', 'прилет', 'садиться', 'руль', 'км']"
1,1,1,1,1,1,1,1,1,1,1,1,1,1,1,1,1,1,0,1,1,1,"['случай', 'наступать', 'социальный', 'справедливость', 'вариант', 'народ', 'выделяться', 'желчь', 'попить', 'бюджетный', 'бабнуть', 'бабка', 'херснять']"
0,1,1,1,0,1,1,1,1,1,1,1,0,1,1,1,1,1,0,1,1,1,"['единый', 'россия', 'просто', 'знак-кавычки']"
1,0,0,0,1,1,1,1,1,1,1,1,0,1,0,1,1,1,0,1,1,1,"['бесконечный', 'мелодия', 'герой', 'квартет', 'вести', 'ворона', 'льстивый', 'беседа', 'лисица', 'возиться', 'полдюжина', 'очки', 'мартышка', 'знак-кавычки']"
0,0,1,0,0,0,1,0,1,1,1,0,0,1,0,0,1,0,1,0,1,1,['фуфу']
1,1,1,1,1,1,1,1,1,1,1,1,1,1,1,1,1,1,0,1,1,1,"['полагаться', 'хороший', 'семья', 'верхний', 'этаж', 'жить', 'отец', 'ведьма', 'дока', 'старый', 'ведьмак', 'кока', 'жена', 'который', 'дома', 'ругать', 'человек', 'маскировка', 'вдруг', 'начинать', 'ласкаться', 'прижиматься', 'нежный', 'голубка']"
1,1,0,1,1,1,1,1,1,1,1,1,0,1,1,1,1,1,1,1,1,1,"['ближайший', 'километр', 'замести', 'бурелом']"
1,1,0,0,1,1,1,1,1,1,1,1,1,0,0,1,1,1,0,1,1,1,"['технология', 'наглый', 'бесстыдный', 'ежегодно', 'штат', 'учреждение', 'добавляться', 'вакансия', 'сокращаться', 'сеть', 'обслуживать', 'заполняться', 'ставка', 'сотрудник', 'премия', 'компенсация', 'отпуск', 'материальный', 'помощь', 'придумать', 'заплатить', 'деньги', 'отпустить', 'бюджет', 'знак-кавычки']"
1,1,1,1,1,1,1,1,1,1,1,1,0,1,1,1,1,1,1,1,1,1,"['говорить', 'университетский', 'бонза', 'желать', 'далеко', 'спокойно', 'бюджетный', 'средство', 'делить', 'взятка', 'приватизировать', 'помещение']"
1,0,1,1,1,1,1,1,1,0,0,1,0,1,1,1,1,1,0,1,1,1,"['мужчина', 'превращаться', 'проблема', 'пытаться', 'отключиться']"
1,1,1,1,1,1,1,1,1,1,1,1,1,1,1,1,1,1,0,1,1,1,"['начало', 'муж', 'починить', 'кран', 'ванная']"
0,1,1,1,1,1,0,1,0,0,0,1,1,1,1,1,0,1,0,1,0,1,"['настаивать', 'мужчина']"
1,1,1,0,1,1,1,1,1,1,1,1,0,1,1,1,1,1,0,1,1,1,"['пытаться', 'заставить', 'мужчина', 'сделать', 'вызывать', 'немой', 'чувство', 'вина', 'чувствовать', 'плохо']"
0,1,1,1,0,1,1,1,1,1,1,0,0,1,1,0,1,1,0,1,1,1,"['мужчина', 'чувствовать', 'слабость']"
1,0,1,0,1,1,0,1,0,0,0,1,0,0,0,1,0,1,0,1,0,1,"['национализация', 'рубль', 'бюджет', 'всто', 'нефтепровод', 'сочи']"
1,1,1,1,1,1,0,1,0,0,0,1,1,1,1,1,0,1,0,1,0,1,"['запретительный', 'мера', 'научить', 'рекламщик', 'действительно', 'работать', 'социалка', 'бюджет', 'вирусный', 'реклама', 'заспамливание', 'аккаунт', 'сообщество', 'знак-кавычки']"
1,1,1,1,1,1,1,1,1,1,1,1,1,1,1,1,1,1,0,1,1,1,"['ветер', 'дурацкий', 'назло', 'лицо', 'знак-кавычки']"
1,0,0,1,1,1,1,1,1,1,1,1,0,1,1,1,1,1,0,1,1,1,"['художествовать', 'искусство', 'похлеще', 'учеба', 'небыть']"
0,1,0,1,0,0,1,0,1,1,1,1,1,1,1,1,1,1,0,1,1,1,['кайсери']
1,1,1,1,1,1,1,1,1,1,1,1,0,1,1,1,1,1,0,1,1,1,"['начать', 'пить', 'жена', 'восхищаться', 'регулярно']"
1,1,0,1,1,1,1,1,1,1,1,1,1,0,0,1,1,1,0,1,1,1,"['понять', 'неправый', 'перестать', 'муж', 'начало', 'говорить', 'приятный', 'вещь']"
1,0,1,1,1,1,1,1,1,1,1,1,0,1,1,1,1,1,0,1,1,1,"['причина', 'жена', 'продолжать', 'муж', 'устраивать', 'истерика', 'поднимать', 'крик', 'малейший', 'повод', 'разводить', 'шум', 'ничто', 'вещь', 'который', 'представить', 'вызвать']"
1,1,0,0,1,1,1,1,1,1,1,1,1,0,0,1,1,1,0,1,1,1,"['возникать', 'борьба', 'тысяча', 'один', 'способ', 'друг', 'разрушать']"
1,0,0,1,1,1,1,1,1,1,1,1,0,1,1,1,1,1,0,1,1,1,"['процент-знак', 'население', 'знать', 'чиновник', 'ер', 'разворовывать', 'полбюджет', 'откат', 'деньги', 'вор', 'покровительствовать', 'путин']"
1,0,0,1,1,1,1,1,1,1,1,1,0,0,1,1,1,1,1,1,1,1,"['жена', 'остаться', 'недовольный', 'покупка', 'спасать', 'жара', 'стать', 'муж', 'требовать', 'приобрести', 'кондиционер']"
1,1,1,1,1,1,1,1,1,1,1,1,0,1,1,1,1,1,0,1,1,1,"['жена', 'неделя', 'купить', 'билет', 'увидеть', 'вывеска', 'лото', 'поторопиться', 'закрытие', 'киоск', 'знак-кавычки', 'знак-кавычки']"
0,0,1,1,0,0,0,0,0,0,0,0,0,1,1,0,0,0,0,0,0,1,"['мужчина', 'правило', 'обладать', 'целый', 'ряд', 'достоинство', 'друг', 'вечно', 'умудряться', 'отыскивать', 'изъян', 'постоянно', 'терпимость', 'ощутимый', 'жить', 'вполне', 'простительный', 'недостаток']"
1,1,1,1,1,1,1,1,1,1,1,1,1,1,1,1,1,1,1,1,1,1,"['нужный', 'помощь', 'дело', 'жизнь', 'совсем', 'бесмысленный', 'нелюбимый', 'скучный', 'работа', 'одиночество', 'далеко', 'уродина', 'обходить', 'сторона', 'проблема', 'семья', 'жить', 'мама', 'папа', 'необщаться', 'родитель', 'развестись', 'постоянно', 'проблема', 'любить', 'часто', 'бывать', 'выносить', 'беспорядок', 'попрекать', 'кормить', 'работать', 'гос', 'структура', 'п', 'мизерный', 'съехать', 'иметь', 'возможность', 'смысл', 'серый', 'будничный', 'частенько', 'пугаться', 'мысль', 'смерть', 'сходить', 'ум', 'показаться', 'глупый', 'наверное', 'слабый', 'крик', 'душа', 'просить']"
1,1,1,1,1,1,1,1,1,1,1,1,0,1,1,1,1,1,0,1,1,1,"['давать', 'ответ', 'тяжело', 'прикинуть', 'подруга', 'мама', 'жить', 'получка', 'денежка', 'неплохой', 'отстегивать', 'собираться', 'переехать', 'время', 'найти', 'поиск', 'квартира', 'заняться', 'работать', 'знак-кавычки']"
0,1,0,0,1,0,0,0,0,0,0,0,1,0,0,0,0,0,0,0,0,1,"['актив', 'договариваться', 'акционер', 'заинтересованный', 'лицо', 'раздел', 'бизнес', 'обычно', 'предприятие', 'банкрот', 'захватить', 'результат', 'недружественный', 'поглощение']"
1,1,1,1,1,1,1,1,1,1,1,1,1,1,1,1,1,1,0,1,1,1,"['даша', 'фаворитка', 'домохозяйка', 'страна', 'самый', 'непродолжительный', 'время', 'ночь', 'напролет', 'ничто', 'делать', 'скудный', 'супруга']"
1,0,0,1,1,1,1,1,1,1,1,1,0,0,1,1,1,1,0,1,1,1,"['жена', 'простыня', 'шкаф', 'разложить', 'цвет']"
0,1,0,0,0,0,0,0,0,0,0,0,1,0,0,0,0,0,1,0,0,1,"['любой', 'повод', 'пресмыкаться']"
1,1,1,1,1,1,1,1,1,1,1,1,0,1,1,1,1,1,1,1,1,1,"['надоесть', 'делать', 'конец']"
1,1,0,0,1,1,1,1,1,1,1,1,0,0,0,1,1,1,0,1,1,1,"['похоже', 'любить', 'мутный', 'вода', 'бюджет', 'удобно', 'гражданин', 'высокий', 'гражданский', 'позиция', 'путь']"
1,0,0,0,1,1,1,1,1,1,1,1,1,0,0,1,1,1,1,1,1,1,"['чиновник', 'продолжать', 'достояние', 'народ', 'усмотрение', 'знак-кавычки']"
1,1,1,1,1,1,1,1,1,1,1,1,1,1,1,1,1,1,1,1,1,1,"['жена', 'утонуть', 'быт', 'снова', 'забросить', 'носок', 'диван', 'корзина', 'грязный', 'белье']"
1,1,1,1,1,1,1,1,1,1,1,1,1,1,1,1,1,1,1,1,1,1,"['третий', 'мечтать', 'пассия', 'повод', 'жизнь', 'печальный', 'опыт', 'знак-кавычки']"
1,1,0,0,1,1,1,1,1,1,1,1,1,0,1,1,1,1,1,1,1,1,"['ближайший', 'поселок', 'час', 'проселочный', 'машина', 'пешком', 'один', 'фига']"
1,1,0,0,1,1,1,1,1,1,1,1,1,0,0,1,1,1,1,1,1,1,"['хорошо', 'пляж', 'минута', 'вверх', 'осел', 'стоять', 'очередь', 'фуникулер', 'подняться', 'море', 'город', 'толпа', 'турист', 'волшебный', 'средиземноморский', 'атмосфера', 'яркий', 'белый', 'голубой', 'архитектура', 'привычный', 'санторини', 'ветряной', 'мельница']"
0,1,1,1,0,0,0,0,0,0,0,0,1,1,1,0,0,1,1,1,0,1,"['устать', 'нервный', 'неухоженный', 'жена', 'устраивать', 'скандал', 'муж', 'текущий', 'кран', 'двойка', 'ребенок', 'встречать', 'любимый', 'искусно', 'сделать', 'макияж', 'соблазнительный', 'наряд', 'ужин', 'свеча', 'ублажать', 'эротический', 'массаж', 'главное', 'ничто', 'требовать', 'жаловаться']"
1,1,1,1,1,1,1,1,1,1,1,1,1,1,1,1,1,1,1,1,1,1,"['фсбшник', 'москва', 'бабло', 'заниматься', 'рейдерство', 'актвная', 'бурный', 'бесполезный', 'деятельность', 'граница', 'отвод', 'глаз', 'контора', 'выделять', 'бабла', 'знак-кавычки']"
0,1,0,1,0,0,0,0,0,0,0,0,1,0,1,0,0,0,0,0,0,1,"['первый', 'бранить', 'сделать', 'следовать']"
0,1,1,0,0,0,0,0,0,0,0,0,1,1,0,0,0,0,1,0,0,1,"['ввод', 'мех', 'клава', 'русский', 'раскладка', 'строка', 'експлорер', 'знак-кавычки', 'знак-кавычки']"
1,1,0,1,1,1,1,1,1,1,1,1,1,1,1,1,1,1,1,1,1,1,"['произносить', 'заветный', 'должный', 'бесполезно', 'знак-кавычки']"
1,1,0,0,1,1,1,1,1,1,1,0,1,0,0,0,1,0,1,0,1,1,"['нынешний', 'бабло']"
1,1,1,1,1,1,1,1,1,1,1,1,1,0,0,1,1,1,1,1,1,1,"['жена', 'дочь', 'требовать', 'деньги', 'одежда', 'сын', 'нужный', 'компьютер']"
0,0,0,1,0,0,1,0,1,1,0,0,1,0,1,0,1,0,1,0,1,1,"['джексон', 'продолжать', 'выяснять', 'отношение', 'снимать', 'хоббит', 'бабки', 'заканчиваться', 'лицензия', 'властелин', 'кольцо', 'ребята', 'тихий', 'сапа', 'клепать', 'видение', 'вселенная', 'вливать', 'жизнь', 'новый', 'земля', 'существование', 'который', 'толкиен', 'подозревать', 'догадываться', 'знак-кавычки', 'знак-кавычки']"
0,0,1,1,0,0,0,0,0,1,0,0,0,1,1,0,0,0,1,0,0,1,"['деталь', 'интересно', 'посмотреть', 'ролик', 'заметка', 'история', 'втб', 'картинка', 'знак-кавычки']"
0,1,0,0,0,0,0,0,0,0,0,0,1,0,0,0,0,0,1,0,0,1,"['перестать', 'рано', 'окружить', 'забота', 'неудобно']"
0,1,1,1,0,0,0,0,0,0,1,0,1,1,1,0,0,0,1,0,0,1,"['лично', 'улан-батор', 'москва', 'мимо', 'байкал', 'дело', 'занять', 'день']"
0,0,0,0,0,0,0,0,0,0,0,0,0,0,0,0,0,0,0,0,0,1,"['разница', 'объявлять', 'конкурс', 'браться', 'выполнить', 'заказ', 'знак-кавычки']"
0,0,0,0,0,0,0,0,0,0,0,0,0,0,0,0,0,0,1,0,0,1,"['материал', 'данный', 'уголовный', 'дело', 'государственный', 'деньги', 'руководитель', 'подмосковный', 'ипотечный', 'агентство', 'сотрудничество', 'структура', 'принадлежать', 'лично', 'кузнецов', 'супруга', 'жанна', 'буллок', 'прийти', 'компания', 'ригруппа', 'должность', 'менеджер', 'знак-кавычки', 'знак-кавычки']"
1,1,0,0,1,1,1,1,1,1,1,1,1,0,0,1,1,1,1,1,1,1,"['правда', 'принять', 'помнить', 'звать', 'бедный', 'милиционер', 'устоять', 'соблазн', 'держать', 'зло', 'бедолага', 'дом', 'жена', 'работа', 'начальство', 'морально', 'компенсировать']"
0,0,0,0,0,0,0,0,0,0,0,0,0,0,0,0,0,0,1,0,0,1,"['общий', 'пищевой', 'база', 'сторонник', 'молодежь', 'заниматься', 'кадр', 'гк', 'аэп', 'средство', 'выделяться', 'афишироваться', 'кадровый', 'департамент', 'классно', 'научиться', 'деньги', 'знак-кавычки']"
0,0,0,0,0,0,1,0,0,1,0,0,1,0,0,0,1,0,1,0,1,1,"['думать', 'наверное', 'зря', 'прохладно', 'одеться', 'сад']"
1,0,0,1,1,0,0,0,0,0,0,0,0,0,1,0,0,0,1,0,0,1,"['другой', 'слово', 'малыш', 'должный', 'придумывать', 'получить', 'внимание', 'возникать', 'проблема', 'сказать', 'правда', 'услышать', 'поддержать', 'стать', 'кричать']"
0,0,0,1,0,0,1,0,1,1,0,0,1,0,1,0,0,0,1,0,0,1,['сторона']
0,0,0,0,0,0,0,0,0,0,0,0,1,0,0,0,0,0,1,0,0,1,"['мама', 'время', 'хватать', 'дура', 'рядом', 'мужик', 'думать', 'заглянуть', 'паспорт', 'знак-кавычки', 'знак-кавычки']"
0,0,0,0,0,0,0,0,0,0,0,0,1,0,0,0,0,0,1,0,0,1,"['лично', 'хотеться', 'нувориш', 'продолжать', 'бабло', 'лукашенко']"
1,1,1,1,1,1,1,1,1,1,1,1,1,0,0,1,1,1,1,1,1,1,"['особенно', 'бюджет', 'знак-кавычки']"
0,0,0,0,0,0,0,0,0,0,0,0,1,0,0,0,0,0,1,0,0,1,"['напомнить', 'пост', 'название', 'транснефть', 'навальный', 'который', 'принадлежать', 'привилегированный', 'акция', 'компания', 'утверждать', 'распоряжение', 'оказаться', 'материал', 'подготовить', 'оао', 'ак', 'запрос', 'счетный', 'палата', 'зи', 'опубликовать', 'сайт', 'продублировать', 'файлообменник', 'знак-кавычки', 'знак-кавычки', 'знак-кавычки']"
0,0,0,0,0,0,0,0,0,0,0,0,0,0,0,0,0,0,1,0,0,1,"['любимый', 'женщина', 'мечта', 'многий', 'одинокий', 'мужчина', 'кичиться', 'один', 'жить', 'хорошо', 'никто', 'скандалить']"
0,1,0,0,0,0,0,0,0,0,0,0,1,1,1,0,0,0,1,0,0,1,"['типичный', 'проявление', 'платить', 'отношение', 'подруга', 'черта', 'дом', 'мать']"
0,0,0,0,0,0,0,0,0,0,0,0,1,0,0,0,0,0,1,0,0,1,"['старуха', 'захохотать', 'снова', 'приняться', 'виола', 'гамба']"
0,0,0,0,0,0,0,0,0,0,0,0,0,0,0,0,0,0,0,0,0,1,"['причина', 'заблуждение', 'ташиев', 'стать', 'жертва', 'окружение', 'человек', 'работать', 'штаб', 'который', 'деньги', 'богатенький', 'кандидат', 'сказать', 'валентин', 'богатырев', 'знак-кавычки', 'знак-кавычки']"
0,1,0,0,0,0,0,0,0,0,0,0,1,0,0,0,0,0,1,0,0,1,"['утро', 'зевать', 'поеживаться', 'отправиться', 'путь', 'первый', 'излучина', 'показаться', 'стоянка', 'спутница', 'который', 'вчера', 'глядеть', 'прекрасный', 'глаз', 'отражаться', 'вековечный', 'женский', 'гордость', 'избранник', 'самый', 'кроткий', 'привал', 'бурный', 'волна', 'аппетит', 'вытеснить', 'мечта', 'рая', 'довестись', 'побывать']"
0,0,0,0,0,0,0,0,0,0,0,0,1,0,0,0,0,0,1,0,0,1,"['уверенный', 'американский', 'налогоплательщик', 'двигатель', 'стоять', 'дорогой', 'нас', 'заинтересованный', 'лицо', 'торговля', 'торговать', 'старательный', 'откат', 'знак-кавычки', 'знак-кавычки']"
0,0,0,0,0,0,0,0,0,0,0,0,0,0,0,0,0,0,1,0,0,1,"['слышать', 'день', 'корыто', 'землянка', 'остальное']"
0,1,0,0,0,0,0,0,0,0,0,0,1,0,0,0,0,0,1,0,0,1,"['собственность', 'санкт-петербург', 'знак-кавычки']"
1,0,1,0,1,1,1,1,1,1,1,1,0,0,0,1,1,1,1,1,1,1,"['жена', 'понимать', 'справедливый', 'знак-кавычки', 'знак-кавычки']"
0,0,1,0,0,0,0,0,0,0,0,0,0,1,1,0,0,0,1,0,0,1,"['жена', 'ждать']"
0,0,0,0,0,0,0,0,0,0,0,0,1,0,0,0,0,0,1,0,0,1,"['говорить', 'друг', 'хороший', 'попрекать', 'унижать', 'любимый', 'челвека', 'делать', 'посторонний', 'призывать', 'судья']"
0,1,1,0,0,0,0,0,0,0,0,0,1,0,0,0,0,0,1,0,0,1,"['сервер', 'ставить', 'настраивать', 'оптимизировать']"
0,0,0,0,0,0,0,0,0,0,0,0,0,0,0,0,0,0,1,0,0,1,"['соврать', 'следующий', 'преследовать', 'львица', 'стать', 'критика', 'дева', 'спрятаться', 'угол', 'ракиня', 'который', 'скоро', 'выманить', 'калач', 'мило', 'улыбнуться', 'простить']"
0,0,0,1,0,0,0,0,0,0,0,0,0,0,1,0,0,0,1,0,0,1,"['т.', 'место', 'заморачиваться', 'предпринимательский', 'деятельность', 'бюджетный', 'деньги', 'грабеж', 'бюджет', 'воровство', 'сфера', 'знак-кавычки']"
0,0,0,1,0,0,0,0,0,0,0,0,0,0,0,0,0,0,1,0,0,1,"['предлагать', 'сделать', 'создание', 'структура', 'который', 'позволить', 'бюджетный', 'деньги', 'предназначенный', 'пресса', 'районный', 'знак-кавычки']"
0,0,1,0,0,0,0,0,0,0,0,0,0,0,0,0,0,0,1,0,0,1,"['территория', 'отель', 'ничто', 'интересный', 'близжайший', 'цивилизация', 'аланья', 'который', 'автобус']"
0,0,1,0,0,0,0,0,0,0,0,0,0,0,0,0,0,0,1,0,0,1,"['жена', 'бояться', 'спиться']"
1,0,1,1,1,1,1,1,1,1,1,1,0,1,0,1,1,1,1,1,1,1,"['работать', 'краткосрочка', 'поток', 'особый', 'стиль', 'поведение', 'психология', 'знак-кавычки', 'знак-кавычки']"
1,1,0,0,1,1,0,1,0,0,0,0,1,0,0,0,0,0,0,0,0,1,"['русский', 'менеджмент', 'дербанить']"
1,1,0,0,1,1,0,1,0,0,0,1,1,0,0,1,0,1,1,1,0,1,"['спецслужба', 'бюджет', 'крышевать', 'бизнес', 'отчасти', 'вести', 'разведка', 'контрразведка', 'доказательство', 'истинный', 'заказчик', 'террор', 'россия', 'гб', 'истовый', 'достаточно', 'дубровка', 'беслан']"
1,1,0,0,1,1,0,1,0,0,0,1,1,0,0,1,0,1,1,1,0,1,"['создавать', 'группа', 'красиво', 'оформлять', 'рисовать', 'аватарка', 'менюшка', 'вика', 'разметка', 'вставлять', 'ссылка', 'редирект', 'готовый']"
0,0,0,0,0,0,0,0,0,0,0,0,0,0,0,0,0,0,1,0,0,1,"['харя', 'лосниться', 'благополучие', 'телохранитель', 'тащить', 'позолотить', 'бошевский', 'электрофреза', 'который', 'время', 'бюджет', 'крутой', 'брэнд']"
0,0,0,0,0,0,0,0,0,1,1,0,1,0,0,0,0,0,1,0,0,1,"['один', 'помочь', 'остаться', 'жизнь', 'жена', 'обидеться', 'совсем', 'мама', 'помогать']"
0,0,0,0,0,0,0,0,0,0,0,0,0,0,0,0,0,0,1,0,0,1,"['принять', 'конституция', 'начать', 'власть', 'попросить', 'мир', 'страна', 'сиам', 'больше', 'называть', 'исключительно', 'таиланд']"
0,0,0,1,0,0,0,0,0,0,0,0,1,0,1,0,0,0,1,0,0,1,"['представить', 'год', 'врач', 'учитель', 'инженер', 'остаться', 'один', 'эффективный', 'менеджер', 'уметь', 'деньги', 'брать', 'откат', 'знак-кавычки', 'знак-кавычки']"
0,1,0,0,0,0,0,0,0,0,0,0,1,0,0,0,0,0,1,0,0,1,"['вопрос', 'работать', 'взяться', 'деньги', 'знак-кавычки']"
1,1,0,0,1,0,0,0,0,0,0,0,1,0,0,0,0,0,1,0,0,1,"['предполагать', 'первый', 'последний', 'говорить', 'уважаемый', 'господин', 'администратор', 'казаться', 'сервер', 'загрузить', 'большой', 'количество', 'ненужный', 'хлам', 'точно', 'действовать', 'аккаунт', 'который', 'карта', 'смотреться', 'плохо', 'назойливый', 'муха', 'сор', 'щета', 'игра', 'терять', 'динамика', 'ближайший', 'равный', 'противник', 'повоевать', 'интерес', 'час', 'сутки']"
0,1,0,0,0,0,0,0,0,0,0,0,1,0,0,0,0,0,1,0,0,1,"['который', 'приходить', 'домой', 'жена', 'голова', 'новый', 'стиральный', 'машина', 'знак-кавычки']"
0,0,0,0,0,0,0,0,0,0,0,0,1,0,0,0,0,0,1,0,0,1,"['обследовать', 'окрестный', 'храм', 'дорога', 'троп', 'левитироваться', 'лаосский', 'граница', 'привестись', 'пара', 'день', 'чертовый', 'трасса', 'первый', 'городок', 'знак-кавычки', 'знак-кавычки', 'знак-кавычки']"
0,0,0,0,0,0,0,0,0,0,0,0,1,0,0,0,0,0,1,0,0,1,"['неделя', 'щетина', 'угрожать', 'взять', 'ножницы', 'спать']"
0,1,1,1,0,0,0,0,0,0,0,0,1,0,0,0,0,0,1,0,0,1,"['пример', 'уточнить', 'роза', 'нравиться', 'пион', 'начинать', 'придурок']"
0,1,0,1,0,0,0,0,0,0,0,0,1,0,1,0,0,0,1,0,0,1,"['рассказ', 'опасно', 'думать', 'окружать', 'понимать', 'твой', 'родной', 'язык', 'пример', 'служить', 'случай', 'шоссе', 'тель-авив', 'хайфа', 'один', 'водитель', 'взять', 'попутчица', 'смуглый', 'темноглазый', 'кудрявый', 'солдатка', 'голосовать', 'дорога', 'жена', 'сидеть', 'рядом', 'довольно', 'сварливый', 'характер', 'требовать', 'выкинуть', 'ближайший', 'перекресток', 'делать', 'по-литовски', 'полный', 'уверенность', 'девушка', 'явно', 'сефардский', 'корень', 'представить', 'шок', 'вдруг', 'сказать', 'выкидывать', 'выйти', 'чистейший', 'литовский']"
1,1,0,0,1,0,0,0,0,0,0,0,1,0,0,0,0,0,1,0,0,1,"['интервью', 'наврать', 'перелет', 'тактично', 'обойти', 'тема', 'гонорар', 'наверное', 'удобно', 'отмазка', 'начало', 'сезон', 'бог', 'смешить', 'знак-кавычки']"
0,0,0,0,0,0,0,0,0,0,0,0,1,1,0,0,0,0,1,0,0,1,"['однажды', 'техас', 'оклахома', 'сталь', 'приближаться', 'сити', 'автострада', 'появиться', 'полицейский', 'машина', 'штат']"
1,0,0,1,0,0,0,0,0,0,0,1,1,0,1,1,0,0,1,0,0,0,"['решиться', 'произведение', 'архитектурный', 'искусство', 'отдельно', 'взять', 'квартира', 'настоятельно', 'рекомендовать', 'дождаться', 'ниша', 'стена']"
0,0,1,0,0,0,1,0,1,1,1,0,1,0,0,0,1,0,1,0,1,0,"['писать', 'форум', 'подумать', 'муаммар', 'лично', 'пытать', 'зуб', 'напильник']"
0,1,0,0,0,0,0,0,0,0,0,0,1,0,0,0,0,0,1,0,0,0,"['лес', 'вручную', 'огромный', 'пила']"
0,0,1,1,0,1,0,1,0,1,1,1,0,1,1,0,1,1,1,1,1,0,"['узник', 'решетка', 'проклятый', 'тюрьма']"
0,0,0,0,0,0,0,0,0,0,0,0,1,0,0,0,0,0,1,0,0,0,"['лечь', 'спать', 'утро', 'долго', 'доска', 'тонкий', 'реечка', 'строгать', 'шкурить', 'подгонять', 'друг']"
0,0,0,1,0,0,0,0,0,0,0,0,1,0,1,0,0,0,1,0,0,0,"['ход', 'работа', 'фанера', 'мм', 'прямой', 'круг', 'угол']"
0,1,0,1,0,0,0,0,0,0,0,0,1,0,1,0,0,0,1,0,0,0,"['получиться', 'достаточно', 'медленно', 'чистый', 'рез', 'дерево', 'например']"
0,0,0,0,0,0,0,0,0,0,0,0,1,0,0,0,0,0,1,0,0,0,"['строгать', 'целый', 'неделя']"
0,0,0,0,0,0,0,0,0,0,0,0,0,0,0,0,0,0,1,0,0,0,"['последний', 'стать', 'дома', 'жить', 'точно']"
0,0,0,0,0,0,0,0,0,0,0,0,1,0,0,0,0,0,1,0,0,0,"['пила', 'зуб', 'употреблять', 'мягкий', 'порода', 'твердый']"
0,0,0,0,0,0,0,0,0,0,0,0,0,0,0,0,0,0,1,0,0,0,"['древний', 'время', 'изобразить', 'один', 'лепесток', 'сложить', 'сотня', 'кусочек', 'мозаика', 'мастер', 'возрождение', 'сталь', 'камень', 'добиваться', 'нужный', 'форма']"
0,0,0,0,0,0,0,0,0,0,0,0,0,0,0,0,0,0,1,0,0,0,"['никто', 'рассказать', 'океан', 'находиться', 'остров', 'алмазный', 'столп', 'резать', 'рука', 'нога', 'кусать', 'причинный', 'место', 'щекотать', 'колокольчик', 'целовать', 'седалище']"
0,0,0,0,0,0,0,0,0,0,0,0,0,0,0,0,0,0,1,0,0,0,"['строгать', 'волокно']"
0,0,1,1,0,0,0,0,0,0,0,0,1,1,1,0,0,0,1,0,0,0,"['рано', 'редко', 'лист', 'смена']"
0,1,0,0,0,0,0,0,0,0,0,0,1,0,0,0,0,0,1,0,0,0,"['скоро', 'никто', 'ничто']"
1,1,0,0,1,0,1,1,1,1,1,1,1,0,0,1,0,0,1,1,1,0,"['яростно', 'доска']"
0,0,0,0,0,0,0,0,0,0,0,0,1,0,0,0,0,0,0,0,0,0,"['продольный', 'распил', 'заготовка', 'достаточно', 'должный', 'выступать', 'верстак', 'легко']"
0,0,0,1,0,0,0,0,0,0,0,0,0,0,0,0,0,0,1,0,0,0,"['куб', 'сутки']"
0,0,0,0,0,0,0,0,0,0,0,0,0,0,0,0,0,0,1,0,0,0,"['один', 'большой', 'дисковый', 'пилорама', 'прохождение', 'небольшой', 'курс', 'обучение', 'практически', 'любой', 'человек', 'снижать', 'человеческий', 'фактор', 'производство', 'минимум']"
0,1,0,0,0,0,0,0,0,0,0,0,1,0,0,0,0,0,1,0,0,0,"['соседний', 'зуб', 'коронка', 'морально', 'готовый']"
0,0,0,0,0,0,0,0,0,0,0,0,0,0,0,0,0,0,1,0,0,0,"['легко', 'комбинировать', 'придумывать', 'различный', 'вариант', 'планировка']"
0,1,0,0,0,0,0,0,0,0,0,0,1,0,0,0,0,0,1,0,0,0,"['дрова', 'лес', 'салазки', 'ездить', 'утро', 'школа', 'снег', 'мамин', 'рост', 'корень', 'пень', 'видно', 'разгребать', 'дерево', 'земля']"
0,1,0,0,0,0,0,0,0,0,0,0,1,0,0,0,0,0,1,0,0,0,"['шифер', 'сверлить', 'обычный', 'плотничный', 'инструмент']"
1,0,0,0,1,1,1,1,1,1,1,1,1,0,0,1,1,1,1,1,1,0,"['дерево', 'навалом', 'мешать']"
1,0,0,0,1,1,1,1,1,1,1,0,1,0,0,0,1,0,1,0,1,0,"['ножка', 'корень', 'толстый', 'георгий', 'владимирович']"
1,1,1,1,1,1,1,1,1,1,1,1,1,1,1,1,1,1,1,1,1,0,"['месяц', 'покладать', 'рука', 'работать', 'старуха', 'руководство', 'дед', 'таскать', 'бревно', 'стучать']"
1,0,1,1,1,1,1,1,1,1,1,1,1,1,1,1,1,1,1,1,1,0,"['зазорчик', 'желательно', 'перебрать', 'значит', 'непосредственно', 'место', 'ламинатина', 'пыль', 'опилки', 'срез', 'скрипеть']"
1,1,1,1,1,1,1,1,1,1,1,1,1,1,1,1,1,1,1,1,1,0,"['уметь', 'многий', 'женщина', 'умение', 'сильно', 'рекламировать', 'показать', 'процесс', 'изготовление', 'стул', 'рамка', 'ключница']"
1,1,0,1,1,1,1,1,1,1,1,1,1,0,1,1,1,1,1,1,1,0,"['например', 'ветка', 'который', 'сидеть', 'обязательно', 'грохнуться']"
0,1,1,1,0,0,0,1,0,0,0,0,0,1,0,0,0,0,1,0,0,0,"['петь', 'красить']"
1,1,0,0,1,1,1,1,1,1,1,1,1,1,0,1,1,1,1,1,1,0,"['рука', 'брать', 'панданус', 'употреблять', 'опить', 'толочь', 'толченый', 'дерево', 'размач', 'вают', 'день', 'половинный', 'количество', 'сандал', 'перегнать', 'уксус', 'чистый', 'сок']"
1,0,0,0,1,1,1,1,1,1,1,1,1,0,0,1,1,1,1,1,1,0,"['поход', 'учиться', 'дрова', 'жечь', 'костер', 'готовить', 'ехать']"
1,1,1,1,1,1,1,1,1,1,1,1,1,1,1,1,1,1,1,1,1,0,"['резать', 'таскать', 'протяжение', 'часы']"
1,1,1,1,1,1,1,1,1,1,1,1,1,0,0,1,1,1,1,1,1,0,"['согласиться', 'город', 'житель', 'иметь', 'дело', 'столярный', 'плотницкий', 'инструмент', 'покупать', 'строгать', 'просто', 'магазин', 'нужный', 'досочка', 'купить', 'заказать']"
1,1,0,1,1,1,1,1,1,1,1,1,1,1,1,1,1,1,1,1,1,0,"['эксплуатационный', 'лес', 'разрешить', 'должный', 'проводить', 'регулярный', 'очистка', 'участок', 'прилегать', 'опушка', 'отходы', 'леспиление', 'захламление', 'отход', 'запретить', 'пункт', 'приказ', 'май', 'г']"
1,1,1,1,1,1,1,1,1,1,1,1,1,1,1,1,1,1,1,1,1,0,"['мужчина', 'дерево', 'жилье', 'строить', 'барак']"
1,1,1,1,1,1,1,1,1,1,1,1,1,1,1,1,1,1,1,1,1,0,"['провести', 'лодка', 'придтись', 'дрова']"
0,0,1,1,0,0,0,0,0,0,0,0,1,1,1,0,0,0,1,0,0,0,"['здравомыслящий', 'плакать']"
1,1,1,1,1,1,1,1,1,1,1,1,1,1,1,1,1,1,1,1,1,0,"['правильно', 'ноготь']"
1,1,1,1,1,1,0,1,0,0,1,1,1,1,1,1,0,1,1,1,0,0,"['видео', 'пилорама', 'бревно', 'диаметр', 'мм', 'необрезный', 'доска']"
1,1,1,1,1,1,1,1,1,1,1,1,1,0,0,1,1,1,1,1,1,0,"['дрова', 'долготье', 'чистить', 'лес', 'постройка', 'строиться', 'железный', 'дорога']"
1,1,0,1,1,1,1,1,1,1,1,1,1,0,0,1,1,1,0,1,1,0,"['расти', 'лес', 'рубить', 'строгать', 'склеивать', 'превращать', 'вещь', 'человек', 'стул', 'кровать']"
1,1,0,1,1,1,1,1,1,1,1,1,1,1,1,1,1,1,1,1,1,0,"['лобзик', 'древесина', 'древесный', 'материал', 'например', 'дсп', 'пластмасса', 'металл']"
1,1,1,0,1,1,1,1,1,1,1,1,0,1,1,1,1,1,1,1,1,0,['дерево']
1,1,1,0,1,1,1,1,1,1,1,1,1,1,1,1,1,1,1,1,1,0,"['леонид', 'тимофеевич', 'толя', 'соколов', 'облюбовать', 'один', 'дерево', 'присев', 'корточки', 'начать']"
1,1,1,0,1,1,1,1,1,1,1,1,1,1,0,1,0,1,1,1,1,0,"['лес', 'лапидарный', 'уровень', 'ничто', 'сложный', 'производить', 'гора', 'опилки', 'видный', 'поезд', 'подъезжать', 'регион']"
1,1,1,1,1,1,1,1,1,1,1,1,1,1,1,1,1,1,1,1,1,0,"['пенобетон', 'удобный', 'монтажный', 'обработка', 'блок', 'легко', 'сверлить']"
1,0,0,0,1,1,1,1,1,1,1,1,0,1,0,1,1,1,1,1,1,0,"['легко', 'обрабатывать']"
0,0,1,1,0,0,0,0,0,0,0,0,1,1,1,0,0,0,1,0,0,0,"['зима', 'качественно', 'легко', 'лето', 'волна', 'щетина', 'знак-кавычки', 'знак-кавычки']"
1,1,1,1,1,1,1,1,1,1,1,1,1,1,1,1,1,1,1,1,1,0,"['сносить', 'лачуга', 'дерево', 'нужный', 'поликлинник', 'аквапарк']"
1,1,0,0,1,1,1,1,1,1,1,1,1,1,0,1,1,1,1,1,1,0,"['п.', 'с.', 'смена', 'человек', 'среднее', 'куб', 'обрезной']"
1,1,0,1,1,1,1,1,1,1,1,1,1,1,1,1,1,1,1,1,1,0,"['лес', 'китайский', 'компания']"
1,1,1,1,1,1,1,1,1,1,1,1,1,1,1,1,1,1,1,1,1,0,"['печально', 'пиломатериал', 'который', 'граница', 'платить', 'бешеный', 'деньги', 'дрова']"
1,0,1,1,1,1,1,1,1,1,1,1,1,1,1,1,1,1,1,1,1,0,"['менталитет', 'сезон', 'давать', 'дрова', 'брать', 'зима', 'видно', 'дачник', 'пойти', 'авторитет']"
0,0,1,1,0,0,0,0,0,0,0,0,0,1,1,0,0,0,1,0,0,0,"['колоть', 'складывать']"
0,1,1,1,0,0,1,0,1,1,1,0,0,0,1,0,1,0,1,0,1,0,"['доска', 'продавать']"
0,0,0,0,0,0,0,0,0,0,0,0,1,0,0,0,0,0,1,0,0,0,"['рано', 'заготовлять', 'дешево', 'привезти', 'древесина', 'вологодский', 'кировский', 'область']"
0,0,1,0,0,0,0,0,0,0,0,0,0,0,0,0,0,0,1,0,0,0,"['нарисовать', 'линия']"
0,1,0,0,0,0,0,0,0,0,0,0,1,0,0,0,0,0,1,0,0,0,"['довольно', 'забавно', 'вспоминать', 'мысль', 'стиль', 'ничто', 'успеть', 'готовый', 'разрушать', 'мозг', 'рука', 'делать', 'сверлить', 'забивать', 'клеять', 'резать', 'зеркало', 'резаться', 'шить', 'последний', 'момент', 'начаться', 'самый', 'интересный', 'проблема', 'железный', 'предварительный', 'договор', 'пойти', 'откат', 'предоставить', 'оборудование', 'выключать', 'телефон', 'прятаться', 'взор', 'расстраиваться', 'четкий', 'желание', 'сделать', 'отличный', 'вечеринка', 'нарушить', 'план', 'знак-кавычки']"
0,0,0,0,0,0,0,0,0,0,0,0,0,0,0,0,0,0,1,0,0,0,"['вместе', 'дружно', 'валить', 'сухара', 'сухостой', 'чурка', 'колоть', 'подбрасывать', 'топка']"
1,0,0,1,1,1,0,1,0,0,0,1,0,0,1,1,0,1,1,1,0,0,"['спасибо', 'думать', 'писать', 'шить', 'паять', 'рисовать', 'копать', 'одевать', 'охранять', 'играть', 'лечить', 'обучать', 'возить', 'клеить', 'красить', 'убирать', 'носить']"
0,1,0,1,0,0,0,0,0,0,0,0,1,1,1,0,0,0,1,0,0,0,"['тайбола', 'верста', 'втекать', 'озеро', 'небольшой', 'ручей', 'лососка', 'называть', 'который', 'построить', 'пильный', 'мельница', 'лес', 'наибольше', 'весна', 'осень', 'оный', 'вода', 'изобиловать']"
0,0,1,0,0,0,0,0,0,0,0,0,1,1,0,0,0,0,1,0,0,0,"['ночь', 'доска']"
0,0,0,0,0,0,1,0,1,1,1,0,1,0,1,0,1,0,1,0,1,0,"['делать', 'ночь', 'тихо', 'стараться', 'греметь']"
1,0,1,0,1,1,1,1,1,1,1,1,1,1,0,1,1,1,1,1,1,0,"['знать', 'уверенный', 'петя', 'доска', 'дом', 'пол', 'линолиумный']"
0,0,0,0,0,0,0,0,0,0,0,0,1,0,0,0,0,0,1,0,0,0,"['дерево', 'спилить', 'поначалу', 'определить', 'мешать', 'ветка', 'возможность', 'убрать', 'сторона', 'ничто', 'повредить', 'поблизости']"
1,0,1,0,1,1,1,1,0,1,1,1,0,1,0,1,1,1,1,1,1,0,"['срезать', 'полностью', 'начать', 'попортить', 'верхний', 'слой', 'оставить', 'как будто']"
0,1,1,0,0,0,0,0,0,0,1,0,1,0,0,0,0,0,1,0,0,0,"['поле', 'дрова', 'окоп', 'рыть']"
0,1,1,0,0,0,0,0,0,0,0,0,1,1,0,0,0,0,1,0,0,0,"['иван', 'говорить', 'царь', 'николай', 'второй', 'смерть', 'дрова']"
0,0,1,0,0,0,0,0,0,0,0,0,0,1,0,0,0,0,1,0,0,0,"['некто', 'кухонный', 'нож', 'кость', 'заморозить', 'мясо']"
0,0,0,0,0,0,0,0,0,0,0,0,1,0,0,0,0,0,1,0,0,0,"['палатка', 'лед', 'газовый', 'обогреватель', 'внутри', 'успешно', 'выполнить', 'функция', 'раздевалка', 'кафетерий', 'долго', 'майна', 'быстро', 'сходить', 'вода', 'после', 'спешить', 'обедать', 'пить', 'чай', 'кофе']"
0,0,1,0,0,0,0,0,0,0,0,0,0,1,0,0,0,0,1,0,0,0,"['матрос', 'снова', 'объяснить', 'зима', 'край', 'нынче', 'лютый', 'дрова', 'который', 'заготовить', 'кончиться', 'жена', 'сосед', 'приходить', 'пила', 'точить']"
1,1,0,0,1,1,1,1,1,1,1,1,1,0,0,1,1,1,1,1,1,0,"['дрова', 'вдвоем', 'мама']"
0,1,0,0,0,0,0,0,0,0,0,0,1,0,0,0,0,0,1,0,0,0,"['сидеть', 'рядом', 'чурбак', 'такт', 'сопеть', 'вместе', 'строгать']"
0,1,1,0,0,0,0,0,0,0,0,0,1,1,0,0,0,0,1,0,0,0,"['ножовка', 'уметь']"
0,0,0,0,0,0,0,0,0,0,0,0,0,0,0,0,0,0,1,0,0,0,"['один', 'решить', 'разжечь', 'костер', 'стать', 'дерево']"
0,0,0,0,0,0,0,0,0,0,0,1,1,0,0,0,0,1,1,0,0,0,"['стать', 'бороться', 'искушение', 'уходить', 'ночной', 'смена', 'договориться', 'знакомый', 'ребята', 'мебельный', 'фабрика', 'строгать', 'думать']"
0,1,1,0,0,0,1,0,1,1,1,0,1,0,0,0,1,0,1,0,1,0,"['хотеть', 'копать']"
1,0,1,0,1,1,1,1,1,1,1,1,1,1,0,1,1,1,1,1,1,0,"['улица', 'колоть', 'дрова', 'подносить', 'печь', 'уносить', 'готовый', 'маца']"
0,1,1,0,0,0,0,0,0,0,0,0,1,0,0,0,0,0,1,0,0,0,"['участник', 'разделиться', 'придумывать', 'общий', 'план', 'агитация', 'текст', 'лозунг', 'красить', 'рисовать', 'сколачивать', 'материализовывать', 'идея', 'подручный', 'материал']"
1,1,1,1,1,1,1,1,1,1,1,1,1,1,1,1,1,1,1,1,1,0,"['лед', 'взрывать']"
0,0,0,0,0,0,0,0,0,0,0,0,1,0,0,0,0,0,1,0,0,0,"['сбивать', 'ненужный', 'часть', 'древесина']"
0,0,0,1,0,0,0,0,0,0,0,0,1,0,1,0,0,0,1,0,0,0,"['желательно', 'предварительно', 'отчертить', 'бревно', 'сторона', 'горизонтальный', 'полоска', 'который', 'служить', 'ориентир', 'глубина']"
1,1,1,0,1,1,0,1,0,0,0,1,1,0,0,1,0,1,1,1,0,0,"['перевертывать', 'бревно', 'градус', 'сидение', 'вниз', 'отмечать', 'необходимый', 'ширина', 'глубина', 'заранее', 'померить', 'опорный', 'площадка', 'чурбак', 'подставка', 'аналогия', 'вышеописанный', 'манипуляция', 'сбивать', 'лишний', 'т.е.']"
1,1,0,0,1,0,0,1,0,0,0,1,1,0,0,1,0,1,1,1,0,0,"['расписывать', 'подробно', 'примерный', 'временный', 'затрата', 'пункт', 'первый', 'день', 'человек', 'один', 'второй', 'рубить', 'третий', 'помогать', 'возить', 'деталь', 'тачка', 'час', 'подготовка', 'лес', 'распилка', 'стесывание', 'лишний', 'грузить', 'подготовить', 'часть', 'телега', 'участок', 'бревно', 'валяться', 'метр']"
0,0,0,0,0,0,0,0,0,0,0,0,1,1,0,0,0,0,1,0,0,0,"['родственник', 'бум', 'семья', 'строительство', 'строиться', 'город', 'собираться', 'участок', 'понабрать']"
0,1,1,0,0,0,0,0,0,0,0,0,1,1,0,0,0,0,1,0,0,0,"['сталь', 'толстый', 'долго', 'упорно']"
0,0,1,1,0,0,0,0,0,0,0,0,1,0,1,0,0,0,1,0,0,0,"['двухметровый', 'бревно', 'сухой', 'лиственница', 'укладывать', 'ряд', 'снизу', 'сверху', 'получаться', 'костер', 'тип', 'нод', 'знак-кавычки']"
0,1,0,0,0,0,0,0,0,0,0,0,1,0,0,0,0,0,1,0,0,0,"['вызвать', 'милиция', 'показать', 'место', 'сфотографировать', 'пень', 'раскинуть', 'мокушка', 'составить', 'нужный', 'документ', 'комисия', 'лесничество', 'общитать', 'нарушитель', 'заплатить', 'руб', 'государство']"
0,1,1,1,0,0,0,0,0,0,0,0,1,1,1,0,0,0,1,0,0,0,"['хороший', 'пить', 'хорошо', 'секатор', 'резать', 'тачка', 'легко', 'возить']"
0,0,1,0,0,1,1,1,1,1,1,0,0,0,0,0,1,0,1,0,1,0,"['утро', 'завтрак', 'ребята', 'ждать', 'мастер', 'класс', 'который', 'научиться', 'разводить', 'костер', 'цепной', 'пила', 'ставить', 'палатка', 'вязать', 'узел', 'пройти', 'захватывающий', 'испытание', 'сплочение', 'команда', 'выявиться', 'лидер', 'победитель']"
0,0,0,0,0,0,0,0,0,0,0,0,1,0,0,0,0,0,1,0,0,0,"['главный', 'герой', 'стрелять', 'жечь', 'взрывать']"
1,1,0,1,1,0,1,0,1,1,1,1,1,0,1,1,1,1,1,1,1,0,"['нажимать', 'пила', 'опускание']"
0,1,0,1,0,0,0,0,0,0,0,0,1,1,1,0,0,0,1,0,0,0,"['зуб', 'резать', 'направление', 'лицевой', 'сторона', 'покрытие', 'столешница']"
0,1,0,0,0,0,0,0,0,0,0,0,1,0,0,0,0,0,0,0,0,0,"['поэтапно', 'закупать', 'материал', 'привозить', 'место', 'потихоньку', 'подгонять', 'рубить', 'строгать', 'прибивать']"
0,0,0,0,0,0,1,0,1,1,1,0,1,0,0,0,1,0,1,0,1,0,"['лист', 'жесткий', 'пвх', 'рекомендоваться', 'циркулярный', 'ленточный', 'пила', 'скорость', 'резка', 'достигать', 'мина']"
0,1,0,0,0,0,0,0,0,0,0,0,1,0,0,0,0,0,1,0,0,0,"['приехать', 'спец', 'увидеть', 'дерево', 'совсем', 'трухлявый', 'заморачиваться', 'сказать']"
0,0,0,0,0,0,0,0,0,0,0,0,1,0,0,0,0,0,1,0,0,0,"['совет', 'небольшой', 'объем', 'работа', 'пластиковый', 'труба', 'обычный', 'ножовка', 'дерево']"
0,1,0,0,0,0,0,0,0,0,0,0,1,0,0,0,0,0,1,0,0,0,"['человек', 'копошиться', 'строгать', 'рубить']"
0,1,1,0,0,0,0,0,0,0,0,0,1,1,0,0,0,0,0,0,0,0,"['раздробить', 'погрузить', 'тележка', 'загнать', 'бурт', 'высыпать', 'обратно']"
0,0,1,0,0,0,0,0,0,0,0,0,0,0,0,0,0,0,1,0,0,0,"['случиться', 'вдруг', 'поступить', 'звонок', 'лестно', 'характеризовать', 'служба', 'спасение', 'громко', 'шуметь', 'спасатель', 'дерево', 'долго', 'короче', 'категория', 'занудство']"
1,1,0,1,1,1,1,1,1,1,1,1,0,0,1,1,1,1,1,1,1,0,"['придтись', 'пополам']"
0,0,1,0,0,0,0,0,0,0,0,0,1,0,0,0,0,0,1,0,0,0,"['представить', 'гулять', 'лес', 'видеть', 'человек', 'который', 'ожесточенный', 'дерево']"
0,0,0,0,0,0,0,0,0,0,0,0,1,0,0,0,0,0,1,0,0,0,['дерево']
0,0,0,0,0,0,0,0,0,0,0,0,1,0,0,0,0,0,1,0,0,0,"['советовать', 'делать', 'остановка', 'заход', 'лезвие', 'перегреться', 'деформироваться', 'результат', 'заготовка', 'получиться', 'разный', 'размер', 'впоследствии', 'привести', 'проблема', 'который', 'поведать', 'низкий']"
0,0,0,0,0,0,0,0,0,0,0,0,1,0,0,0,0,0,1,0,0,0,"['плита', 'строгать']"
0,0,0,0,0,0,0,0,0,0,0,0,1,0,0,0,0,0,1,0,0,0,"['производство', 'мебель', 'строгать', 'резать', 'точить', 'оклеивать', 'слой', 'другой', 'дерево', 'фанера', 'металл', 'кость', 'красить', 'покрывать', 'воск', 'политура', 'лак', 'полировать', 'далее']"
1,0,1,1,1,1,0,1,0,0,0,1,1,1,1,1,0,1,1,1,0,0,"['стоить', 'отметить', 'пеноблок', 'комбинироваться', 'разный', 'сочетание', 'легко', 'давать', 'простор', 'архитектор']"
0,0,1,1,0,0,0,0,0,0,0,0,0,1,1,0,0,0,1,0,0,0,"['рог', 'придтись', 'олень', 'мешать']"
0,1,0,0,0,0,0,0,0,0,0,0,1,0,0,0,0,0,1,0,0,0,"['год', 'назад', 'строительство', 'навес', 'дом', 'металлоконструкция', 'понадобиться', 'отрезной', 'машинка', 'компактный', 'размер', 'необходимость', 'металл', 'труднодоступный', 'место', 'обтачивать', 'сварной', 'шов', 'купить', 'строительный', 'рынок', 'оказаться', 'один', 'самый', 'дешевый']"
0,0,0,0,0,0,0,0,0,0,0,0,1,0,0,0,0,0,1,0,0,0,"['требовать', 'предварительный', 'сортировка', 'бревно', 'сухой', 'мерзлый', 'древесина', 'любой', 'порода']"
0,0,1,0,0,0,0,0,0,0,0,0,1,1,1,0,0,0,1,0,0,0,"['ребенок', 'год', 'большой', 'интерес', 'учиться', 'выпиливать', 'лобзик', 'одноручный', 'пила', 'строгать', 'маленький', 'рубанок', 'забивать', 'гвоздь', 'молоток']"
0,1,0,0,0,0,0,0,0,0,0,0,1,0,0,0,0,0,1,0,0,0,"['иступление', 'доска', 'замешивать', 'бетон']"
0,1,1,1,0,0,1,0,1,1,1,1,1,0,1,1,1,0,1,0,1,0,"['радужный', 'эвкалипт', 'любоваться']"
0,0,0,0,0,0,0,0,0,0,0,0,0,0,0,0,0,0,1,0,0,0,"['мальчишка', 'колено', 'снег', 'вручную', 'огромный', 'кедр', 'обрубать', 'сук', 'складывать', 'куча']"
0,0,0,0,0,0,0,0,0,0,0,0,0,0,0,0,0,0,0,0,0,0,"['взрывной', 'работа', 'лед', 'зачернять']"
1,0,0,0,1,1,1,1,1,1,1,1,1,0,0,1,1,1,1,1,1,0,"['зима', 'замерзнуть', 'приходиться', 'заготовлять', 'дрова', 'рубить', 'дерево', 'лес']"
0,0,0,0,0,0,0,0,0,0,0,0,0,0,0,0,0,0,1,0,0,0,"['надпить', 'получиться', 'хороший', 'показаться', 'низковатый', 'походить', 'покрутиться']"
0,0,1,0,0,0,0,0,0,0,0,0,1,0,0,0,0,0,1,0,0,0,"['ель', 'стоять', 'начало', 'глубоко', 'стать', 'коситься', 'сторона', 'дом']"
0,1,0,0,0,0,0,0,0,0,0,0,1,0,0,0,0,0,1,0,0,0,"['независимо', 'вид', 'ручной', 'пила', 'главный', 'правило', 'уход', 'таков', 'регулярный', 'заточка', 'зуб', 'контроль', 'чистота', 'сухость', 'полотно', 'пила', 'верно']"
1,1,1,0,1,1,0,1,0,0,0,1,1,1,0,1,0,1,1,1,0,0,"['начинать', 'короткий', 'движение', 'угол']"
0,1,0,1,0,0,0,0,0,0,0,1,1,1,1,1,0,1,1,1,0,0,"['край', 'заготовка', 'резкий', 'короткий', 'толчок', 'нижний', 'сторона', 'образовываться', 'облом']"
1,0,0,0,1,1,0,1,0,0,0,1,0,0,0,1,0,1,0,1,0,0,"['волокно', 'древесина', 'трудно', 'ручной', 'пила', 'начинать', 'гулять', 'нажимать', 'приходиться', 'сильно', 'знак-кавычки']"
0,0,1,1,0,0,0,0,0,0,0,0,0,0,1,0,0,0,1,0,0,0,"['место', 'расти', 'крупный', 'береза', 'мужик', 'снимать', 'широкий', 'кольцо', 'береста', 'оборачивать', 'труп']"
0,0,1,1,0,0,0,0,0,0,0,0,1,0,1,0,0,0,1,0,0,0,"['брать', 'лобзик', 'потихоньку', 'понемногу', 'вращать', 'палка', 'часто', 'проверять', 'задевать', 'бланк', 'недопустимо']"
0,0,0,0,0,0,1,0,1,1,1,0,1,0,0,0,1,0,1,0,1,0,"['направить', 'строго', 'линия', 'новый', 'нос', 'начало', 'осторожно', 'носовой', 'кость', 'сторона']"
0,0,0,0,0,0,0,0,0,0,0,0,1,0,0,0,0,0,1,0,0,0,"['заранее', 'известно', 'вырез', 'делать', 'угол']"
1,1,0,0,1,1,0,1,0,0,0,0,1,0,0,0,0,0,1,0,0,0,"['автор', 'жить', 'город', 'зима', 'заочно', 'строгаль', 'тачать', 'деталь', 'общий', 'проект', 'каждый', 'доля']"
1,1,1,0,1,1,0,1,0,0,0,1,1,1,1,1,0,1,1,1,0,0,"['помогать', 'бабушка', 'сад', 'огород', 'пропалывать', 'грядка', 'собирать', 'лист', 'дрова', 'носить', 'вода']"
0,0,1,0,0,0,0,0,0,0,0,0,1,1,0,0,0,0,1,0,0,0,"['определяться', 'традиционный', 'позиция', 'народ', 'интеллигенция', 'заумствовать', 'рассуждать', 'абстрактный', 'тема', 'иметь', 'отношение', 'традиционно', 'естественный', 'сфера', 'деятельность', 'пахать', 'земля', 'сеять', 'зерно', 'дрова', 'знак-кавычки']"
0,0,0,0,0,0,0,0,0,0,0,0,0,0,0,0,0,0,1,0,0,0,"['поодаль', 'субъект', 'мантия', 'ящик', 'бок', 'который', 'жизнерадостный', 'торчать', 'нога', 'голова', 'ассистентка']"
0,0,0,1,0,0,0,0,0,0,0,0,0,0,0,0,0,0,1,0,0,0,"['ствол', 'прямой', 'ровный', 'легко', 'строгать']"
1,0,1,1,1,1,1,1,1,1,1,1,1,1,1,1,1,1,1,1,1,0,"['обработка', 'смола', 'прилипать', 'инструмент', 'мешать', 'строгать', 'поднимать', 'лаковый', 'покрытие', 'случайный', 'нагревание']"
0,1,1,1,0,1,0,1,0,0,0,1,1,1,1,1,0,1,1,1,0,0,"['брусок', 'надвое', 'толщина', 'вшивать', 'ткань', 'получать', 'циновка']"
1,1,1,1,1,1,1,1,1,1,1,1,1,1,1,1,1,1,1,1,1,0,"['дрова', 'сучок', 'дерево', 'спилить', 'целый', 'фруктовый', 'сад']"
1,0,1,0,1,1,0,1,0,0,0,1,1,1,0,1,0,1,1,1,0,0,"['научиться', 'двуручный', 'пила', 'отличить', 'ножовка']"
1,0,1,1,1,1,1,1,1,1,1,1,1,1,1,1,1,1,1,1,1,0,"['отдыхать', 'лечить', 'больной', 'дрова', 'кататься', 'лыжа']"
1,1,1,1,1,1,1,1,1,1,1,1,1,0,0,1,1,1,1,1,1,0,"['представлять', 'промышленный', 'масштаб', 'вывозить', 'грузовик']"
1,1,0,1,1,1,1,1,1,1,1,1,1,0,1,1,1,1,1,1,1,0,"['стругать', 'приколачивать', 'красить', 'класть', 'копать', 'дом', 'участок', 'прорва', 'дело']"
1,1,1,1,1,1,1,1,1,1,1,1,0,1,1,1,1,1,1,1,1,0,"['научиться', 'дрова', 'разводить', 'костер', 'мокрый']"
1,0,1,0,1,1,1,1,1,1,1,1,0,1,0,1,1,1,1,1,1,0,"['брат', 'колоть', 'дрова', 'бегом', 'таскать', 'вода', 'речка', 'делать', 'быстрый', 'темп']"
1,1,1,0,1,1,1,1,1,1,1,1,1,0,0,1,1,1,1,1,1,0,"['леспромхоз', 'пополам', 'электропила', 'возить', 'районный', 'отдел', 'статистика', 'размотка', 'нарезка', 'рулончик', 'мм', 'копировальный', 'машина']"
0,1,1,1,0,1,1,1,1,1,1,1,1,1,1,1,1,1,1,1,1,0,"['комплектация', 'станок', 'входить', 'основной', 'инструмент', 'строгальный', 'нож', 'пильный', 'диск', 'покупка', 'строгать', 'рейсмусовать']"
1,0,1,1,1,1,1,1,1,1,1,1,0,1,1,1,1,1,1,1,1,0,"['переделать', 'куча', 'строгать', 'фрезеровать', 'сверлить']"
1,0,0,1,1,1,1,1,1,1,1,1,0,1,1,1,1,1,1,1,1,0,"['процесс', 'вспомнить', 'ножовка', 'нарисовать', 'линия', 'доска', 'нужный', 'угол', 'насколько', 'ровно', 'выходить', 'срез', 'должный', 'идти', 'поверхность', 'вертикально', 'профессионал', 'позволить', 'градус', 'мм', 'хозяйство', 'пригодиться', 'т.е.']"
0,0,1,1,0,1,1,1,1,1,1,1,1,1,1,1,1,1,1,1,1,0,"['рецепт', 'сначала', 'вертикально', 'поверхность', 'доска', 'рубанок', 'удобный', 'маленький', 'подгонять', 'угол']"
1,0,1,1,1,1,0,1,0,0,0,1,1,1,1,1,0,1,1,1,0,0,"['отметить', 'пункт', 'потрясать', 'легкость', 'газоблок', 'обработка', 'прибивать', 'гвоздь', 'быстро', 'сверлить']"
1,0,0,1,1,1,0,1,0,0,0,1,1,0,0,1,0,1,0,1,0,0,"['комиссия', 'покричать', 'спина', 'вызвать', 'администрация', 'приготовиться', 'замок']"
0,0,1,0,0,0,0,0,0,0,0,0,0,1,0,0,0,0,0,0,0,0,"['болгарка', 'отказаться']"
1,1,1,1,1,1,1,1,1,1,1,1,1,1,1,1,1,1,1,1,1,0,"['осень', 'сухой', 'дерево', 'двор', 'зима', 'дарить', 'дворник', 'район', 'фуфайка', 'весна', 'подарить', 'домовой', 'комитет', 'школа', 'общежитие', 'краска', 'ремонт', 'круглый', 'год', 'раздавать', 'лампочка', 'подъезд', 'светло']"
1,1,1,1,1,1,1,1,1,1,1,0,1,1,1,1,1,1,1,1,1,0,"['первый', 'всплывать', 'тема', 'лес']"
1,1,1,1,1,1,1,1,1,1,1,1,0,1,1,1,1,1,1,1,1,0,"['согласный', 'категорически', 'вологодский', 'область', 'многий', 'деляна', 'бензиновый', 'ленточка', 'вывозить', 'фишка', 'просто', 'обрез', 'сорт', 'перекупать', 'объем', 'большой', 'плюс', 'никакой', 'проверка', 'важно', 'лес', 'первый', 'вопрос', 'себестоимость', 'низко', 'прилично', 'ниже', 'отходы', 'делянка', 'лесопильный', 'база', 'свалить', 'украсть', 'распилить', 'продать', 'сказать']"
1,0,1,1,1,1,1,1,1,1,1,1,0,1,1,1,1,1,1,1,1,0,"['эксплуатационный', 'лес', 'разрешить', 'должный', 'проводить', 'регулярный', 'очистка', 'участок', 'прилегать', 'опушка', 'отходы', 'леспиление', 'захламление', 'отход', 'запретить', 'пункт', 'приказ', 'май']"
1,0,0,0,1,1,1,1,1,1,1,1,0,1,0,1,1,1,1,1,1,0,"['рентабельный', 'лес']"
1,1,1,0,1,1,1,1,1,1,1,1,1,1,0,1,1,1,1,1,1,0,"['заготовитель', 'учиться', 'зарабатывать', 'круглый', 'лес', 'хотеть', 'делать', 'производство', 'положено']"
1,0,1,0,1,1,0,1,0,0,0,1,1,1,0,1,0,1,1,1,0,1,"['русоволосый', 'девушка', 'скинуть', 'легкий', 'платье', 'сидеть', 'зеркало', 'удивляться', 'красивый', 'тело', 'солнце', 'гладить', 'золотой', 'плечо', 'охальник', 'ветер', 'норовить', 'мышка', 'унести', 'далеко', 'высокий', 'замок', 'девичий', 'греза', 'жить', 'вольная', 'птица', 'хотеть', 'расправлять', 'крыло', 'отдаться', 'ветр', 'взмывать', 'парить', 'дом', 'луг', 'лесом', 'тополь', 'дорога', 'быстрый', 'промельк', 'отражаться', 'никель', 'мотоцикл', 'обочина', 'медь', 'коровий', 'колоколец', 'опала', 'кошачий', 'глаз', 'опускаться', 'залить']"
1,1,1,1,1,1,0,1,0,0,0,1,1,1,1,1,0,1,1,1,0,1,"['другой', 'сторона', 'человек', 'полюбить', 'опера', 'должный', 'качественный', 'андрей', 'спех']"
1,1,1,1,1,1,1,1,1,1,1,1,1,1,1,1,1,1,1,1,1,1,"['отправляться', 'отпуск', 'часто', 'серьезно', 'рисковать', 'большой', 'вероятность', 'экзотический', 'зараза', 'привезти', 'родина']"
1,1,1,1,1,1,1,1,1,1,1,1,1,1,1,1,1,1,1,1,1,1,['лена']
1,1,1,1,1,1,1,1,1,1,1,1,1,1,1,1,1,1,1,1,1,1,"['устройство', 'ставить', 'зависание']"
1,0,1,1,1,1,0,1,0,0,0,1,1,1,1,1,0,1,0,1,0,1,"['дирижерский', 'жест', 'дружно', 'первый', 'слово', 'песня']"
1,1,1,1,1,1,1,1,1,1,1,1,1,0,1,1,1,1,1,1,1,1,"['правило', 'эксплуатироваться', 'дизайнерский', 'креатив', 'менять', 'внешний', 'вид', 'очко', 'авторитет', 'бренд', 'который', 'поддельщик', 'подражатель', 'главный', 'аргумент', 'низкий', 'цена']"
0,1,1,0,0,0,0,0,0,0,0,0,1,1,0,0,0,0,1,0,0,1,"['ранний', 'срок', 'опасно', 'новый', 'организм', 'инфекция', 'подвергнуть', 'формирование', 'плод', 'большой', 'риск']"
1,0,0,1,1,0,0,0,0,0,0,1,1,0,1,1,0,1,1,1,0,1,"['долгий', 'отсутствие', 'прививка', 'понедельник', 'поликлиника', 'собраться', 'толпа', 'родитель', 'грудничок', 'занять', 'очередь', 'первый', 'брат', 'прийти', 'час', 'ребенок', 'успеть', 'вспотеть', 'инфекция', 'фон', 'ослабление', 'иммунитет']"
1,1,1,1,1,1,1,1,1,1,1,1,1,1,1,1,1,1,1,1,1,1,"['эстафета', 'создатель', 'джон', 'купер', 'концерн', 'традиционный', 'немецкий', 'качество', 'аккуратность', 'модернизировать', 'автомобиль', 'довести', 'совершенство']"
0,0,1,0,0,0,0,0,0,0,0,0,1,0,0,0,0,0,1,0,0,1,"['часть', 'сведение', 'отвергнуть', 'время', 'основной', 'надеяться', 'должно', 'изучить', 'дальнейший', 'углубленный', 'научный', 'исследование']"
1,1,0,0,1,1,1,1,1,1,1,1,1,0,0,1,1,1,1,1,1,1,"['бенни', 'начинать', 'по-английски', 'хорошо', 'поставить', 'голос', 'хор', 'аудитория', 'по-русски']"
1,1,1,1,1,1,1,1,1,1,1,1,1,0,0,1,1,1,1,1,1,1,"['заметить', 'идеологический', 'поветрие', 'вновь', 'уповать', 'соборность', 'собственно', 'собираться', 'расстаться', 'индивидуальность', 'личность', 'знак-кавычки']"
1,1,0,1,1,1,1,1,1,1,1,1,1,0,0,1,1,1,1,1,1,1,"['предвзятый', 'мнение', 'короткостволистый', 'поголовно', 'упороть', 'бешеный', 'ошашлелый', 'навязнуть', 'сми', 'пассивчик', 'знак-кавычки', 'знак-кавычки', 'знак-кавычки', 'знак-кавычки']"
1,0,0,1,1,1,1,1,1,1,1,1,0,0,1,1,1,1,1,1,1,1,"['практик', 'работа', 'ребенок', 'показывать', 'малыш', 'основной', 'навык', 'радость', 'погружаться', 'голова', 'необычный', 'российский', 'культура', 'область', 'созидание', 'складывать', 'схема', 'оригами']"
1,1,1,1,1,1,1,1,1,1,1,0,1,1,1,1,1,1,1,1,1,1,"['касаться', 'украина', 'заявить', 'директор', 'центр', 'геополитический', 'экспертиза', 'приход', 'янукович', 'власть', 'несколько', 'обнадеживать', 'тенденция', 'должный', 'российский', 'начать', 'активный', 'присутствие', 'территория', 'который', 'потерять', 'продвигаться', 'далеко', 'налаживать', 'стратегический', 'отношение', 'евросоюз']"
0,1,0,1,0,0,0,0,0,0,0,0,1,0,0,0,0,0,1,0,0,1,"['молодой', 'человек', 'который', 'готовый', 'открыть', 'бизнес', 'окончание', 'учреждение', 'профессиональный', 'образование', 'бизнес-инкубатор', 'знак-кавычки']"
1,1,1,1,1,1,1,1,1,1,1,1,1,1,1,1,1,1,1,1,1,1,"['плескаться', 'грязный', 'вода', 'сильно', 'рисковать', 'кишечный', 'инфекция']"
0,1,1,0,0,0,0,0,0,0,0,0,1,0,0,0,0,0,0,0,0,1,"['усердно', 'перемалывать', 'полигон', 'текстура', 'отвлекаться', 'конвейер', 'выдавать', 'четверка', 'отрендеренный', 'фрагмент', 'специальный', 'буфер', 'который', 'любой', 'освободиться', 'блок', 'знак-кавычки']"
1,1,1,1,1,1,1,1,1,1,1,1,1,0,0,1,1,1,1,1,1,1,"['плюрализм', 'школьный', 'программа', 'провозгласить', 'заря', 'перестройка', 'радостно', 'некоторый', 'школа', 'мнение', 'депутат', 'зайти', 'чересчур', 'далеко']"
0,0,0,0,0,0,0,0,0,1,1,0,0,0,0,0,1,0,1,0,1,1,"['приходиться', 'осваивать', 'практика', 'друг', 'отдельный', 'наработка']"
0,1,0,0,1,0,1,0,1,1,1,1,1,0,0,1,1,1,1,1,1,1,"['маршалл', 'отмечать', 'витать', 'воздух', 'нечто', 'особенный', 'стоять', 'один', 'человек', 'высказать', 'новый', 'идея', 'другой', 'дополнять', 'собственный', 'предложение', 'знак-кавычки', 'знак-кавычки']"
1,1,0,0,1,1,0,1,0,0,0,0,1,0,0,0,0,0,0,0,0,1,"['йоркширский', 'терьер', 'бивер', 'домашний', 'собачка', 'шанс', 'болезнь', 'случайный', 'клещ', 'представляться', 'реальный', 'охотничий', 'собака']"
1,1,0,1,1,1,1,1,1,1,1,1,1,1,1,1,1,1,1,1,1,1,"['новый', 'вирусный', 'группа', 'смешиваться', 'старый', 'мутировать', 'осень', 'крылатый', 'путешественник', 'новообразованный', 'штамм']"
0,1,0,1,0,0,0,0,0,0,0,0,1,0,1,0,0,0,1,0,0,1,"['идея', 'акция', 'родиться', 'начало', 'ноябрь', 'новый', 'руководство', 'клуб']"
1,1,1,1,1,1,1,1,1,1,1,1,1,1,1,1,1,1,1,1,1,1,"['действительно', 'настаивать', 'дмитрий', 'гутов', 'формальный', 'метод', 'борец', 'формализм', 'новый', 'версия', 'выпятить', 'первый', 'план']"
1,1,0,0,1,1,1,1,1,1,1,1,1,0,1,1,1,1,1,1,1,1,"['отец', 'мать', 'обращаться', 'родные', 'слово', 'пожелание', 'начинать', 'читать', 'молитва', 'отче', 'который', 'знак-кавычки']"
1,0,0,1,1,1,1,1,1,1,1,1,0,0,1,1,1,1,1,1,1,1,"['произведение', 'гибсон', 'стерлинг', 'вспыхнуть', 'литературный', 'небосклон', 'зарница', 'новый', 'направление', 'фантастика', 'идея', 'киберпанк', 'художник', 'кинематографист']"
1,1,0,0,1,1,1,1,1,1,1,1,1,0,0,1,1,1,1,1,1,1,"['нередкий', 'несчастный', 'случай', 'купальщик', 'природный', 'водоем', 'учитывать', 'современный', 'экология', 'кожный', 'заболевание']"
1,0,0,0,1,1,1,1,1,1,1,1,0,0,0,1,1,1,1,1,1,1,"['надеть', 'одежда', 'который', 'соприкасаться', 'тело', 'больной', 'человек', 'вытереться', 'полотенце', 'недавно', 'вытираться', 'грибок']"
0,1,0,1,0,0,1,0,1,1,1,0,1,1,1,0,1,0,1,0,1,1,"['идея', 'ришат']"
1,1,1,0,1,1,1,1,1,1,1,1,1,0,0,1,1,1,1,1,1,1,"['бэт', 'заболеть', 'скарлатина', 'семейство', 'бедняк', 'который', 'опекать']"
0,0,1,1,0,0,0,0,1,0,0,0,1,0,0,0,0,0,1,0,0,1,"['космин', 'жить', 'румыния', 'вовремя', 'суметь', 'актуальный', 'волна', 'приобрести', 'статус', 'серьезный', 'фигура', 'даб', 'степ', 'сцена', 'международный', 'масштаб']"
0,0,0,0,0,0,0,0,0,0,0,0,0,0,0,0,0,0,1,0,0,1,"['настройка', 'минимум', 'просто', 'активировать', 'плагин', 'работать', 'автоматически', 'картинка', 'блог']"
0,0,1,1,0,0,0,0,0,0,0,0,0,0,1,0,0,0,1,0,0,1,"['протяжение', 'получас', 'темнота', 'медленно', 'покрывать', 'водоем', 'поверхность', 'часто', 'появляться', 'плотвица', 'насекомое', 'выдавать', 'громкий', 'всплеск']"
0,0,1,0,0,0,0,0,0,0,0,0,1,0,0,0,0,0,1,0,0,1,"['никто', 'гарантировать', 'погибнуть', 'первый', 'болячка', 'привить']"
0,0,0,0,0,0,0,0,0,0,0,0,0,0,0,0,0,0,1,0,0,1,"['должный', 'читать', 'пьеса', 'слышать', 'другой', 'персонаж', 'текст', 'язык', 'понимать', 'заканчивать', 'мысль', 'продолжить', 'пример', 'русский']"
0,1,1,1,0,0,1,0,1,1,1,0,1,1,1,0,1,0,1,0,1,1,"['определять', 'феноменология', 'смех', 'обстоятельство', 'нервно', 'мускульный', 'реакция', 'разбудить', 'мысль', 'порыв', 'перехватывать', 'инициатива', 'смеяться', 'находить', 'смешной', 'другой', 'продолжать', 'облегчать', 'любой', 'подмена']"
0,0,0,0,0,0,0,0,0,0,0,0,1,0,0,0,0,0,1,0,0,1,"['человек', 'страдать', 'психический', 'заболевание', 'ждать', 'мрачный', 'будущее', 'фармацевтический', 'компания', 'отказываться', 'исследование', 'данный', 'область', 'некого', 'эстафета']"
1,0,0,1,1,0,1,0,1,1,1,0,0,0,1,0,1,0,1,0,1,1,"['фраза', 'другиме', 'жжист', 'который', 'сабж', 'получить', 'прозвище', 'трактор', 'знак-кавычки']"
0,0,0,0,0,0,0,0,0,0,0,0,1,0,0,0,0,0,1,0,0,1,"['лозунг', 'революционный', 'организация', 'народник', 'большевик', 'эсер']"
0,0,0,0,0,0,0,0,0,0,0,0,0,0,0,0,0,0,1,0,0,1,"['думать', 'девушка', 'жизнь', 'год', 'отношение', 'постоянно', 'заниматься', 'секс', 'измученный', 'недуг', 'терпеть', 'знать']"
1,0,1,1,1,1,1,1,1,1,1,1,1,0,0,1,1,1,1,1,1,1,"['год', 'уход', 'группа', 'автограф', 'виктор', 'михалина', 'сергей', 'дело', 'работать', 'момент', 'роспуск', 'участвовать', 'концерт', 'знак-кавычки']"
0,0,0,0,0,0,0,0,0,0,0,0,0,0,0,0,0,0,1,0,0,1,"['солнце', 'помочь', 'пополнение', 'запас', 'витамин', 'учитывать', 'ангина', 'возникать', 'лето', 'проблематичный', 'вдобавок', 'простуда']"
0,0,0,0,0,0,0,0,0,0,0,0,0,0,0,0,0,0,1,0,0,1,"['дружно', 'быстро', 'лозунг', 'бросить', 'общество', 'друг', 'воздушный', 'флот', 'крылатый', 'кулак', 'украсить', 'знак', 'грудь', 'знакомый', 'молчаливый', 'клятва', 'создать', 'живой', 'отряд', 'ультиматум', 'месяц', 'журнал', 'самолет', 'знак-кавычки', 'знак-кавычки', 'знак-кавычки']"
0,1,0,0,0,0,0,0,0,0,0,0,1,0,0,0,0,0,1,0,0,1,"['самый', 'ранний', 'карликовый', 'ирис', 'см', 'зацветать', 'второй', 'половина', 'май', 'вслед', 'эстафета', 'интермедиа', 'эффектный', 'высокий', 'бородатый', 'первый', 'июнь', 'радовать', 'глаз', 'начало', 'июль']"
0,0,0,0,0,0,0,0,0,0,0,0,0,0,0,0,0,0,1,0,0,1,"['любой', 'время', 'год', 'часто', 'происходить', 'зима', 'весна', 'период', 'ослабление', 'организм', 'чрезмерный', 'перенапряжение']"
0,0,0,1,0,0,0,0,0,1,1,0,0,0,1,0,0,0,1,0,0,1,"['сегодня', 'большой', 'возможность', 'инфекция', 'передаваться', 'воздушно-капельный', 'путь']"
0,0,0,0,0,0,0,0,0,0,0,0,0,0,0,0,0,0,1,0,0,1,"['прихожая', 'перспектива', 'пространство', 'подчеркивать', 'зеркало', 'противоположный', 'направление', 'эстафета', 'пейзажный', 'роспись']"
0,1,0,0,0,0,0,0,0,0,0,0,1,0,0,0,0,0,1,0,0,1,"['знание', 'хаотично', 'бег', 'голова', 'правило', 'задерживаться', 'ненадолго']"
0,0,0,0,0,0,0,0,0,0,0,0,0,0,0,0,0,0,1,0,0,1,"['работа', 'коллега', 'андрей', 'киселев', 'директор', 'фирма', 'бизнес', 'консалтинг', 'знак-кавычки', 'знак-кавычки']"
0,1,1,1,0,0,0,0,0,0,0,0,1,1,1,0,0,0,1,0,0,1,"['мягкий', 'покачивать', 'мелодия', 'начало', 'тело', 'тихонько', 'раскачивать', 'невидимый', 'челн', 'спокойный', 'вода', 'мерно', 'текущий', 'огромный', 'недвижимый', 'скала', 'покрыть', 'лес', 'мох', 'гасить', 'эхо']"
0,1,0,0,0,0,0,0,0,0,0,0,1,0,0,0,0,0,1,0,0,1,"['разработка', 'игра', 'завершать', 'специалист', 'дочерний', 'студия', 'эстафета', 'компания']"
0,1,0,1,0,0,1,0,1,1,1,0,1,0,1,0,1,0,1,0,1,1,"['существовать', 'инноватор', 'человек', 'который', 'инновация', 'развивать', 'система', 'образование', 'молодежь', 'эстафета']"
1,1,0,0,1,1,0,1,0,1,0,1,0,0,0,1,0,1,1,1,0,1,"['ответ', 'прозвучать', 'делегат', 'пожелание', 'говорить', 'народ', 'простой', 'язык', 'знамя', 'доклад', 'ирина', 'муцуовна', 'начинать', 'речь', 'поразительно', 'фраза', 'главный', 'проблема', 'интеллектуал', 'область', 'абсолютный', 'дезориентация', 'поток', 'информация', 'который', 'существовать', 'государственный', 'уровень', 'словно']"
0,0,0,0,0,0,0,0,0,0,0,0,1,0,0,0,0,0,1,0,0,1,"['падать', 'боец', 'видеть', 'идти', 'смена', 'упасть', 'знамя', 'нести', 'далеко', 'вперед']"
0,0,0,0,0,0,0,0,0,0,0,0,0,0,0,0,0,0,1,0,0,1,"['появляться', 'идея', 'инновационный', 'инфраструктура', 'нести', 'способный', 'воплотить', 'инновация', 'технологический', 'процесс']"
0,1,0,0,0,0,0,0,0,0,0,0,1,0,0,0,0,0,1,0,0,1,"['эстафета', 'радио', 'ехать', 'машина', 'заботливый', 'ди-джей', 'момент', 'думать', 'позитивный', 'сказать', 'наполнить', 'утро', 'новый', 'краска', 'запах', 'спонсорский', 'кофе']"
0,1,1,1,0,0,0,0,0,0,0,0,0,1,1,0,0,0,1,0,0,1,"['знамя', 'соревновательность', 'самый', 'рождение', 'один', 'ребенок', 'начинать', 'сравнивать', 'другой', 'хорошо', 'учиться', 'кушать', 'хороший', 'зуб', 'оценка']"
0,0,0,0,0,0,0,0,0,0,0,0,1,0,0,0,0,0,1,0,0,1,"['покупатель', 'волна', 'продажа', 'недвижимость', 'цена', 'год', 'сегодня', 'предлагаться', 'инфраструктура', 'например', 'непрерывный', 'подача', 'вода', 'никакой', 'перебой', 'электричество']"
0,1,0,1,0,0,0,0,0,0,0,0,1,0,1,0,0,0,1,0,0,1,"['посещение', 'храм', 'сродни', 'дезинфекция', 'энергия', 'который', 'человеческий', 'общество']"
0,0,0,0,0,0,0,0,0,0,0,0,1,0,0,0,0,0,1,0,0,1,"['ленобласть', 'инициатива', 'создание', 'форма', 'местный', 'самоуправление', 'самый', 'начало']"
0,1,0,0,0,0,0,0,0,0,0,0,1,0,0,0,0,0,1,0,0,1,"['обязательно', 'соблюдать', 'правило', 'личный', 'гигиена', 'существовать', 'возможность', 'кишечный', 'инфекция']"
0,0,0,0,0,0,0,0,0,0,0,0,0,0,0,0,0,0,1,0,0,1,"['практика', 'интуиция']"
0,1,0,0,0,0,1,0,1,1,1,0,1,0,1,0,1,0,1,0,1,1,"['интересный', 'конструктивный', 'решение', 'который', 'наверняка', 'другой', 'производитель', 'сталь', 'линейный', 'счетчик', 'минута', 'указатель', 'положение', 'заводной', 'головка', 'завод', 'корректировка', 'время', 'нейтраль', 'расположиться', 'нижний', 'часть', 'циферблат', 'знак-кавычки']"
0,1,0,0,0,0,0,0,0,0,0,0,1,0,0,0,0,0,1,0,0,1,"['напротив', 'личность', 'самоотверженный', 'доктор', 'оценить', 'достоинство', 'возбуждать', 'злорадный', 'улюлюкание', 'сожаление', 'бульварный', 'печать', 'положение', 'пониматься', 'народ', 'жалкий', 'исполнительность', 'продажный', 'умник']"
0,1,0,1,0,0,0,0,0,0,0,0,1,0,1,0,0,0,1,0,0,1,"['межкомнатный', 'дверь', 'усиливать', 'первый', 'впечатление', 'подтверждать', 'отличный', 'вкус', 'знак-кавычки']"
0,1,0,1,0,0,0,0,0,0,0,0,0,0,1,0,0,0,1,0,0,1,"['ролик', 'насколько', 'понимать', 'дружеский', 'отношение', 'навальный', 'компания']"
0,1,0,0,0,0,0,0,0,0,0,0,1,0,0,0,0,0,1,0,0,1,"['редкий', 'зараза', 'единственный', 'случай', 'россия', 'африка', 'гостеприимный', 'каннибал', 'который', 'николай', 'приличие', 'жрать', 'отравить', 'мясо']"
0,1,0,0,0,0,0,0,0,0,0,0,1,0,0,0,0,0,1,0,0,1,"['следовать', 'свести', 'минимум', 'общение', 'человек', 'заразить', 'другой', 'бактериальный', 'инфекция', 'который', 'легкость', 'проникнуть', 'ослабить', 'вирус', 'организм', 'усугубить', 'течение', 'заболевание', 'потребовать', 'прием', 'антибиотик']"
0,1,0,1,0,0,0,0,0,0,0,0,1,1,1,0,0,0,1,0,0,1,"['высокий', 'вероятность', 'вирус', 'последний', 'группа', 'женщина', 'метаболический', 'синдром', 'ожирение', 'лицо', 'хронический', 'заболевание', 'бронхиальный', 'астма', 'сахарный', 'диабет', 'беременный']"
0,0,0,0,0,0,0,0,0,0,0,0,1,0,0,0,0,0,1,0,0,1,"['вокруг', 'завертеться', 'ветер', 'забирать', 'круг', 'завиваться', 'вихрь', 'таинственный', 'маг', 'крыло']"
0,0,0,0,0,0,0,0,0,0,0,0,0,0,0,0,0,0,1,0,0,1,"['способ', 'понятно', 'легко', 'грибок', 'вода', 'который', 'отмачивать', 'стопа', 'питательный', 'среда', 'инфекция']"
0,0,0,1,0,0,0,0,0,0,0,0,0,0,1,0,0,0,1,0,0,1,"['древний', 'москва', 'далекий', 'европейский', 'образ', 'жизнь', 'долго', 'оставаться', 'мир', 'большой', 'деревня', 'подчеркивать', 'самобытность', 'охотно', 'тютчевский', 'слово', 'ум', 'россия', 'понять', 'поддерживать', 'сорок', 'купецкий', 'кабацкий', 'застрять', 'полпути', 'прогресс', 'петербург', 'знак-кавычки', 'знак-кавычки', 'знак-кавычки', 'знак-кавычки', 'знак-кавычки', 'знак-кавычки']"
0,0,0,1,0,0,0,0,0,0,0,0,0,1,1,0,0,0,1,0,0,1,"['подошвенный', 'бородавка', 'душа', 'бассейн', 'знак-кавычки']"
0,0,0,0,0,0,0,0,0,0,0,0,0,0,0,0,0,0,1,0,0,1,"['идея', 'организация']"
0,0,0,0,0,0,0,0,0,0,0,0,1,0,0,0,0,0,1,0,0,1,"['неплохой', 'подход', 'основа', 'движкостроение', 'познакомиться', 'принцип', 'узнать', 'новый']"
0,0,0,1,0,0,0,0,0,0,0,0,1,0,0,0,0,0,1,0,0,1,['приезжать']
0,1,0,0,0,0,0,0,0,0,0,0,1,0,0,0,0,0,1,0,0,1,"['отец', 'педагог', 'редакционный', 'заочный', 'разговор', 'зоя', 'альбертовна', 'гарисов']"
0,0,0,0,0,0,0,0,0,0,0,0,0,0,0,0,0,0,1,0,0,1,"['обратить', 'внимание', 'слово', 'один', 'критик', 'российский', 'зарубежье', 'который', 'именовать', 'творчество', 'бунин', 'плач', 'последний', 'сосна', 'собственный', 'говорить', 'свести', 'бор', 'знак-кавычки']"
0,0,0,0,0,0,1,0,1,1,1,0,1,0,0,0,1,0,1,0,1,1,"['самый', 'указать', 'один', 'первоисточник', 'дезинформация', 'который', 'сначала', 'шатилов', 'переверткин', 'пойти', 'гулять', 'команда', 'выскочить', 'верх', 'принятый', 'окончательно', 'закрепить', 'отечественный', 'история']"
0,0,0,1,0,0,0,0,0,0,0,0,0,0,1,0,0,0,1,0,0,1,"['диктор', 'пчела', 'деньги']"
0,1,0,0,0,0,0,0,0,0,0,0,1,0,0,0,0,0,1,0,0,1,"['рассказ', 'маленький', 'слушатель', 'дважды', 'включаться', 'игра', 'развивать', 'затронуть', 'тема']"
0,0,0,1,0,0,0,0,0,0,0,0,1,0,1,0,0,0,1,0,0,1,"['посещать', 'тренажерный', 'зал', 'бассейн', 'помнить', 'приносить', 'справка', 'удовлетворительный', 'состояние', 'здоровье', 'посетитель', 'существовать', 'вероятность', 'инфекция', 'некоторый', 'случай', 'грибок']"
1,1,0,0,1,0,0,0,0,0,0,1,1,0,0,1,0,1,1,1,0,1,"['большой', 'риск', 'вирусный', 'инфекция', 'хорошо', 'соваться', 'толпа']"
0,0,0,0,0,0,0,0,0,0,0,0,0,0,0,0,0,0,1,0,0,1,"['холод', 'недолго', 'насморк', 'дом']"
0,0,1,0,0,0,0,0,0,0,0,0,0,1,1,0,0,0,1,0,0,1,"['тема', 'сюжет', 'калининградский', 'художник', 'естественный', 'образ', 'локальный', 'мейнстрим', 'переходить', 'разряд', 'общеевропейский', 'заставлять', 'считаться', 'искусство', 'легко', 'красиво', 'вписать', 'европейский', 'западный', 'азиатский', 'русский', 'восточный', 'контекст']"
0,0,0,0,0,0,0,0,0,0,0,0,0,1,0,0,0,0,1,0,0,1,"['америкос', 'одновременно', 'сталь', 'шнуровать', 'ботинок', 'процессия', 'сойти', 'крутяк']"
0,0,1,0,0,0,0,0,0,0,0,0,1,0,0,0,0,0,1,0,0,1,"['определение', 'немытый', 'россия', 'приклеить', 'ярлык', 'русский', 'знак-кавычки']"
1,0,0,0,1,0,0,0,0,0,0,0,0,0,0,0,0,0,1,0,0,1,"['забеременнеть', 'болезнь', 'половой', 'путь', 'никто', 'застраховать']"
1,1,0,0,1,1,1,1,1,1,1,1,0,0,0,1,1,1,1,1,1,1,"['восторженно', 'зал']"
0,1,0,0,0,0,0,0,0,0,0,0,1,0,0,0,0,0,1,0,0,1,"['здравствовать', 'слышать', 'заниматься', 'секс', 'здоровый', 'девушка', 'вялотекущий', 'инфекция', 'год', 'вылиться', 'простатит']"
0,0,0,1,0,0,0,0,0,0,0,0,0,0,1,0,0,0,1,0,0,1,"['газета', 'абзац', 'курьер', 'карьер', 'который', 'заявляться', 'честь', 'открытие', 'принадлежать', 'некий', 'мистер', 'джульстон', 'брунсвик', 'штат', 'мена', 'сознаваться', 'сила', 'ряд', 'причина', 'представляться', 'несколько', 'апокрифический', 'самый', 'заявление', 'ничто', 'невозможный', 'невероятный', 'знак-кавычки']"
0,0,0,1,0,0,0,0,0,0,0,0,0,0,1,0,0,0,1,0,0,1,"['народ', 'нарастать', 'градус', 'недовольство', 'бороться', 'власть']"
0,1,0,1,0,0,0,0,0,0,0,0,1,0,0,0,0,0,1,0,0,1,"['изредка', 'волна', 'переносить', 'вперед', 'очередной', 'сантиметр', 'словно']"
0,0,0,1,0,0,0,0,0,0,0,0,0,0,1,0,0,0,1,0,0,1,"['работа', 'несложно', 'самый', 'настоящий', 'аллергия']"
0,1,0,0,0,0,0,0,0,0,0,0,1,0,0,0,0,0,0,0,0,1,"['парень', 'игра', 'рука', 'оказываться', 'тросточка', 'голова', 'нахлобучивать', 'канотье', 'негритянка', 'хватать', 'зонтик']"
0,0,0,0,0,0,0,0,0,0,0,0,1,0,0,0,0,0,1,0,0,1,"['леха', 'экспрессивный', 'содрогаться', 'заканчивать', 'строчка', 'немой', 'зал', 'охотно', 'помогать', 'концовка', 'фраза', 'знак-кавычки']"
0,0,0,0,0,0,0,0,0,0,0,0,0,0,1,0,0,0,1,0,0,1,"['денис', 'начинать', 'колотить', 'зал', 'ритм', 'звонко', 'хлопать', 'леха', 'пулеметный', 'очередь', 'чеканить', 'строка']"
0,0,0,0,0,0,0,0,0,0,0,0,0,0,0,0,0,0,1,0,0,1,"['чувство', 'стремительность', 'упоение', 'сражение', 'переносить', 'игрок', 'сторона', 'экран', 'знак-кавычки']"
0,0,0,1,0,0,1,0,1,1,1,0,0,0,0,0,1,0,1,0,1,1,"['публика', 'понимать', 'быстро', 'условие', 'игра', 'весело', 'аплодировать', 'принимать', 'самый', 'деятельный', 'участие', 'происходить']"
1,1,0,0,1,1,0,1,0,0,0,1,1,0,0,1,0,1,1,1,0,1,"['сказать', 'средний', 'класс', 'зажить', 'хорошо', 'следовательно', 'ожидать', 'весенний', 'рост', 'который', 'говорить', 'превзойти', 'осень']"
0,0,0,0,0,0,1,0,0,1,1,0,1,0,0,0,1,0,1,0,0,1,"['результат', 'вывод', 'неспособность', 'естественный', 'отбор', 'новый', 'полезный', 'наследственный', 'изменение', 'который', 'мгновенно', 'растворяться', 'система', 'заболачивать', 'скрещивание', 'знак-кавычки', 'знак-кавычки', 'знак-кавычки']"
1,0,0,0,1,1,1,1,1,1,1,1,0,0,0,1,1,1,1,1,1,1,"['вывод', 'признак', 'исчезать', 'быстро', 'естественный', 'отбор', 'успевать']"
1,1,0,0,1,1,1,1,1,1,1,1,1,0,0,1,1,1,1,1,1,1,"['сатира', 'помин', 'юмор', 'постоянно', 'вспыхивать', 'жизнь', 'представать', 'незатейливый', 'прелесть', 'красота', 'впервые', 'новый', 'время', 'явиться', 'новелла', 'эпоха', 'возрождение', 'гоголь', 'повесть', 'книга', 'вечер', 'хутор', 'диканька', 'миргород', 'петербургский']"
1,1,1,1,1,1,1,1,1,1,1,1,1,1,1,1,1,1,1,1,1,1,"['бренд', 'который', 'подниматься', 'лицо', 'игрок', 'просто']"
1,0,1,1,1,1,1,1,1,1,1,1,0,1,1,1,1,1,0,1,1,1,"['успеть', 'английский', 'ювелир', 'порадовать', 'драгоценный', 'гарнитура', 'идея', 'бельгийский', 'собрат']"
0,0,1,0,0,0,0,0,0,0,0,0,0,1,0,0,0,0,0,0,0,1,"['хорошо', 'простуда', 'умереть', 'удушье']"
0,0,1,1,0,0,0,0,0,0,0,0,0,1,1,0,0,0,0,0,0,1,"['выставка', 'москва', 'являться', 'преемница', 'эстафета', 'начать', 'год', 'лондон', 'утрехт', 'париж', 'милан', 'стокгольм', 'нью-йорк', 'брюссель', 'торонто']"
1,1,0,0,1,1,1,1,1,1,1,1,1,1,0,1,1,1,0,1,1,1,"['сотня', 'человек', 'подпевать', 'вспоминать', 'молодость']"
1,1,1,1,1,1,1,1,1,1,1,1,1,0,1,1,1,1,0,1,1,1,"['энергия', 'различный', 'происходить', 'земля', 'схватка', 'борьба']"
0,0,1,1,0,0,0,0,0,0,0,0,1,1,1,0,0,0,0,0,0,1,"['гордиться', 'знамя', 'страна', 'мир', 'гордо', 'реять', 'флаг', 'свердловский', 'область', 'ребята', 'честь', 'нести', 'табличка', 'надпись', 'педагог', 'знак-кавычки']"
0,0,1,1,0,1,1,0,1,1,1,1,0,1,1,1,1,1,0,1,1,1,"['нежный', 'быстрый', 'мелодия', 'нести', 'классический', 'волна', 'ручеек', 'игрушечный', 'кораблик', 'далекий', 'детство', 'который', 'смастерить', 'словно']"
1,1,1,1,1,1,1,1,1,1,1,1,1,1,1,1,1,1,0,1,1,1,"['действительно', 'горизонталь', 'балкон', 'вторить', 'плавный', 'текучий', 'полоса', 'завершение', 'ризалит', 'вертикальный', 'строй', 'эркер', 'островерхий', 'башенка']"
0,1,0,1,0,0,1,0,1,1,1,0,1,1,0,0,1,0,0,0,1,1,"['печальный', 'эстафета', 'опера', 'год', 'саратовский', 'театр', 'юный', 'зритель']"
1,1,1,1,1,1,1,1,1,1,1,1,0,1,1,1,1,1,0,1,1,1,"['пикуль', 'успешно', 'разработать', 'тиражировать', 'агитационный', 'механизм', 'воздействие', 'массовый', 'литература', 'сознание', 'неподготовленный', 'читатель', 'постсоветский', 'период', 'эдвард', 'радзинский']"
1,1,1,1,1,1,1,1,1,1,1,1,1,1,1,1,1,1,0,1,1,1,"['зря', 'бумага', 'легко', 'атипичный']"
1,0,0,1,1,1,1,1,1,1,1,1,0,0,1,1,1,1,0,1,1,1,"['человек', 'пропасть', 'ветр', 'снежинка']"
1,1,1,1,1,1,1,1,1,1,1,1,0,1,1,1,1,1,0,1,1,1,"['пытаться', 'запускать', 'индекс', 'плеер']"
1,1,0,1,1,1,1,1,1,1,1,1,1,1,1,1,1,1,0,1,1,1,"['колоть', 'самый', 'приятный', 'укол', 'врач', 'прямой', 'текст', 'говорить', 'разборчиво', 'связь', 'предохраняться', 'данный', 'заболевание', 'передаваться', 'исключительно', 'половой', 'путь', 'мужчина', 'сила', 'строение', 'орган', 'баня', 'бассейн', 'продолжать', 'любить', 'придумывать', 'любой', 'объяснение', 'выгораживать']"
1,0,1,1,1,1,1,1,1,1,1,1,0,1,1,1,1,1,0,1,1,1,"['год', 'олег', 'лавричев', 'возглавлять', 'нижегородский', 'федерация', 'фехтование', 'исполняться', 'эстафета', 'прославленный', 'фехтовальщик', 'владимир', 'денисов', 'серебряный', 'призер', 'олимпийский', 'игра', 'мюнхен', 'чемпион', 'мир']"
1,0,1,1,1,1,1,1,1,1,1,1,0,1,1,1,1,1,0,1,1,1,"['издатель', 'сожаление', 'каждый', 'мучиться', 'зубной', 'боль', 'грипп']"
1,0,1,1,1,1,1,1,1,1,1,1,0,1,1,1,1,1,0,1,1,1,"['говорить', 'гандельсман', 'интонация', 'владислав', 'ходасевич', 'согласоваться', 'специфический', 'гандельсмановский', 'просодия', 'знак-кавычки']"
1,1,1,1,1,1,1,1,1,1,1,1,1,1,1,1,1,1,1,1,1,1,"['итог', 'италия', 'давать', 'период', 'один', 'значительный', 'писатель', 'мыслитель', 'греция', 'грекоязычный', 'малый', 'азия', 'сирия', 'африка', 'упрочивать', 'слава', 'римский', 'культура']"
1,0,0,1,1,1,1,1,1,1,1,1,0,0,1,1,1,1,0,1,1,1,"['закат', 'римский', 'империя', 'астрологический', 'знание', 'арабоязычный', 'ученый']"
1,1,0,1,1,1,1,1,1,1,1,1,0,1,1,1,1,1,0,1,1,1,"['танк', 'должный', 'искра', 'отвести', 'далеко', 'остальной']"
1,0,1,0,1,1,1,1,1,1,1,1,0,1,1,1,1,1,0,1,1,1,"['эманирование', 'старый', 'этнос', 'порождать', 'новый', 'символический', 'модальность', 'сознание', 'растворяться', 'генофонд', 'исчерпывать', 'трансцендентный', 'интенциональность', 'исторический', 'миссия', 'эстафета', 'породить', 'ментальность', 'всеобщий', 'креативный', 'процесс', 'оказаться', 'наиболее', 'продвинутый', 'проявить', 'онтологический', 'пространство', 'бытие']"
1,0,1,1,1,1,1,1,1,1,1,1,0,1,1,1,1,1,1,1,1,1,"['женщина', 'пользоваться', 'некачественный', 'косметика', 'неизвестный', 'происхождение', 'рисковать', 'ячмень', 'часто', 'тереть', 'глаз', 'грязный', 'рука', 'вытираться', 'несвежий', 'полотенце']"
1,0,1,1,1,1,1,1,1,1,1,1,0,0,0,1,1,1,1,1,1,1,[]
1,0,0,1,1,1,1,1,1,1,1,1,0,1,1,1,1,1,0,1,1,1,"['чувство', 'ответственность', 'побуждать', 'актер', 'идти', 'навстречу', 'творческий', 'инициатива', 'партнер', 'развивать']"
1,1,1,1,1,1,1,1,1,1,1,1,0,1,1,1,1,1,0,1,1,1,"['любопытствующий', 'желать', 'идея', 'оставлять', 'следующий', 'текст']"
1,0,1,1,1,1,1,1,1,1,1,1,1,1,1,1,1,1,0,1,1,1,"['алекс', 'комфорт', 'светить', 'советско-американский', 'сексология', 'выносить', 'анальный', 'секс', 'скобка', 'взывать', 'благоразумие', 'читатель', 'вероятность', 'неприятный', 'болячка', 'контакт', 'оказываться', 'несоизмеримо', 'большой', 'получать', 'удовольствие']"
1,0,1,1,1,1,1,1,1,1,1,1,0,1,1,1,1,1,0,1,1,1,"['эльф', 'известно', 'многое', 'никто', 'новость', 'лет', 'быстро', 'падать', 'водопад', 'узнавать', 'твориться', 'земля']"
0,0,0,1,0,0,0,0,0,0,0,1,0,1,1,1,0,1,0,1,0,1,"['бэрд', 'дать', 'золото', 'житель', 'озерный', 'город', 'бургомистр', 'принадлежать', 'сорт', 'человек', 'легко', 'зараза', 'заболеть', 'драконовый', 'болезнь', 'забрать', 'сбегать', 'дикий', 'край', 'умереть', 'голод']"
1,0,1,1,1,1,1,1,1,1,1,1,0,1,1,1,1,1,0,1,1,1,"['идея', 'доводить', 'конец', 'выдавалл', 'больше', 'интересовать', 'считать', 'случай', 'другой', 'должный', 'реализовать']"
1,0,1,1,1,1,1,1,1,1,1,1,0,1,1,1,1,1,0,1,1,1,"['примитивный', 'баптистский', 'попевка', 'который', 'человек', 'вовлекать', 'соборный', 'молитва', 'концерт', 'бортнянский', 'ведель']"
0,0,1,1,0,0,0,0,0,0,0,0,0,1,1,0,0,0,0,0,0,1,"['п.', 'астафьев', 'назвать', 'роман', 'жестоко', 'задавать', 'самый', 'тональность', 'повествование', 'форсирование', 'днепр', 'эпиграф', 'многозначительно', 'взять', 'писатель', 'евангелие', 'тема', 'убивать']"
1,0,0,1,1,1,1,1,1,1,1,1,1,0,1,1,1,1,0,1,1,1,"['радость', 'будущий', 'мама', 'сказать', 'период', 'беременность', 'шанс', 'заболевание', 'относительно', 'большой']"
1,0,0,0,1,1,1,1,1,1,1,1,1,0,0,1,1,1,0,1,1,1,"['впервые', 'опробовать', 'автомобиль', 'другой', 'производитель', 'идея', 'днище', 'пластмасса', 'входить', 'стандартный', 'комплектация']"
1,1,0,0,1,1,0,1,0,0,0,1,1,0,0,1,0,0,0,0,0,1,"['песня', 'исполнить', 'гитара', 'дружно', 'аудитория', 'кораблик', 'заветный', 'мечта', 'написать', 'надолго', 'остаться', 'память', 'ребенок']"
1,0,1,0,1,1,1,1,0,1,1,1,1,0,0,1,0,1,0,1,1,1,"['частый', 'вдыхание', 'тонер', 'множество', 'заболевание', 'астма', 'силикоз', 'потребоваться', 'год', 'вредный', 'стать', 'нарушение', 'гормональный', 'система', 'головной', 'боль']"
0,0,1,1,0,0,0,0,0,0,0,0,0,0,1,0,0,0,0,0,0,1,"['фактик', 'ребенок', 'увидеть', 'далеко', 'взвести', 'обвинение', 'воровство']"
0,0,1,1,0,0,0,0,0,0,0,0,0,0,1,0,0,0,0,0,0,1,"['журналист', 'словцо', 'передавать', 'газета', 'благоговение', 'истинный', 'видеть', 'сердце', 'самый', 'православный', 'дело', 'чувствовать', 'читать', 'статья', 'знак-кавычки']"
0,1,0,0,0,0,0,0,0,0,0,0,1,0,0,0,0,0,0,0,0,1,"['важно', 'первый', 'инициатива', 'случай', 'дать', 'трактовка', 'событие']"
0,0,1,1,0,0,0,0,0,0,0,0,1,0,1,0,0,0,0,0,0,1,"['рядом', 'массовка', 'человек', 'лозунг']"
1,0,1,1,1,1,1,1,1,1,1,1,0,1,1,1,0,1,0,1,1,1,['бассейн']
0,1,0,0,0,0,0,0,0,0,0,0,1,1,0,0,0,0,0,0,0,1,"['употреблять', 'регулярно', 'имбирь', 'вероятность', 'простудиться', 'грипп', 'маленький']"
0,0,1,1,0,0,0,0,0,0,0,0,0,0,0,0,0,0,0,0,0,1,"['стоить', 'появиться', 'город', 'роспись', 'ракушка', 'технический', 'строение', 'замечательный', 'идея', 'дачник', 'знак-кавычки']"
0,0,0,0,0,0,0,0,0,0,0,0,1,0,0,0,0,0,0,0,0,1,"['завтра', 'некого', 'знамя', 'прикладной', 'наука', 'организатор', 'конкурс', 'санкт-петербург', 'уверенный', 'задача', 'первостепенный', 'важность', 'анализ', 'обсуждение', 'возможность', 'сотрудничество', 'бизнес', 'специализированный', 'средний', 'школа', 'включение', 'производство', 'жизнь', 'современный', 'учащийся', 'сказать', 'председатель', 'оргкомитет', 'илья', 'александрович', 'чистяков', 'руководитель', 'питерский', 'лаборатория', 'непрерывный', 'математический', 'образование', 'воспитанник', 'активно', 'результативный', 'участвовать', 'первый', 'год', 'знак-кавычки', 'знак-кавычки']"
1,0,1,1,1,1,0,1,0,0,0,0,0,1,1,0,0,0,0,0,0,1,"['другой', 'женщина', 'самый', 'ответственный', 'провиант', 'мечтательный', 'запросить', 'баран', 'остаться', 'дорога', 'хватить', 'знак-кавычки']"
1,0,1,0,1,1,0,1,0,0,0,0,0,1,0,0,0,0,0,0,0,1,"['ситуация', 'меняться', 'точечный', 'подобный', 'исследование', 'пояснить', 'знак-кавычки']"
1,1,1,1,1,1,1,1,1,0,0,1,1,1,1,1,1,1,0,1,1,1,"['лыжный', 'агитпробег', 'один', 'первый', 'пространство', 'советский', 'союз', 'мгновенно', 'сотня', 'тысяча', 'молодой', 'человек']"
0,0,1,1,0,0,0,0,0,0,0,0,0,1,1,0,0,0,0,0,0,1,"['цель', 'верно', 'традиция', 'культура', 'страна', 'рынок']"
0,1,1,0,0,0,0,0,0,0,0,0,1,1,1,0,0,0,0,0,0,1,"['ежедневный', 'прием', 'лекарство', 'снижаться', 'иммунитет', 'легко', 'распространять', 'туберкулез', 'гепатит', 'кандидоз', 'заболевать', 'рак', 'мучительно', 'умирать']"
0,0,1,0,0,1,0,1,0,0,0,0,0,1,0,0,0,0,0,0,0,1,"['скажем', 'гипертрофированный', 'побуждение', 'самосохранение', 'человек', 'сверхтщательно', 'мыть', 'рука', 'употреблять', 'пища', 'фрукт', 'овощ', 'ошпаривание', 'кипяток', 'проявлять', 'чрезмерный', 'щепетильность', 'план', 'личный', 'гигиена', 'отказываться', 'пользоваться', 'общественный', 'транспорт', 'боязнь', 'авария', 'баня', 'туалет', 'зараза']"
1,1,1,1,1,1,1,1,1,1,1,1,0,0,1,1,1,1,0,1,1,1,"['значить', 'например', 'медлительный', 'думать', 'хотеть', 'сделать', 'данный', 'момент', 'действительно', 'время', 'просто', 'поздно', 'исправить', 'идея', 'знак-кавычки']"
1,0,1,0,1,1,1,1,1,1,1,1,0,0,0,1,1,1,0,1,1,1,"['заметить', 'щедринский', 'сатирический', 'традиция', 'широко', 'вятский', 'незабудка', 'сильный', 'передовой', 'газета', 'знак-кавычки']"
1,0,0,0,1,1,0,1,0,0,0,1,0,1,0,1,0,1,0,1,0,1,"['стакан', 'который', 'разливать', 'напиток', 'валяться', 'везде', 'слега', 'споласкивать', 'относить', 'снова', 'бар', 'инфекция', 'запросто']"
0,0,0,0,0,0,0,0,0,0,0,0,0,0,0,0,0,0,0,0,0,1,"['хотеть', 'заставить', 'тема']"
1,0,1,1,1,1,1,1,1,1,1,1,0,0,1,1,1,1,0,1,1,1,"['второй', 'срок', 'губернаторство', 'матвиенко', 'приобрести', 'характер', 'навязчивый', 'день', 'сурок', 'бесконечно', 'повторяться', 'сценарий', 'презентация', 'очередной', 'замысел', 'заваливаться', 'господин', 'джокер', 'сми', 'охотно', 'скандальный', 'тема', 'скомпрометировать', 'проект', 'проваливаться', 'волшебный', 'лукаво', 'подмигивать', 'телеэкран', 'подтверждать', 'выход', 'порочный', 'круг', 'предвидеться', 'знак-кавычки']"
1,1,0,1,1,1,1,1,1,1,1,1,1,0,1,1,1,1,0,1,1,1,"['похожий', 'симптом', 'молочница', 'вероятность', 'инфекция']"
1,1,0,1,1,1,1,1,1,1,1,1,1,0,1,1,1,1,0,1,1,1,"['компрессор', 'отвечать', 'ускорение', 'низкий', 'оборот', 'высокий', 'турбина']"
1,0,1,1,1,1,1,1,1,1,1,1,0,0,1,1,1,1,0,1,1,1,"['клевета', 'убедительно', 'опровергнуть', 'исследовательница', 'л.', 'суровова', 'статья', 'семейный', 'трагедия', 'андрей', 'платонов', 'опубликовать', 'архив', 'год', 'одновременно', 'вновь', 'монументальный', 'труд', 'бенедикта', 'сарнов', 'сталин', 'писатель', 'выйти', 'издательство', 'эксмо', 'знак-кавычки', 'знак-кавычки', 'знак-кавычки', 'знак-кавычки']"
1,1,1,1,1,1,1,1,1,1,1,1,1,1,1,1,1,1,0,1,1,1,"['бригада', 'место', 'доставлять', 'знак-кавычки']"
1,1,1,1,1,1,1,1,1,1,1,1,0,0,1,1,1,1,0,1,1,1,"['эстафета', 'светлана', 'молодежникова']"
1,1,0,0,1,1,1,1,1,1,1,1,1,1,0,1,1,1,0,1,1,1,"['предложить', 'рассмотреть', 'вопрос', 'газета', 'советский', 'россия', 'рабочий', 'трибуна', 'лозунг', 'мятежник', 'знак-кавычки', 'знак-кавычки']"
1,1,1,1,1,1,1,1,1,1,1,1,1,1,1,1,1,1,0,1,1,1,"['пройти', 'строй', 'яхта', 'летучий', 'голландец', 'грузовой', 'десантный', 'корабль', 'доставить', 'база', 'вскоре', 'ник', 'питер', 'предстать', 'командир', 'знак-кавычки']"
1,1,1,0,1,1,1,1,1,1,1,1,1,1,1,1,1,1,0,1,1,1,"['плотный', 'график', 'работа', 'высокий', 'темп', 'который', 'сложиться', 'данный', 'скальный', 'семинар', 'школа', 'вместе', 'новый', 'прием', 'обучение', 'оставить', 'яркий', 'впечатление']"
1,1,1,1,1,1,1,1,1,1,1,1,0,1,1,1,1,1,0,1,1,1,"['мутация', 'затрагивать', 'ранний', 'этап', 'онтогенез', 'скоро', 'привести', 'уродство', 'изменение', 'поздний', 'стадия', 'фатальный', 'индивидуальный', 'развитие', 'естественный', 'отбор']"
1,1,1,1,1,1,1,1,1,1,1,1,1,1,1,1,1,1,0,1,1,1,"['аналогичный', 'мысль', 'предшественник', 'аристарх', 'самосский', 'николай', 'кузанский', 'воспринять']"
1,1,1,1,1,1,0,1,0,0,0,1,1,1,1,1,0,1,0,1,0,1,"['марго', 'захотеться', 'песня', 'твой']"
1,1,1,0,1,1,1,1,1,1,1,1,1,1,1,1,1,1,0,1,1,1,"['время', 'инициатива', 'соучастник', 'клоун', 'полицейский', 'бабки', 'метла']"
1,0,1,1,1,1,1,1,1,1,1,1,0,1,1,1,1,1,0,1,1,1,"['наступать', 'подходящий', 'время', 'традиция', 'снова', 'возрождать', 'новый', 'секретный', 'общество', 'знак-кавычки']"
1,1,1,1,1,1,1,1,1,1,1,1,1,1,1,1,1,1,0,1,1,1,"['учитывать', 'стакан', 'столовая', 'бар', 'мыться', 'плохо', 'инфекция', 'простой']"
1,1,1,0,1,1,1,1,1,1,1,1,0,1,1,1,1,1,0,1,1,1,"['солярий', 'рисковать', 'меланома']"
1,0,1,1,1,1,1,1,1,1,1,1,0,1,1,1,1,1,0,1,1,1,"['например', 'покупатель', 'пользоваться', 'приложение', 'сравнивать', 'цена', 'телевизор', 'телефон', 'параметр', 'поисковый', 'запрос', 'показывать', 'реклама', 'подобный', 'предложение']"
1,0,1,1,1,1,1,1,1,1,1,1,0,1,1,1,1,1,0,1,1,1,"['нелепость', 'подобный', 'утверждение', 'энергично', 'западный', 'сми']"
1,1,1,1,1,1,1,1,1,1,1,1,1,1,1,1,1,1,1,1,1,1,"['образование', 'оптовый', 'генерировать', 'компания', 'территориально', 'межрегиональный', 'сетевой', 'предназначенный', 'разделиться', 'ао', 'вид', 'деятельность', 'знак-кавычки', 'знак-кавычки']"
1,1,1,1,1,1,1,1,1,1,1,1,0,1,1,1,1,1,1,1,1,1,"['задача', 'система', 'управление', 'разделение', 'прийти', 'новый', 'директор', 'технический', 'руководитель', 'начать', 'сыпаться', 'финансовый', 'экономический', 'блок', 'часть', 'топ-менеджер', 'уйти', 'другой', 'структура', 'знак-кавычки']"
0,0,1,1,0,0,0,0,0,0,0,0,0,1,0,0,0,0,0,0,0,1,"['первый', 'цель', 'снабжение', 'электроэнергия', 'случай', 'авария', 'знак-кавычки']"
1,0,1,1,1,1,0,1,0,0,0,1,0,1,1,1,0,1,0,1,0,1,"['вирус', 'состояние', 'просто', 'простой']"
1,1,1,1,1,1,1,1,1,1,1,1,1,1,1,1,1,1,0,1,1,1,"['ващ', 'забавно', 'наблюдать', 'легко', 'интернет', 'аудитория', 'любой', 'история', 'тема', 'оператор', 'грабить', 'народ', 'доказательство', 'никакой', 'верить', 'друг', 'пересылать', 'знак-кавычки']"
1,0,1,0,1,1,1,1,1,1,1,1,1,1,1,1,1,1,0,1,1,1,"['простуда', 'являться', 'один', 'самый', 'распространенный', 'заболевание', 'земля', 'любой', 'жаркий', 'климат']"
1,1,1,1,1,1,1,1,1,1,1,1,1,1,1,1,1,1,0,1,1,1,"['риск', 'грипп', 'значительно', 'перевешивать', 'опасность', 'аллергический', 'реакция']"
1,0,0,0,1,1,1,1,1,1,1,1,0,1,0,1,1,1,0,1,1,1,"['чрезмерно', 'преувеличенный', 'представление', 'мощь', 'впк', 'враждебность', 'идея', 'реформа', 'стать', 'основа', 'ориентация', 'правительство', 'фактический', 'ликвидация', 'крупный', 'оборонный', 'промышленность', 'использование', 'инструмент', 'негласный', 'указание', 'верхний', 'руководство', 'правительственный', 'чиновничество', 'минобороны', 'рф', 'знак-кавычки', 'знак-кавычки', 'знак-кавычки']"
1,0,1,1,1,1,1,1,1,1,1,1,0,1,1,1,1,1,0,1,1,1,"['сила', 'карма', 'мир', 'творение', 'устремляться', 'огромный', 'ураган']"
1,1,1,1,1,1,1,1,1,1,1,1,1,1,1,1,1,1,0,1,1,0,"['сидеть', 'пуфик', 'рядом', 'зеркало', 'ловко', 'дар']"
0,0,1,0,0,0,0,0,0,0,0,0,0,1,1,0,0,0,0,0,0,0,"['год', 'описывать', 'роман', 'оружие', 'эпизод', 'ранение', 'генри', 'фредерика', 'хемингуэй', 'рассказать', 'опыт', 'читатель', 'попытаться', 'вздохнуть', 'дыхание', 'почувствовать', 'вырваться', 'лететь', 'вихрь', 'знак-кавычки', 'знак-кавычки']"
0,0,1,1,0,0,0,0,0,0,0,0,0,1,1,0,0,0,0,0,0,0,"['парень', 'белый', 'волос', 'кинуться', 'падать']"
0,1,1,1,0,0,0,0,0,0,0,0,0,1,1,0,0,0,0,0,0,0,"['вскочить', 'койка', 'обувь', 'босиком', 'выскочить', 'двор']"
1,0,1,0,1,1,0,1,0,0,0,1,0,0,0,1,0,1,0,1,0,0,"['ряд', 'рабочий', 'нить', 'сделать', 'накида', 'крючок', 'ввести', 'м', 'ст', 'предыдущий', 'вывести', 'вытянуть', 'петля', 'протянуть']"
0,0,0,0,0,0,0,0,0,0,0,0,0,0,0,0,0,0,0,0,0,0,"['транспортер', 'скользящий', 'кронштейн', 'модуль', 'один', 'ячейка', 'доставлять', 'наклонный', 'плита', 'который', 'скатываться', 'вспомогательный', 'поддон']"
0,0,1,0,0,0,0,0,0,0,0,0,0,0,0,0,0,0,0,0,0,0,"['кафешок', 'склон', 'естественно', 'отличаться', 'цена', 'объем', 'порция', 'бросовый', 'городской', 'житель', 'новосибирск', 'показаться', 'родной', 'привычный', 'приятно', 'сидеть', 'заливать', 'луч', 'горный', 'солнце', 'щуриться', 'смотреть', 'подъемник', 'человек', 'борд', 'лыжа', 'увозить', 'облако', 'торопиться', 'пить', 'свежий', 'местный', 'пиво', 'заедать', 'острый', 'горячий', 'шашлык', 'думать', 'город', 'бетонный', 'дом', 'ошалеть', 'чрезмерный', 'употребление', 'телевизор', 'новогодний', 'праздник', 'тысяча', 'быстро', 'работа', 'отдыхать', 'знак-кавычки']"
0,0,1,0,0,0,0,0,0,0,0,0,0,0,0,0,0,0,1,0,0,0,"['вдох', 'легкий', 'человек', 'наполнить', 'кислород', 'сосуд', 'разносить', 'организм']"
0,1,0,0,0,0,0,0,0,0,0,0,1,0,0,0,0,0,0,0,0,0,"['успеть', 'кусочек', 'смола']"
0,0,0,1,0,0,0,0,0,0,0,0,0,0,1,0,0,0,0,0,0,0,"['запруда', 'путь', 'река', 'вести', 'катаклизм', 'память', 'природный', 'катастрофа', 'индийский', 'регион', 'хранить', 'миф', 'шива', 'который', 'плечо', 'горный', 'ганг', 'падать', 'небо', 'мирный', 'земля']"
0,0,1,1,0,0,0,0,0,0,0,0,0,1,0,0,0,0,0,0,0,0,"['дверь', 'приоткрываться', 'вставать', 'ход', 'подол', 'платье']"
0,1,0,1,0,0,0,0,0,0,0,0,0,0,1,0,0,0,0,0,0,0,"['маша', 'лететь', 'двухлетний', 'крошка', 'рука']"
0,0,0,0,0,0,0,0,0,0,0,0,1,0,0,0,0,0,0,0,0,0,"['вдруг', 'неведомый', 'сила', 'выравнивать', 'полет', 'самолет', 'продолжать', 'лететь']"
0,1,0,0,0,0,0,0,0,0,0,0,1,0,0,0,0,0,0,0,0,0,"['названый', 'выбегать', 'вперед', 'стараться', 'падать', 'палка']"
0,0,1,1,0,0,0,0,0,0,0,0,0,1,1,0,0,0,0,0,0,0,"['палка', 'упасть', 'земля', 'водить', 'становиться', 'суметь']"
0,0,1,0,0,0,0,0,0,0,0,0,0,1,0,0,0,0,0,0,0,0,"['первый', 'песок', 'земля', 'бульдозер', 'очищать', 'место', 'новый', 'порция', 'освободить', 'камень', 'железо', 'грунт']"
0,0,1,0,0,0,0,0,0,0,0,0,0,1,0,0,0,0,0,0,0,0,"['техника', 'класть', 'пол', 'сцена']"
0,1,0,1,0,0,0,0,0,1,1,0,1,0,1,0,0,0,1,0,1,0,"['нести', 'бурный', 'море', 'скатываться', 'вниз', 'один', 'громадный', 'волна', 'мокрый', 'счастливый', 'возносить', 'новый', 'прибывать', 'вал', 'высоко', 'отчаянный', 'предел', 'самый', 'нестерпимый', 'верх', 'жаждать', 'кончиться', 'каждый', 'ощущать', 'сильно', 'немой', 'расти', 'укореняться', 'чувство', 'который', 'одарить', 'мужчина', 'женщина', 'ничто', 'другой', 'радостный', 'удивление', 'способный', 'словно']"
0,0,0,0,0,0,1,0,1,1,1,0,0,0,0,0,1,0,1,0,1,0,"['секунда', 'один', 'рука', 'котенок', 'второй', 'вынуть', 'бросить', 'мешок', 'нож']"
1,1,0,0,1,1,1,1,1,1,1,1,1,0,0,1,1,1,0,1,1,0,"['петля', 'боковой', 'часть', 'следок', 'присоединить', 'спица', 'остаться', 'центральный', 'продолжить', 'вязание', 'резинка', 'присоединять', 'процесс', 'высота', 'знак-кавычки']"
0,0,0,0,0,0,0,0,0,0,0,0,0,0,0,0,0,0,0,0,0,0,"['действительно', 'многое', 'чувствовать', 'замечать', 'вещь', 'капот', 'горизонт', 'свист', 'ветр', 'ощущение', 'поток', 'который', 'нести', 'вверх', 'лифт', 'пролетать', 'ухать', 'вниз', 'знак-кавычки']"
0,0,1,0,0,0,0,0,0,0,0,0,0,1,0,0,0,0,0,0,0,0,"['огонь', 'раздувать', 'ветр', 'достигнуть', 'сила', 'гореть', 'щепка', 'горячий', 'воздух', 'сопровождать', 'густой', 'дым', 'полететь', 'провод', 'воздушный', 'линия']"
0,0,0,0,0,0,0,0,0,0,0,0,1,0,0,0,0,0,0,0,0,0,"['счесть', 'смехотворный', 'невозможный', 'самый', 'природа', 'знание', 'возможный', 'связь', 'женщина', 'биться', 'истерика', 'шхуна', 'шторм', 'потерять', 'курс']"
0,0,0,0,0,0,1,0,1,1,1,0,1,0,0,0,1,0,1,0,1,0,"['самый', 'кайф', 'входить', 'поворот', 'бросать', 'парус', 'разворачиваться', 'порыв', 'ветр']"
0,0,1,0,0,0,0,0,0,0,0,0,1,0,0,0,0,0,0,0,0,0,"['подобный', 'образ', 'женский', 'эротический', 'литература', 'мужчина', 'женщина', 'рука', 'нести', 'беспомощный', 'постель']"
0,0,0,0,0,0,0,0,0,0,0,0,0,0,0,0,0,0,1,0,0,0,"['обхватывать', 'грудь', 'женщина', 'ладонь', 'снизу', 'продолжать', 'гладить', 'сосок', 'аккуратно', 'большой', 'указательный', 'палец']"
0,0,0,0,0,0,0,0,0,1,1,0,1,1,1,0,0,0,0,0,1,0,"['том', 'эл', 'взобраться', 'грузовик', 'старик', 'мышка', 'осторожно', 'втащить', 'наверх']"
0,1,1,1,0,0,0,0,0,0,0,0,0,1,1,0,0,0,0,0,0,0,"['исполнитель', 'дружно', 'бросаться', 'руководитель', 'рука', 'удаваться', 'вовремя', 'скрыться', 'увильнуть', 'приговор', 'приводиться', 'исполнение']"
0,0,1,0,0,0,0,0,0,0,0,0,0,1,0,0,0,0,0,0,0,0,"['успеть', 'слово', 'сорваться', 'губа', 'вверх', 'сила', 'сбросить', 'вниз', 'холм']"
1,1,1,0,1,1,1,1,1,1,1,1,0,0,0,1,1,1,0,1,1,0,"['кукловод', 'ведущий', 'левый', 'рука', 'нога', 'чувствовать', 'тонкий', 'движение', 'голова', 'правый', 'плечо', 'работать', 'один', 'целое', 'знак-кавычки']"
1,0,0,1,1,1,1,1,1,1,1,1,0,0,0,1,1,1,0,1,1,0,"['легкий', 'посудина', 'калифорнийский', 'течение', 'который', 'нести', 'побережье', 'центральный', 'америка']"
0,0,1,1,0,0,0,0,0,0,0,0,0,1,1,0,0,0,0,0,0,0,"['складка', 'первый', 'связать', 'р.', 'лицо', 'гладь', 'м', 'провязать', 'каждый', 'петля', 'вместе', 'соответствующий', 'го', 'изна', 'сторона']"
0,1,1,0,0,0,0,0,0,0,0,0,1,0,0,0,0,0,0,0,0,0,"['поток', 'проноситься', 'прибрежный', 'куст', 'успевать', 'ухватиться', 'встать', 'нога']"
1,1,0,0,1,1,1,1,1,1,1,1,0,0,0,1,1,1,0,1,1,0,"['повертывать', 'ребенок', 'накатывать', 'рука', 'второй', 'живот', 'ножка']"
1,0,1,0,1,1,1,1,1,1,0,1,0,0,0,1,1,1,0,1,1,0,"['отправляться', 'очередной', 'вояж', 'воздушный', 'шар', 'сильный', 'ветер', 'попугай', 'попадать', 'волшебный', 'лес', 'жить', 'сказочный', 'баба', 'яга']"
0,1,0,0,0,0,0,0,0,0,0,0,1,0,0,0,0,0,1,0,0,0,"['внезапно', 'выпрямляться', 'один', 'движение', 'клинок', 'грубо', 'наваливаться', 'двойной', 'дверь', 'окаймить', 'каменный', 'арка']"
1,1,1,1,1,1,1,1,1,1,1,1,0,1,1,1,1,1,0,1,1,0,"['вести', 'рука', 'погрузиться', 'пар', 'пуститься', 'путь']"
1,0,1,1,1,1,1,1,1,1,1,1,0,1,1,1,1,1,0,1,1,0,"['тимановский', 'молодой', 'румяный', 'смешливый', 'сдвинутый', 'папаха', 'грязный', 'холщовый', 'рубашка', 'черный', 'генеральский', 'погон', 'шашка', 'побежать', 'цепь']"
1,1,1,0,1,1,1,1,1,1,1,1,1,1,0,1,1,1,0,1,1,0,"['падать', 'смертельно', 'раненый', 'парторг', 'рота', 'евгений', 'смелович', 'знамя', 'рядовой', 'иван', 'яцуненко', 'подниматься', 'гребень', 'сапун', 'гора']"
0,1,1,0,0,0,0,0,1,0,0,0,1,1,0,0,0,0,0,0,0,0,"['стоить', 'отпустить', 'поводок', 'змея', 'ветр', 'лишенный', 'воздействие', 'подъемный', 'сила', 'неизбежно', 'упасть', 'земля']"
1,0,1,1,1,1,1,1,1,1,1,1,1,1,1,1,1,1,1,1,1,0,"['игра', 'стена', 'состоять', 'бить', 'мяч', 'отскакивать', 'нога', 'рука', 'дать', 'упасть', 'земля']"
1,1,1,1,1,1,1,1,1,1,1,1,1,1,1,1,1,1,0,1,1,0,"['один', 'бить', 'вверх', 'носок', 'нога', 'другой', 'лет', 'отбивать', 'земля', 'волан', 'делать', 'высокий', 'прыжок', 'прыгание', 'ударять', 'рука', 'давать', 'катиться']"
1,1,1,1,1,1,1,1,1,1,1,1,1,1,1,1,1,1,1,1,1,0,"['искусный', 'удар', 'цурок', 'лететь', 'вверх', 'игрок', 'допускать', 'падение', 'земля', 'лет', 'палка', 'бить']"
1,1,1,0,1,1,1,1,1,1,1,1,0,1,0,1,1,1,1,1,1,0,"['случиться', 'удар', 'залетать', 'далеко', 'противоположный', 'игрок', 'успеть', 'место', 'первый', 'ударить', 'упасть', 'отсчитываться', 'шаг', 'местный', 'расстояние', 'например', 'начинать', 'бить', 'снова', 'продолжать', 'промах']"
0,1,1,1,0,0,1,0,1,1,1,0,1,1,1,0,1,0,1,1,1,0,"['вскоре', 'приспособиться', 'темп', 'широко', 'раздвинуть', 'нога', 'рука', 'колено', 'освобождать', 'гиви', 'пространство', 'движение']"
1,1,1,1,1,1,1,1,1,1,1,1,1,1,1,1,1,1,1,1,1,0,"['заметить', 'вдруг', 'варвара', 'петровна', 'сбросить', 'бурнус', 'лет', 'лакей', 'снять', 'плечо', 'черный', 'дешевый', 'шаль', 'собственный', 'рука', 'окутать', 'обнаженный', 'шея', 'стоять', 'колено', 'просительница']"
1,1,1,1,1,1,1,1,1,1,1,1,1,1,1,1,1,1,1,1,1,0,"['виртуозно', 'лет', 'одноразовый', 'тарелка', 'стаканчик', 'позволять', 'отрываться', 'стол', 'далее', 'метр']"
1,1,1,1,1,1,1,1,1,1,1,1,1,1,1,1,1,1,1,1,1,0,"['осторожно', 'обойма', 'силовой', 'кристалл', 'побаюкать', 'рука', 'мать', 'малолетний', 'дитя', 'словно']"
1,1,1,1,1,1,1,1,1,1,1,1,1,1,1,1,1,1,1,1,1,0,"['мама', 'мышка', 'держать', 'крепко', 'приговаривать', 'знак-кавычки']"
1,0,1,1,1,1,1,1,1,1,1,1,1,1,1,1,1,1,1,1,1,0,"['успеть', 'стоять', 'стул', 'другой', 'классный', 'дама', 'вывести', 'церковь']"
1,1,1,1,1,1,1,1,1,1,1,1,1,1,1,1,1,1,1,1,1,0,"['рука', 'поспешно', 'вывести', 'столовая', 'мимо', 'недоумевать', 'институтка']"
1,1,1,0,1,1,1,1,1,1,1,1,1,1,0,1,1,1,1,1,1,0,"['дело', 'гордость', 'деревня', 'всадник', 'получать', 'юань', 'цент', 'каждый', 'земля', 'хадак']"
1,1,1,0,1,1,1,1,1,1,1,1,1,1,0,1,1,1,1,1,1,0,"['пара', 'видеть', 'вырваться', 'рука', 'гореть', 'факел', 'пролетать', 'спина', 'артист', 'бывать', 'земля', 'продолжать', 'жонглировать']"
1,1,1,1,1,1,1,1,1,1,1,1,1,1,1,1,1,1,1,1,1,0,"['канат', 'лет', 'моряк', 'обветренный', 'простой', 'крепить', 'парус', 'смолить', 'бочка', 'словно']"
1,0,1,1,1,1,1,1,1,1,1,1,1,1,1,1,1,1,1,1,1,0,"['последний', 'миг', 'один', 'успеть', 'рука']"
1,1,1,1,1,1,1,1,1,1,1,1,1,1,1,1,1,1,1,1,1,0,"['большой', 'вуаль', 'входить', 'композиция', 'группа', 'один', 'лететь', 'воздух', 'амуров', 'образовывать', 'танцующий', 'пара', 'легкий', 'пластичный', 'подвижный', 'шатер']"
0,0,1,1,0,0,1,0,1,1,1,0,1,1,1,0,1,0,1,0,1,0,"['приходиться', 'чудо', 'избегнуть', 'авария', 'обжечься', 'кипяток', 'падать', 'ребенок', 'знак-кавычки']"
1,1,1,1,1,1,1,1,1,1,1,1,1,1,1,1,1,1,1,1,1,0,"['вещий', 'сердце', 'чуять', 'впереди', 'подстерегать', 'опасность', 'крепкий', 'рука', 'поддерживать', 'локоть', 'обнимать', 'талия', 'проносить', 'самый', 'провальный', 'место', 'влачить', 'вынуждать', 'усталый', 'нога', 'передвигаться', 'снова']"
1,1,1,1,1,1,1,1,1,1,1,1,1,1,1,1,1,1,1,1,1,0,"['заставить', 'сделать', 'круг', 'пускать', 'трава', 'подвести', 'лодка', 'берег', 'сачок']"
1,0,1,1,1,1,1,1,1,1,1,1,0,1,1,1,1,1,1,1,1,0,"['сайгон', 'волна', 'взлететь', 'кипеть', 'вода', 'вздыбиться', 'риф', 'знак-кавычки']"
1,1,1,0,1,1,1,1,1,1,1,1,1,1,0,1,1,1,1,1,1,0,"['элайн', 'рука', 'алистер', 'шагнуть', 'королевский', 'ложе']"
1,0,1,0,1,1,1,1,0,1,1,1,1,1,0,1,0,1,1,1,1,0,"['комптон', 'ящик', 'корпус', 'бодро', 'зашагать', 'перрон']"
1,0,1,1,1,1,0,1,0,0,0,1,1,1,1,1,0,1,1,1,0,0,"['линия', 'шевронный', 'шестерня', 'работать', 'один', 'загружать', 'накопитель', 'ржавый', 'толстый', 'болванка', 'второй', 'транспортер', 'блестеть', 'горячий', 'готовый', 'деталь', 'успеть', 'пофилософствовать', 'любоваться', 'чудо', 'технический', 'прогресс', 'длинный', 'членистый', 'тело', 'сновать', 'известный', 'команда', 'резец', 'сверло', 'шпиндель']"
1,1,1,1,1,1,1,1,1,1,1,1,1,1,1,1,1,1,1,1,1,0,"['петруха', 'рука', 'поднять', 'пол', 'уложить', 'хозяйский', 'кровать']"
1,1,1,1,1,1,1,1,1,1,1,1,1,0,0,1,1,1,1,1,1,0,"['толстый', 'тетка', 'фирменный', 'китель', 'расшаркиваться', 'шплинт', 'поволочь', 'лариса', 'остаться', 'один']"
1,0,1,1,1,1,1,1,1,1,1,1,1,1,1,1,1,1,1,1,1,0,"['поток', 'теплый', 'воздух', 'уносить', 'огромный', 'топка', 'спрятать', 'утроба', 'здание']"
0,0,1,1,0,0,0,0,0,0,0,0,1,1,1,0,0,0,1,0,0,0,"['вываживание', 'длиться', 'минута', 'плетенка', 'выдержать', 'рывок', 'попасться', 'крючок', 'рыбина', 'удаться', 'первый', 'попытка', 'большой', 'размер', 'подсачок']"
0,0,1,1,0,0,1,0,1,1,1,0,1,1,1,0,1,0,1,0,1,0,"['отчаянно', 'размахивать', 'рука', 'пытаться', 'угодить', 'физиономия', 'оказаться', 'досягаемость', 'спутница', 'выносить', 'свежий', 'воздух', 'просто', 'орать', 'увещевать', 'мера', 'разволноваться', 'приятель', 'оставить']"
0,1,0,0,0,0,0,0,0,0,0,0,1,0,0,0,0,0,1,0,0,0,"['стоять', 'совсем', 'рядом', 'чуть-чуть', 'край', 'карточка', 'готовый']"
1,0,0,0,1,1,1,1,1,0,1,0,1,0,0,0,1,0,1,0,0,0,"['туча', 'снег', 'порыв', 'ветр', 'нестись', 'далеко', 'море', 'блуждать', 'ледяной', 'торос']"
0,0,0,0,0,0,0,0,0,0,0,0,0,0,0,0,0,0,1,0,0,0,"['постоянный', 'зацепление', 'шестерня', 'введение', 'один', 'передача', 'существенно', 'облегчить', 'управление', 'танк', 'стрелка', 'радист', 'приходиться', 'тянуть', 'рычаг', 'вместе', 'механик', 'водитель', 'переключить']"
1,0,1,1,1,1,1,1,1,1,1,1,1,1,1,1,1,1,1,1,1,0,"['понять', 'произойти', 'поднять', 'рука', 'новый', 'удар', 'отказаться', 'слушаться', 'замереть', 'воздух', 'невидимый', 'сила', 'словно']"
0,1,0,0,0,0,0,0,0,0,0,0,1,1,1,0,0,0,1,0,0,0,"['время', 'развернуться', 'винтовка']"
0,0,0,0,0,0,0,0,0,0,0,0,1,0,0,0,0,0,1,0,0,0,"['выбросить', 'вода', 'берег', 'высохший', 'ил', 'пыль', 'поверхность', 'скала', 'почва', 'ветр', 'птица', 'водоросль', 'переноситься', 'большой', 'расстояние']"
0,0,0,1,0,0,0,0,0,0,0,0,0,0,1,0,0,0,1,0,0,0,"['верховой', 'подача', 'мяч', 'штрафной', 'каталонец', 'ганец', 'скрытый', 'финт', 'оставить', 'эрик', 'абидаль', 'позади', 'мощно', 'пробить', 'ближний', 'угол']"
0,0,0,0,0,0,0,0,0,0,0,0,1,0,0,0,0,0,0,0,0,0,"['юбка', 'сабрина', 'помчаться', 'вниз', 'лестница', 'горло', 'призывать', 'муж']"
0,0,0,1,0,0,0,0,0,0,0,0,0,0,1,0,0,0,1,0,0,0,"['принц', 'сильный', 'рука', 'тарзан', 'втащить', 'темный', 'галерея']"
0,0,0,0,0,0,0,0,0,0,0,0,1,0,0,0,0,0,1,0,0,0,"['леди', 'рука', 'крепко', 'поцеловать']"
1,0,0,0,1,1,0,1,0,0,0,1,1,0,0,1,0,1,1,1,0,0,"['костыль', 'броситься', 'дверь']"
1,0,0,0,1,1,1,1,1,1,1,1,1,0,0,1,1,1,1,1,1,0,"['юрка', 'подняться', 'костыль', 'пойти', 'машина']"
0,0,0,0,0,0,1,0,1,1,1,0,1,0,0,0,1,0,1,0,1,0,"['чайка', 'рыболов', 'лет', 'серебристый', 'рыбка']"
0,0,0,1,0,0,0,0,0,0,0,0,1,0,1,0,0,0,1,0,0,0,"['клацать', 'коготь', 'переступить', 'нога', 'резко', 'подпрыгнуть', 'сырой', 'воздух', 'когтистый', 'лапа', 'каменный', 'площадка', 'мешок', 'тяжело', 'взмыть', 'черный', 'небо']"
0,1,0,1,0,0,0,0,0,0,0,0,1,0,1,0,0,0,1,0,0,0,"['невеста', 'рука', 'понести', 'комната']"
1,1,1,1,1,1,1,1,1,1,1,0,1,0,1,0,1,0,1,0,1,0,"['всякий', 'случай', 'валяться', 'пол', 'дубина', 'элайн', 'толкнуть', 'дверь', 'оказаться', 'незапертый']"
0,0,0,0,0,0,0,0,0,0,0,0,1,0,0,0,0,0,1,0,0,0,"['рак', 'обычно', 'стоять', 'полузащитник', 'который', 'поджидать', 'мяч', 'вылететь']"
0,1,0,0,0,0,0,0,0,0,0,0,1,1,0,0,0,0,1,0,0,0,"['поминутно', 'оглядываться', 'скала', 'стать', 'багряный', 'сынар', 'подойник', 'отправиться', 'ручей', 'вода', 'который', 'свет', 'закат', 'приобрести', 'странный', 'красноватый', 'оттенок']"
0,0,0,1,0,0,1,0,1,1,1,0,1,0,0,0,1,0,1,0,1,0,"['пол', 'поганый', 'ручища']"
1,0,1,0,1,1,0,1,0,0,0,1,1,0,0,1,0,1,1,1,0,0,"['мощный', 'поток', 'воздух']"
0,0,0,0,0,0,0,0,0,0,0,0,1,0,0,0,0,0,1,0,0,0,"['схватка', 'муж', 'сзади', 'рука', 'повисать', 'немой', 'следить', 'нагибаться']"
0,1,0,0,0,0,0,0,0,0,0,0,1,0,0,0,0,0,1,0,0,0,"['юноша', 'рука', 'злодей', 'поднять', 'пол', 'надеть', 'наручник', 'молоток', 'заклепать']"
0,0,0,0,0,0,0,0,0,0,0,0,1,0,0,0,0,0,1,0,0,0,"['меньший', 'сила', 'ветр', 'высота', 'волна', 'медленно', 'вздыматься', 'плавно', 'судно']"
0,0,0,0,0,0,0,0,0,0,0,0,1,0,1,0,0,0,1,0,0,0,"['вдруг', 'рявкнуть', 'главный', 'двигатель', 'корабль', 'рвануться', 'вперед', 'громадный', 'волна', 'задрать', 'нос', 'развернуться', 'страшный', 'скрежет', 'село', 'брюхо', 'камень']"
0,0,0,0,0,0,0,0,0,0,0,0,1,1,0,0,0,0,1,0,0,0,"['выбраться', 'наружу', 'ланок', 'дасар', 'добраться', 'лодка']"
1,1,0,1,1,1,0,1,0,0,0,0,1,0,1,0,0,0,1,0,0,0,"['нападение', 'произойти', 'неожиданно', 'первый', 'мгновение', 'растеряться', 'философ', 'безлик', 'отскочить', 'сторона', 'непостижимый', 'ловкость', 'портфель']"
0,0,0,1,0,0,0,0,0,0,0,0,0,0,1,0,0,0,1,0,0,0,"['драка', 'копенгаген', 'схватка', 'полицейский', 'триест', 'торпедист', 'галисиец', 'ньейра', 'сломать', 'челюсть', 'жандарм', 'даль', 'драть', 'мышка', 'перебирать', 'нога', 'воздух', 'судно', 'добраться', 'целость', 'сохранность']"
0,1,0,0,0,0,0,0,0,0,0,0,1,0,0,0,0,0,1,0,0,0,"['эдуард', 'благородно', 'брать', 'шефство', 'пострадать', 'рука', 'описывать', 'красота', 'окружающий', 'мир', 'направляться', 'сольва']"
0,0,0,0,0,0,0,0,0,0,0,0,1,0,0,0,0,0,1,0,0,0,"['ральф', 'морщиться', 'пытаться', 'слушать', 'звонкий', 'голос', 'труд', 'сдержаться', 'жена', 'мажордом', 'место', 'должный', 'талия', 'вынести', 'комната', 'захлопнуть', 'дверь']"
1,0,0,1,1,1,1,1,1,1,1,1,0,0,1,1,1,1,1,1,1,0,"['бросить', 'бертуччио', 'меч', 'ральф', 'застегнуть', 'ремень', 'ножны', 'удовольствие', 'почувствовать', 'привычный', 'тяжесть', 'оружие']"
0,0,0,0,0,0,0,0,0,0,0,0,1,0,0,0,0,0,1,0,0,0,"['побежать', 'ружье', 'баба', 'рука', 'ребенок']"
0,0,0,0,0,0,0,0,0,0,0,0,1,0,0,0,0,0,1,0,0,0,"['эванжелина', 'улыбнуться', 'песик', 'уйти', 'другой', 'комната']"
1,0,1,1,1,1,1,1,1,1,1,1,1,0,0,1,1,1,1,1,1,0,"['надевать', 'панк', 'ряса', 'крест', 'кадило', 'поправлять', 'ирокез', 'выходить', 'прихожанин']"
1,1,0,1,1,1,1,1,1,1,1,1,1,0,0,1,1,1,1,1,1,0,"['грузный', 'обвиснуть', 'тело', 'иван', 'сергеевич', 'кочетов', 'потащить', 'вода']"
1,1,1,0,1,1,1,1,1,1,1,1,1,0,0,1,1,1,1,1,1,0,"['нужный', 'жизненный', 'поток', 'точно', 'готовый', 'усилить', 'неимоверный', 'число', 'идея', 'который', 'нести', 'материальный', 'реализация', 'массовый', 'потоковый', 'интерес']"
1,1,0,0,1,1,1,1,1,0,1,1,1,0,0,1,1,1,1,1,0,0,"['минута', 'очередной', 'неудачный', 'попытка', 'гость', 'подержать', 'мяч', 'перехват', 'осуществлять', 'грантовский', 'врываться', 'штрафной', 'удар', 'ближний', 'угол', 'отражать', 'вратарь', 'футболист', 'пара', 'перекидывать']"
1,0,0,0,1,1,1,1,1,1,1,0,1,0,0,0,1,0,1,0,1,0,"['любопытный', 'потерять', 'очки', 'слепо', 'метаться', 'парень', 'падать', 'наездница', 'который', 'подкатить', 'кресло']"
1,0,0,0,1,1,1,1,1,1,1,1,0,0,0,1,1,1,1,1,1,0,"['парень', 'бросаться', 'поднимать', 'палка', 'злюка', 'терять', 'равновесие', 'начинать', 'падать', 'спина', 'успевать', 'сзади', 'подмышка', 'повлечь', 'поволочь', 'сторона', 'кровать']"
1,1,1,1,1,1,1,1,1,1,1,1,1,1,1,1,1,1,1,1,1,0,"['окунь', 'заходить', 'лунка', 'поднимать', 'рыба', 'вода', 'заводить', 'багорик', 'жабра', 'рука']"
1,1,1,0,1,1,1,1,1,1,1,1,1,1,0,1,1,1,1,1,1,0,"['действовать', 'настоящий', 'инструмент', 'рыба', 'жабра', 'стараться', 'выбросить', 'один', 'мах', 'лед']"
1,1,0,0,1,1,0,1,0,0,1,0,1,0,0,0,0,0,1,0,0,0,"['бендер', 'ловко', 'набег', 'втыкать', 'обратно', 'гнездо', 'прервать', 'запить', 'гитара', 'продолжаться']"
1,1,1,1,1,1,1,1,1,1,1,1,1,1,1,1,1,1,1,1,1,0,"['нападающий', 'ворота', 'соперник', 'бить', 'мимо', 'мяч', 'спрашиваться', 'расстояние', 'невозможно', 'забить']"
1,1,1,1,1,1,1,1,1,1,1,1,1,1,1,1,1,1,1,1,1,0,"['время', 'подсачек']"
0,1,0,0,1,0,1,0,1,1,1,0,1,0,1,0,1,0,1,0,1,0,"['юрген', 'прыгнуть', 'сцена', 'радостный', 'публика']"
0,1,1,0,0,1,0,1,0,0,0,0,1,1,0,0,0,0,1,0,0,0,"['школьник', 'стать', 'легкий', 'рюкзак', 'попрощаться', 'школа', 'отправиться', 'каникулы']"
1,1,1,1,1,1,1,1,1,1,1,1,1,1,1,1,1,1,1,1,1,0,"['один', 'гермоупаковка', 'отстегнуться', 'этап', 'переход', 'перегиб', 'западать', 'защелка', 'карабин', 'пара', 'удариться', 'скала', 'упасть', 'вода', 'течение', 'приплыть', 'рука', 'ребята', 'рафт']"
1,1,1,1,1,1,1,1,1,1,1,1,1,1,1,1,1,1,1,1,1,0,"['саквояж', 'корзина', 'маркиз', 'лили', 'стать', 'подниматься', 'парадный', 'лестница']"
1,1,1,1,1,1,1,1,1,1,1,1,1,1,1,1,1,1,1,1,1,0,"['уходить', 'сегодня', 'весело', 'пропеть', 'ниро', 'пиджак', 'стул', 'выпорхнуть', 'кабинет']"
1,0,1,1,1,1,1,1,1,1,1,1,1,1,1,1,1,1,1,1,1,0,"['пустой', 'бочонок', 'эльф', 'бросать', 'люк', 'поднимать', 'решетка', 'шлюз', 'поток', 'выплывать', 'речной', 'простор']"
0,0,0,0,0,0,1,0,1,1,1,1,1,1,1,1,1,1,1,1,1,0,"['получить', 'третий', 'петля', 'следовать', 'сначала', 'сбросить', 'двойной', 'нить', 'палец', 'спица', 'подвести', 'внутренний', 'сторона', 'ладонь']"
1,0,1,1,1,1,1,1,1,1,1,1,1,1,1,1,1,1,1,1,1,0,"['вцепиться', 'клещ', 'бок', 'конь', 'парень', 'нагибаться', 'девушка', 'подтягивать', 'конский', 'спина']"
0,0,1,1,0,0,0,0,0,0,0,0,1,1,1,0,0,0,1,0,0,0,"['магия', 'пропыхтеть', 'мерлин', 'принц', 'подмышка', 'натужный', 'кряхтение', 'приниматься', 'тащить']"
1,0,0,0,1,1,1,1,1,1,1,1,1,1,1,1,1,1,1,1,1,0,"['друг', 'гавейн', 'поспешить', 'утянуть', 'далеко', 'столб']"
1,1,1,1,1,1,1,1,1,1,1,0,1,0,0,0,1,0,1,0,1,0,"['динамовец', 'козлов', 'бросать', 'ворота', 'штепанек', 'шайба', 'рикошетить', 'обратно', 'площадка', 'армеец', 'вейнхандль', 'рвать', 'сетка', 'спина', 'еременко']"
1,0,0,1,1,1,1,1,1,0,0,1,1,0,1,1,1,1,1,1,1,0,"['анна', 'михайловна', 'быстро', 'нагнуться', 'спорный', 'вещь', 'побежать', 'спальня']"
1,1,0,1,1,1,0,1,0,0,0,1,1,0,1,1,0,1,0,1,0,0,"['глаз', 'умирающий', 'брат', 'бесчеститься', 'сестра', 'матерь', 'бросать', 'вверх', 'ребенок', 'младенец', 'ружейный', 'штык']"
1,1,0,1,1,1,1,1,1,1,1,1,1,0,1,1,1,1,1,1,1,0,"['свет', 'броситься', 'успеть']"
0,0,0,1,0,0,1,0,1,1,1,0,0,1,1,0,1,0,1,0,1,0,"['острожный', 'пройти', 'бетонный', 'блок', 'контейнер', 'мальчишка', 'мышка', 'прижать']"
1,1,1,1,1,1,1,1,1,1,1,1,1,1,1,1,1,1,1,1,1,0,"['новорожденный', 'личинка', 'угорь', 'гольфстрим', 'нести', 'сторона', 'европа', 'знак-кавычки']"
1,1,1,1,1,1,1,1,1,1,1,1,1,1,1,1,1,1,1,1,1,0,"['налететь', 'грач', 'постукивать', 'пальчик', 'ладошка', 'калач', 'делать', 'движение', 'остаться', 'бар', 'ночка']"
1,1,1,1,1,1,1,1,1,1,1,1,1,0,1,1,1,1,1,1,1,0,"['подбрасывать', 'маленький', 'ребенок', 'вверх', 'рука', 'реализовать', 'прием', 'контраст', 'отрицательный', 'эмоция', 'кратковременный', 'испуг', 'положительный', 'переживание']"
1,1,1,1,1,1,1,1,1,1,1,1,1,1,1,1,1,1,1,1,1,0,"['положить', 'обратно', 'странный', 'предмет', 'оставаться', 'лежать', 'мужчина', 'столкнуть', 'вода', 'ветр', 'который', 'дуть', 'берег', 'дважды', 'день', 'исчезнуть', 'вид', 'больше', 'видеть']"
1,0,1,1,1,1,1,1,1,1,1,1,1,0,1,1,1,1,1,1,1,0,"['надар', 'сила', 'тащить', 'лодка', 'который', 'волна', 'швырять', 'назад']"
1,0,1,1,1,1,1,1,1,1,1,1,0,1,0,1,1,1,1,1,1,0,"['телефон', 'резко', 'метнуть', 'мерлин']"
1,1,1,1,1,1,1,1,1,1,1,1,1,1,1,1,1,1,1,1,1,0,"['вдруг', 'побледнеть', 'лепетать', 'анна', 'старик', 'локоть', 'тесный', 'городской', 'кухня']"
0,1,0,1,0,0,0,0,0,0,0,0,1,0,1,0,0,0,0,0,0,0,"['утопать', 'стать', 'судорожно', 'хватать', 'спасать', 'утянуть', 'подплывать', 'сзади', 'волос', 'мышка', 'повернуть', 'спина', 'транспортировать', 'берег', 'удерживать', 'голова', 'поверхность']"
1,0,1,1,1,1,1,1,1,1,1,1,0,1,1,1,1,1,0,1,1,0,"['отдельный', 'дивизион', 'дорнадзор', 'угай', 'гувд', 'москва', 'старший', 'инспектор', 'капитан', 'самовар', 'четко', 'представиться', 'миг', 'бросить', 'рука', 'козырек', 'фуражка', 'жезл', 'изменить', 'положение', 'качнуться', 'тренировать', 'ладонь']"
0,1,0,1,0,0,1,0,1,1,1,0,1,1,1,0,1,0,0,0,1,0,"['автомат', 'карпенко', 'выбить', 'стекло', 'ловко', 'выбраться', 'наружу', 'спрыгнуть']"
1,1,0,1,1,1,1,1,1,1,1,1,1,0,1,1,1,1,0,1,1,0,"['чемоданишко', 'макаров', 'двинуться', 'далеко', 'знак-кавычки']"
1,1,1,0,1,1,1,1,1,1,1,1,0,0,0,1,1,1,1,1,1,0,"['второй', 'фонарь', 'кинуться', 'бетонный', 'труба', 'жерло', 'остановиться', 'пропустить', 'вперед', 'марина', 'выключить', 'свет', 'вслушиваться', 'темнота', 'направить', 'ствол', 'сторона', 'возможный', 'погоня']"
1,1,0,0,1,1,1,1,1,1,1,1,1,0,0,1,1,1,0,1,1,0,"['облачиться', 'доспехи', 'сесть', 'конь', 'тяжелый', 'копье', 'прискакать', 'рыцарь', 'состязаться', 'начало', 'турнир']"
1,1,1,1,1,1,1,1,1,1,1,1,1,1,1,1,1,1,0,1,1,0,"['мальцев', 'кружить', 'вальс']"
0,1,1,1,0,1,1,1,1,1,1,0,0,1,1,1,1,1,0,1,1,0,"['букреев', 'задержать', 'холл', 'президент-отель', 'проходить', 'заседание', 'аккуратно', 'рукав', 'потащить', 'неизвестный', 'направление', 'знак-кавычки']"
1,0,1,1,1,1,1,1,1,1,1,1,0,1,1,1,1,1,0,1,1,0,"['подняться', 'нога', 'поздно', 'остальной', 'задержаться', 'вейзе', 'рука', 'посадить', 'сгиб', 'локоть']"
1,1,1,1,1,1,1,1,1,1,1,1,1,1,1,1,1,1,0,1,1,0,"['лодка', 'быстрый', 'течение', 'нести', 'большой', 'скорость', 'узкий', 'каменный', 'горло', 'мелководный', 'каменистый', 'перекат', 'знак-кавычки']"
1,1,1,1,1,1,1,1,1,1,1,1,1,1,1,1,1,1,0,1,1,0,"['володя', 'быстро', 'вещичка', 'выход']"
1,0,0,1,1,1,1,1,1,1,1,1,0,1,1,1,1,1,0,1,1,0,"['равновесие', 'перекат', 'обруч', 'назад', 'правый', 'рука', 'поворот', 'кругом', 'лева', 'высокий']"
1,0,1,1,1,1,1,1,1,1,1,1,1,1,1,1,1,1,0,1,1,0,"['материализоваться', 'молодой', 'сотрудник', 'аэропорт', 'красивый', 'форма', 'который', 'готовность', 'объяснять', 'находиться', 'выход', 'посадка', 'другой', 'конец', 'огромный', 'зал', 'неожиданно', 'говорить', 'давать', 'помочь', 'самый', 'тяжелый', 'сумка', 'знак-кавычки']"
1,1,1,0,1,1,1,1,1,1,1,1,0,1,0,1,1,1,0,1,1,0,"['пробиваться', 'толща', 'вода', 'свет', 'один', 'единственный', 'лампа', 'подпрыгивать', 'трепетать', 'тень', 'долговязый', 'старик', 'фартук', 'покряхтывать', 'вилы', 'рыхлый', 'сено', 'тимофеевка', 'размашистый', 'переносить', 'сеновал']"
1,1,1,1,1,1,1,1,1,1,1,1,1,1,1,1,1,1,1,1,1,0,"['стоять', 'зона', 'выдача', 'багаж', 'готовый', 'лента', 'хорошо', 'упаковать', 'чемодан', 'отправиться', 'встреча', 'мечта']"
1,0,1,1,1,1,1,1,1,1,1,1,0,1,1,1,1,1,0,1,1,0,"['мышка', 'ребята', 'потащить', 'хлев']"
1,1,1,0,1,1,1,1,1,1,1,1,0,1,0,1,1,1,0,1,1,0,"['тэдди', 'остановиться', 'порог', 'глядеть', 'сверху', 'вниз', 'улыбаться', 'лицо', 'любимый', 'племянница', 'знать', 'рука', 'перенести', 'делать']"
1,1,1,1,1,1,1,1,1,1,1,1,1,1,1,1,1,1,0,1,1,0,"['третий', 'рука', 'велосипед', 'чехол', 'четвертый', 'нести', 'пакет', 'еда', 'время', 'путь', 'который', 'правило', 'рюкзак', 'помещаться']"
1,1,1,1,1,1,1,1,1,1,1,1,1,1,1,1,1,1,0,1,1,0,"['п.', 'одновременно', 'петля', 'пройма']"
1,0,1,0,1,1,1,1,1,1,1,1,0,0,0,1,1,1,0,1,1,0,"['валинья', 'добродушно', 'пожать', 'плечо', 'спотыкаться', 'гость', 'локоток', 'выпроводить', 'дверь', 'вывести', 'холл']"
1,0,1,1,1,1,1,1,1,1,1,1,0,1,1,1,1,1,1,1,1,0,"['твердо', 'сказать', 'соня', 'визжать', 'младенец', 'пол']"
1,1,1,0,1,1,1,1,1,1,1,1,1,1,1,1,1,1,0,1,1,0,"['попить', 'чаек', 'сказать', 'наскоро', 'повертываться', 'язык', 'закипать', 'чайник', 'волшебный', 'плита', 'минута', 'никто', 'хотеть', 'спать', 'снаряжение', 'поскакать', 'гора', 'знак-кавычки']"
0,1,1,0,0,1,0,1,0,0,0,1,0,1,0,1,0,1,0,1,0,0,"['хотеть', 'кортес', 'мышка', 'облегчить', 'восхождение', 'ступень', 'отказаться', 'помощь']"
1,1,1,0,1,1,1,1,1,1,1,1,0,1,0,1,1,1,0,1,1,0,"['сильный', 'морской', 'течение', 'плот', 'унести', 'берег', 'центральный', 'америка', 'швырять', 'сторона']"
1,0,1,1,1,1,1,1,1,1,1,1,0,1,1,1,1,1,1,1,1,0,"['ужасный', 'труп', 'медленно', 'соскальзывать', 'верхний', 'площадка', 'рука', 'медленный', 'шествие', 'вынести', 'девяностометровый', 'сцена']"
1,1,1,0,1,1,1,1,1,1,1,1,1,0,0,1,1,1,0,1,1,0,"['образовать', 'накида', 'следовать', 'правый', 'спица', 'рабочий', 'нить', 'лежать', 'указательный', 'палец', 'левый', 'рука', 'сверху', 'движение', 'справа', 'налево', 'рис']"
1,0,1,0,1,1,1,1,1,1,1,1,0,1,1,1,1,1,0,1,1,0,"['рабочий', 'нить', 'движение', 'нитка', 'рис']"
1,1,1,1,1,1,1,1,1,1,1,1,0,1,1,1,1,1,0,1,1,0,"['влетать', 'букет', 'цветок', 'подарок', 'рука', 'шептать', 'истосковаться', 'нести', 'постель']"
1,0,1,1,1,1,0,1,0,0,0,1,0,1,1,1,0,1,0,1,0,0,"['партизан', 'броситься', 'завопить', 'глотка', 'рука', 'начать', 'качать', 'знак-кавычки']"
1,1,1,1,1,1,1,1,1,1,1,1,1,1,1,1,1,1,0,1,1,0,"['знать', 'обнимать', 'мальчик', 'ждать', 'ворота', 'иисус', 'собрать', 'протянуть', 'любящий', 'рука', 'сказать', 'рад']"
1,0,1,1,1,1,1,1,1,1,1,1,1,1,1,1,1,1,0,1,1,0,"['ветер', 'кружить', 'причудливый', 'хоровод']"
1,1,1,1,1,1,1,1,1,1,1,1,1,1,1,1,1,1,0,1,1,0,"['камень', 'кинуть', 'знак']"
1,1,1,1,1,1,1,1,1,1,1,1,0,1,1,1,1,1,0,1,1,0,"['заводить', 'левый', 'рука', 'стол', 'колено', 'монета', 'правый', 'подравнивать', 'настоящий', 'полый', 'собирать', 'стопка']"
1,1,1,1,1,1,1,1,1,1,1,1,0,1,1,1,1,1,0,1,1,0,"['парашют', 'должный', 'опереться', 'воздух']"
1,0,1,0,1,1,0,1,0,1,0,1,0,1,0,1,0,1,0,1,1,0,"['наконец', 'чувствовать', 'временно', 'отпустить', 'седло', 'давать', 'ребенок', 'проехать', 'самостоятельно', 'метр', 'готовый', 'снова', 'любой', 'минута']"
0,1,1,1,0,0,0,0,1,1,1,0,1,1,1,0,0,0,0,0,0,0,"['навстречу', 'выбежать', 'подруга', 'радостно', 'рука', 'потянуть', 'салон', 'толковать', 'чудесный', 'проект', 'превращать', 'голливудский', 'красавица', 'хороший']"
0,0,1,1,0,0,0,0,0,0,0,0,0,1,1,0,0,0,0,0,0,0,"['катушка', 'выбрасывать', 'окно', 'новый', 'почта', 'детвора', 'разматывать', 'улица']"
0,0,1,1,0,0,0,0,0,0,0,0,0,1,1,0,0,0,0,0,0,0,"['окружить', 'англичанин', 'сталь', 'задавать', 'вопрос', 'друг', 'перебить', 'англия', 'рука', 'проводить', 'выход']"
0,0,0,1,0,0,1,0,1,1,1,0,0,1,1,0,1,0,0,0,1,0,"['ответ', 'таня', 'ягодица', 'легко', 'приподнимать']"
1,0,1,1,1,1,1,1,1,1,1,1,0,1,1,1,1,1,0,1,1,0,"['ремень', 'кобура', 'пистолет', 'выйти', 'улица']"
0,0,0,1,0,0,0,0,0,0,0,0,0,1,1,0,0,0,0,0,0,0,"['труба', 'вывести', 'примерно', 'высота', 'метр', 'наклонить', 'слегка', 'сторона', 'общий', 'шахта', 'поток', 'воздух', 'подниматься', 'снизу', 'пролетать', 'рядом', 'сила', 'вытягивать', 'канал', 'верхний', 'этаж']"
0,0,0,0,0,0,0,0,0,0,0,0,0,1,1,0,0,0,0,0,0,1,"['стать', 'интересный']"
0,1,1,1,0,0,0,0,0,0,0,0,0,1,1,0,0,0,0,0,0,1,"['сыграть', 'персонаж', 'часто', 'грешный', 'слабый', 'беспомощный', 'загнать', 'жесткий', 'рамка', 'конец', 'среда']"
0,0,0,0,0,0,0,0,0,0,0,0,0,0,0,0,0,0,0,0,0,1,"['желание', 'один', 'гребенка', 'знак-кавычки']"
0,0,1,0,0,0,0,0,0,0,0,0,0,1,0,0,0,0,0,0,0,1,"['средний', 'век', 'эуроп', 'хорошо', 'собенно', 'англия', 'политика', 'ограживание', 'вырезать', 'самый', 'буйный', 'остальной', 'протестантизм', 'ожидовить', 'знак-кавычки', 'знак-кавычки']"
0,0,0,0,0,0,0,0,0,0,0,0,0,1,0,0,0,0,0,0,0,1,"['москва', 'наследовать', 'ордынский', 'принцип', 'управление', 'один', 'гребенка']"
0,0,0,0,0,0,0,0,0,0,0,0,0,0,0,0,0,0,0,0,0,1,"['стандарт', 'один', 'гребенка', 'знак-кавычки']"
0,1,1,0,0,0,0,0,0,0,0,0,0,1,0,0,0,0,0,0,0,1,"['премудрый', 'редактор', 'хитро', 'интервью', 'убрать', 'восклицание', 'варвара', 'знак-кавычки', 'знак-кавычки']"
0,1,1,0,0,0,0,0,0,0,0,0,1,0,0,0,0,0,0,0,0,1,"['беатрис', 'сделать', 'массаж', 'маникюр', 'педикюр']"
0,1,0,0,0,0,0,0,0,0,0,0,1,0,0,0,0,0,0,0,0,1,"['книга', 'помочь', 'гениальный', 'мысль', 'знак-кавычки']"
1,1,0,0,1,1,1,1,0,0,0,1,0,0,0,1,0,1,0,1,0,1,"['выразиться', 'коммуна', 'газета', 'хотеть', 'знак-кавычки', 'знак-кавычки']"
0,0,1,0,0,0,0,0,0,0,0,0,0,1,0,0,0,0,0,0,0,1,"['настоящий', 'момент', 'вместе', 'коллектив', 'пытаться', 'новый', 'дизайн', 'сайт']"
0,0,0,0,0,0,0,0,0,0,0,0,1,0,0,0,0,0,0,0,0,1,"['часто', 'отношение', 'свойственный', 'договор', 'комиссия', 'контрагент', 'пытаться', 'обычный', 'купить', 'продажа', 'простота', 'учитывать', 'другой', 'трудность', 'знак-кавычки']"
0,1,0,0,0,0,0,0,0,0,0,0,0,0,0,0,0,0,0,0,0,1,"['желание', 'учесть', 'щастье', 'наступить', 'знак-кавычки']"
0,0,0,0,0,0,1,0,1,0,0,0,0,0,0,0,1,0,0,0,1,1,"['лох', 'придтись', 'перечесть', 'найти', 'сходный', 'фашизм', 'момент', 'советский', 'союз', 'сталин', 'год']"
1,0,1,1,1,1,1,1,1,1,1,1,0,1,1,1,1,1,0,1,1,1,"['панк', 'рок', 'давно', 'находиться', 'кризис', 'пытаться', 'проглотить', 'бизнес', 'хотеть', 'определенный', 'формат', 'заработать', 'собираться', 'сдаваться', 'гордо', 'продолжать', 'нести', 'боевой', 'дух', 'который', 'заключать', 'изначально', 'рок-музыка', 'передать', 'эстафета', 'наглый', 'циничный', 'время', 'искренний', 'бескомпромиссномупанк']"
0,0,0,0,0,0,0,0,0,0,0,0,1,0,0,0,0,0,0,0,0,1,"['потребоваться', 'провести', 'недорогой', 'организационный', 'мероприятие', 'структура', 'компания', 'знак-кавычки', 'знак-кавычки']"
0,1,1,0,0,0,0,0,0,0,0,0,1,1,0,0,0,0,0,0,0,1,"['готовый', 'первый', 'материал', 'который', 'выставить', 'вместе', 'телеконференция', 'гостевой', 'книга', 'требоваться', 'концепция', 'сайт', 'знак-кавычки']"
1,0,0,0,1,1,0,1,0,0,0,1,0,1,0,1,0,1,0,1,0,1,"['соприкасаться', 'дело', 'пытаться', 'показание', 'виновный', 'знак-кавычки']"
0,0,0,0,0,0,0,0,0,0,0,0,0,0,0,0,0,0,0,0,0,1,"['многоконфессиональный', 'многонациональный', 'россия', 'хотеть', 'один', 'гребенка', 'вычесать', 'тюркский', 'дать', 'ребенок', 'изучить', 'язык', 'предок', 'продолжить', 'культура', 'дед', 'знак-кавычки']"
0,1,0,1,0,0,1,0,1,1,1,1,1,1,1,1,1,1,1,1,1,1,"['совет', 'тянуть', 'повесть', 'писать', 'заново', 'выстраивать', 'цепь', 'событие', 'классический', 'форма', 'продумывать', 'действие', 'герой', 'подчиняться', 'логика', 'слепой', 'порыв', 'фантазия']"
0,0,0,0,0,0,0,0,0,0,0,0,0,0,0,0,0,0,0,0,0,1,"['другой', 'сторона', 'путин', 'подчеркивать', 'обязательно', 'один', 'порядок', 'учебник', 'должный', 'излагаться', 'разный', 'точка', 'зрение', 'проблема', 'общественный', 'государственный', 'развитие', 'который', 'сегодняшний', 'власть', 'считаться', 'правильный', 'смысл', 'стандарт', 'терпеть', 'неизбежный', 'политический', 'эрозия', 'превращаться', 'косметический', 'ремонт', 'гуманитарный', 'наука', 'знак-кавычки', 'знак-кавычки', 'знак-кавычки', 'знак-кавычки']"
0,1,1,1,0,0,0,0,0,0,0,0,1,1,0,0,0,0,0,0,0,1,"['электричка', 'хотеться', 'сполоснуться', 'привести', 'порядок', 'растрепать', 'мысль']"
0,0,1,0,0,0,0,0,0,0,0,0,0,1,0,0,0,0,1,0,0,1,"['смешной', 'казаться', 'попытка', 'отдельный', 'ученый', 'мичуринский', 'учение', 'гребенка', 'менделевский', 'генетика']"
0,0,0,1,0,0,0,0,0,0,0,0,0,0,1,0,0,0,0,0,0,1,"['нечестно', 'условно', 'упростить', 'полнота', 'творчество', 'непомнящий', 'православный', 'стандарт', 'знак-кавычки', 'знак-кавычки']"
0,1,0,0,0,0,0,0,0,0,0,0,1,0,0,0,0,0,0,0,0,1,"['попытка', 'графический', 'редактор', 'показать', 'скан', 'привести', 'удобоваримый', 'вид', 'распознать', 'практически', 'ошибка']"
0,1,1,1,0,0,0,0,0,0,0,0,1,1,1,0,0,0,0,0,0,1,"['ссылка', 'кидать', 'выкладывать', 'отдельный', 'страница']"
0,0,0,0,0,0,0,0,0,0,0,0,0,0,0,0,0,0,0,0,0,1,"['действовать', 'принцип', 'пригладить', 'сделать', 'благообразный', 'этнофольклорный', 'мелодия']"
0,0,0,0,0,0,0,0,0,0,0,0,0,0,0,0,0,0,0,0,0,1,"['получаться', 'данный', 'поправка', 'законотворец', 'один', 'гребенка', 'обычный', 'школа', 'центр', 'образование', 'разительный', 'отличаться', 'знак-кавычки', 'знак-кавычки']"
0,1,0,0,0,0,1,0,1,1,1,0,0,0,0,0,0,0,0,0,1,1,"['случай', 'изменение', 'представление', 'мозг', 'постараться', 'прийти', 'состояние', 'равновесие', 'хороший', 'логично', 'предсказуемый', 'понятно', 'попробовать', 'воспоминание', 'исправить', 'отношение', 'ранее', 'увидеть', 'сделать', 'новый', 'понимание', 'мир', 'вступать', 'противоречие', 'вылазить', 'прошлое', 'знак-кавычки', 'знак-кавычки']"
0,1,0,0,0,0,0,0,0,0,0,0,1,0,0,0,0,0,0,0,0,1,"['написать', 'сталь', 'торопить', 'редактор', 'время', 'текст', 'найтись', 'знак-кавычки']"
1,1,0,0,1,1,0,1,0,0,0,1,1,0,0,1,0,1,0,1,0,1,"['присоединяться', 'инф', 'начать']"
1,0,0,0,1,1,0,1,0,0,0,1,0,0,0,1,0,1,0,1,0,1,"['граматика', 'тиснуть', 'опрос', 'чесный']"
1,0,1,0,1,1,1,1,1,1,1,1,0,0,0,1,1,1,1,1,1,1,"['конец', 'начало', 'год', 'участник', 'страховой', 'группа', 'капитал', 'другой', 'акционер', 'банк', 'баланс', 'слово', 'ранее', 'поступить', 'ингоссстрах', 'продать', 'акция', 'союз', 'компания', 'холдинг', 'финансресурс', 'процент-знак', 'принадлежать', 'оффшор', 'входить', 'состав', 'знак-кавычки', 'знак-кавычки', 'знак-кавычки', 'знак-кавычки', 'знак-кавычки', 'знак-кавычки']"
1,1,1,1,1,1,1,1,1,1,1,1,1,1,1,1,1,1,1,1,1,1,"['попадаться', 'игрок', 'повод', 'один', 'гребенка', 'знак-кавычки', 'знак-кавычки']"
1,1,1,1,1,1,1,1,1,1,1,1,1,1,1,1,1,1,1,1,1,1,"['речь', 'идти', 'русь', 'жить', 'хорошо', 'логика']"
1,1,1,1,1,1,1,1,1,1,1,1,1,1,1,1,1,1,1,1,1,1,"['пытаться', 'гребенка']"
1,1,1,1,1,1,1,1,1,1,1,1,1,1,1,1,1,1,1,1,1,1,"['предложить', 'редактировать', 'очерк', 'исправить', 'грамматический', 'грех', 'жаркий', 'речь', 'буйный', 'встрепанный', 'язык']"
1,0,1,1,1,1,1,1,1,1,1,1,0,1,1,1,1,1,1,1,1,1,"['думаться', 'один', 'гребенка', 'удаться', 'регулирование', 'должно', 'носить', 'вариативный', 'характер', 'максимально', 'учитывать', 'социально-экономический', 'особенность', 'территория']"
1,1,1,1,1,1,1,1,1,1,1,1,1,1,1,1,1,1,1,1,1,1,"['повторять', 'легко', 'утратить', 'самобытность', 'один', 'гребенка', 'культурный', 'интеллектуальный', 'потенциал', 'страна', 'целое', 'улучшиться', 'вырасти', 'наоборот', 'принести', 'определенный', 'ущерб']"
1,1,1,0,1,1,1,1,1,1,1,1,1,1,1,1,1,1,1,1,1,1,"['создаваться', 'впечатление', 'правоохранитель', 'судья', 'намеренно', 'стремиться', 'статистика', 'мир', 'узнать', 'часто', 'украина', 'нарушать', 'право', 'журналист']"
1,1,1,1,1,1,1,1,1,1,1,1,1,1,1,1,1,1,1,1,1,1,"['хорошо', 'посоветовать', 'автор', 'контракт']"
1,1,1,1,1,1,1,1,1,1,1,1,1,1,1,1,1,1,1,1,1,1,"['текст', 'случай', 'значить', 'убить', 'затея', 'авторский', 'взгляд', 'один', 'писатель', 'другой']"
1,0,1,1,1,1,1,1,1,1,1,1,1,1,0,1,1,1,1,1,1,1,"['называться', 'срезать', 'деревня', 'родина', 'приезжать', 'кандидат', 'наука', 'жена', 'сельский', 'житель', 'идти', 'знак-кавычки', 'знак-кавычки']"
1,1,1,1,1,1,1,1,1,1,1,1,1,1,1,1,1,1,1,1,1,1,"['перечитывать', 'пятый', 'очередной', 'статья', 'заказ', 'стараться', 'неровность', 'шероховатость', 'чистый', 'совесть', 'отправить', 'покупатель']"
1,1,1,1,1,1,1,1,1,1,1,1,1,1,1,1,1,1,1,1,1,1,"['россия', 'европейский', 'гребенка', 'никто', 'прийти', 'голова', 'делать', 'один', 'деталь', 'знак-кавычки']"
1,1,1,1,1,1,1,1,1,1,1,1,1,1,1,1,1,1,1,1,1,1,"['выдержать', 'должный', 'последовательность', 'интерпретация', 'аграрный', 'проблематика', 'исчезающе', 'малый', 'величина', 'марксизм', 'вынужденный', 'один', 'стальной', 'гребенка', 'остальной', 'сюжет', 'связанный', 'деревня']"
1,1,1,0,1,1,1,1,1,1,1,1,1,1,1,1,1,1,1,1,1,1,"['развал', 'история', 'первый', 'пытаться', 'осовременить', 'облагородить', 'знак-кавычки']"
1,1,1,1,1,1,1,1,1,1,1,1,1,1,1,1,1,1,1,1,1,1,"['миллион', 'мелихов', 'говорить', 'музей', 'призыв', 'идеология', 'попытка', 'переделать', 'один', 'марка', 'гребенка']"
1,0,1,1,1,1,1,1,1,1,1,1,1,1,1,1,1,1,1,1,1,1,"['разработчик', 'особо', 'задумываться', 'пользовательский', 'интерфейс', 'поделка', 'точно', 'попытка', 'один', 'гребенка', 'делать']"
1,1,1,0,1,1,1,1,1,1,1,1,1,1,1,1,1,1,1,1,1,1,"['показательный', 'экскурсия', 'избранный', 'президентский', 'межигорье', 'сложиться', 'впечатление', 'попытка', 'имидж', 'янукович', 'создать', 'видимость', 'благополучие', 'отношение', 'власть', 'сми', 'знак-кавычки', 'знак-кавычки', 'знак-кавычки', 'знак-кавычки']"
1,0,1,0,1,1,1,1,1,1,1,1,0,1,1,1,1,1,1,1,1,1,"['текст', 'недавно', 'диалог', 'аська', 'приятный', 'человек', 'слегка', 'второй', 'сторона', 'отсутствовать', 'обращаться', 'некого', 'собирательный', 'знак-кавычки']"
0,1,1,0,0,0,0,0,0,0,0,0,1,0,0,0,0,0,1,0,0,1,"['фактически', 'компьютерный', 'клуб', 'один', 'гребенка', 'появиться', 'повсюду', 'интерактивный', 'заниматься', 'завуалированный', 'игорный', 'бизнес', 'учесть', 'доход', 'тип', 'заведение', 'несопоставимый']"
1,0,0,1,1,1,1,1,1,1,1,1,1,1,1,1,1,1,1,1,1,1,"['сбой', 'наметиться', 'сценарий', 'любимый', 'женщина', 'механик', 'гаврилов', 'режиссер', 'петр', 'тодоровский', 'пригладить', 'драматургия', 'снять', 'легкий', 'водевиль', 'переодевание', 'пляска', 'неутомимый', 'людмила', 'гурченко', 'знак-кавычки']"
1,1,1,1,1,1,1,1,1,1,1,1,1,1,1,1,1,1,1,1,1,1,"['понедельник', 'обсудить', 'знак-кавычки']"
1,1,1,0,1,1,1,1,1,1,1,1,1,0,0,1,1,1,1,1,1,1,"['один', 'гребенка', 'знать', 'рота', 'настоятельно', 'рекомендовать', 'покончить', 'деятельность', 'критик', 'знак-кавычки', 'знак-кавычки']"
1,1,1,0,1,1,1,1,1,1,1,1,1,1,0,1,1,1,1,1,1,1,"['постараться', 'перевод', 'степень', 'вдумчивый', 'чтение', 'становиться', 'понятно', 'знак-кавычки']"
0,0,0,0,0,0,0,0,0,0,0,0,1,0,0,0,0,0,1,0,0,1,"['пройти', 'неделя', 'появиться', 'время', 'стабилизировать', 'функционал', 'код', 'ужасный', 'работать', 'задумать', 'пора', 'выполнить', 'обещать']"
0,0,1,0,0,0,0,0,0,0,0,0,1,0,0,0,0,0,1,0,0,1,"['противоречить', 'законодательство', 'сложно', 'создать', 'универсальный', 'стандарт', 'рамка', 'пятизвездочный', 'сегмент', 'бутик', 'отель', 'исторический', 'разный', 'инфраструктура', 'который', 'общий', 'гребенка', 'невозможно']"
1,0,1,1,1,1,1,1,1,1,1,1,0,1,1,1,1,1,1,1,1,1,"['канонический', 'евангелие', 'просто', 'верить']"
1,0,1,0,1,1,0,1,0,0,0,1,1,1,0,1,0,1,1,1,0,1,"['просто', 'делать', 'дать', 'возможность', 'местный', 'редакционный', 'коллектив', 'писать', 'стараться', 'единый', 'стандарт', 'знак-кавычки']"
0,1,1,0,0,0,1,0,1,1,1,0,1,0,0,0,1,0,1,0,1,1,"['стать', 'дружелюбный', 'игрок', 'разработчик', 'сетевой', 'код']"
1,1,1,1,1,1,1,1,1,1,1,1,1,0,1,1,1,1,1,1,1,1,"['недостаточно', 'дубинка', 'голова']"
0,0,1,0,0,0,1,0,0,1,1,0,0,0,0,0,1,0,1,0,1,1,"['выйти', 'очередной', 'редакция', 'который', 'указ', 'стать', 'работать', 'многие', 'вернуться', 'долевка', 'знак-кавычки', 'знак-кавычки']"
0,0,0,0,0,0,0,0,0,0,0,0,0,0,0,0,0,0,0,0,0,1,"['гений', 'детство', 'пытаться', 'общий', 'гребенка', 'становиться', 'талант']"
1,1,1,0,1,1,1,1,1,1,1,1,1,1,0,1,1,1,1,1,1,1,"['лето', 'идеальный', 'время', 'создать', 'новый', 'проект', 'осень', 'называться', 'вдарить', 'катушка']"
0,1,1,1,0,0,0,0,0,0,0,0,1,1,1,0,0,0,1,1,0,1,"['сравнение', 'данный', 'этап', 'разработка', 'представлять', 'слабо', 'функционировать', 'альфа', 'версия', 'который', 'месяц', 'наспех', 'выкинуть', 'полка', 'знак-кавычки']"
0,0,1,0,0,1,0,1,0,0,0,0,0,1,0,0,0,0,1,0,0,1,"['поговорка', 'приводить', 'стать', 'журналист', 'один', 'гребенка', 'решить', 'чесать', 'уметь', 'держать', 'поветр', 'нос', 'знак-кавычки']"
0,0,1,0,0,0,0,0,0,0,0,0,1,0,0,0,0,0,1,0,0,1,"['многое', 'региональный', 'парламентский', 'журналистика', 'идти', 'кильватер', 'федеральный', 'особенно', 'год', 'назад', 'президент', 'россия', 'поставить', 'задача', 'местный', 'законодательство', 'привести', 'единый', 'правовой', 'поле', 'знак-кавычки']"
0,0,1,0,0,0,0,0,0,0,0,0,0,0,0,0,0,0,1,0,0,1,"['один', 'другой', 'пытаться', 'понять', 'индивидуальность', 'дело', 'снова', 'гребенка', 'точно', 'пробор', 'забыть', 'человек', 'разный']"
0,0,1,0,0,0,0,0,0,0,0,0,1,0,0,0,0,0,1,0,0,1,"['уверенный', 'совсем', 'корректный', 'один', 'гребенка']"
0,0,1,1,0,0,1,0,1,1,1,0,1,0,1,0,1,0,1,0,1,1,"['образец', 'код', 'отладить', 'добавить', 'возможность', 'автоматический', 'публикация', 'очистить', 'текст']"
1,1,1,1,1,1,1,1,1,1,1,1,1,1,1,1,1,1,1,1,1,1,"['серия', 'сезон', 'который', 'хотеть', 'телевизионщик', 'один', 'персонаж', 'мультфильм', 'кайло', 'звонить', 'президент', 'путин', 'просьба', 'помочь', 'отправка', 'кит', 'луна', 'знак-кавычки']"
0,0,1,0,0,1,0,1,0,1,1,1,1,1,0,1,0,1,1,1,0,1,"['значит', 'выгодно', 'копать', 'глубоко', 'слегка']"
0,0,1,1,0,0,1,0,0,1,0,0,0,0,0,0,1,0,1,0,0,1,"['структура', 'форум', 'знак-кавычки']"
0,0,1,0,0,0,0,0,0,0,0,0,0,1,0,0,0,1,1,1,0,1,"['последний', 'трейлер', 'видно', 'график', 'кромешный', 'ад']"
1,1,1,1,1,1,1,1,1,1,1,1,1,1,1,1,1,1,1,1,1,1,"['стоять', 'чудовищный', 'однообразие', 'освещение', 'картина', 'день', 'искать', 'незримый', 'рука', 'серый', 'кардинал', 'цензура', 'желание', 'компрадорский', 'элита', 'пресловутый', 'один', 'гребенка', 'знак-кавычки', 'знак-кавычки', 'знак-кавычки', 'знак-кавычки']"
0,0,1,0,0,0,0,0,0,0,0,0,0,0,0,0,0,0,1,0,0,1,"['готовый', 'процент-знак', 'остаться', 'исправить', 'баги', 'некоторый', 'внутрениие', 'страница', 'основной', 'замечание', 'доделать', 'поиск', 'сайт', 'возможность', 'заполнять', 'любой', 'поле', 'обязательно', 'выбирать', 'марка', 'размер', 'иметь', 'заполнение', 'произвольный', 'количество', 'изменить', 'внешний', 'вид', 'макет', 'кнопка', 'вход', 'добавить', 'ссыллка', 'общиий', 'подбор', 'меню', 'внутренний', 'косяк', 'верстка', 'мес', 'особенно', 'експлорер', 'например', 'корзина', 'експлорере', 'позиция', 'расползаться', 'вывод', 'сезонность', 'тип', 'авто', 'таблица', 'база', 'данные', 'знак-кавычки']"
0,1,1,0,0,0,0,0,0,0,0,0,1,1,0,0,0,0,1,0,0,1,"['дать', 'потребитель', 'возможность', 'выбор', 'операционный', 'система', 'решить', 'один', 'гребенка']"
0,1,1,1,0,1,0,1,0,0,0,1,1,1,0,1,0,1,1,1,0,1,"['готовый', 'помочь', 'подредактировать', 'мелочь', 'основной', 'мысль', 'слово', 'должный', 'знак-кавычки']"
0,0,1,1,0,0,1,0,0,1,0,0,0,0,1,0,1,0,1,0,0,1,"['данный', 'момент', 'крупный', 'проект', 'поглядеть', 'последний', 'джумло', 'говорить', 'сделать', 'рывок', 'функциональность', 'код', 'выглядеть', 'хорошо', 'стать']"
1,0,1,1,1,1,1,1,1,1,1,1,1,1,1,1,1,1,1,1,1,1,"['поработать', 'персонаж', 'естественно', 'стиль', 'раскрасить', 'диалог', 'незатейливый', 'юмор', 'подойти', 'дешевый', 'серия', 'дамский', 'роман', 'знак-кавычки']"
0,0,1,0,0,0,0,0,0,0,0,0,1,0,0,0,0,0,1,0,0,1,"['стараться', 'максимально', 'эмитент', 'понятный', 'инвестор', 'сообщить', 'тимофеев']"
0,1,1,0,0,0,0,0,0,0,0,0,1,0,0,0,0,0,0,0,0,1,"['эксперт', 'исключать', 'региональный', 'экспансия', 'попытка', 'акционер', 'банк', 'поиск', 'стратегический', 'инвестор', 'продажа', 'бизнес', 'знак-кавычки']"
1,1,0,0,1,1,0,1,0,0,0,1,1,1,0,1,0,1,1,1,0,1,"['мнение', 'иметь', 'смысл', 'строить', 'семейный', 'коттеджик', 'цена']"
1,0,0,0,1,1,0,1,0,0,0,1,1,1,0,1,0,1,1,1,0,1,"['один', 'гребенка']"
0,0,0,0,0,0,0,0,0,0,0,0,1,0,0,0,0,0,1,0,0,1,"['правда', 'удержаться', 'таблица', 'наглядность', 'знак-кавычки']"
0,0,0,0,0,0,0,0,0,0,0,0,1,0,0,0,0,0,1,0,0,1,"['чат', 'знак-кавычки']"
0,0,0,1,0,0,0,0,0,0,0,0,1,0,0,0,0,0,1,0,0,1,"['пермский', 'аналитик', 'городской', 'высотка', 'один', 'гребенка', 'предложить', 'классификация', 'сегмент', 'новый', 'жилье', 'критерий', 'знак-кавычки']"
0,1,0,0,0,0,0,0,0,0,0,0,1,0,0,0,0,0,0,0,0,1,"['посоветовать', 'вещь', 'резюме', 'короткий', 'работа', 'месяц', 'хорошо', 'убрать', 'подробно', 'прописать', 'функционал', 'последний', 'место', 'использование', 'сильный', 'результативный', 'глагол', 'создать', 'оптимизировать', 'добиться', 'знак-кавычки', 'знак-кавычки']"
1,1,1,1,1,1,1,1,1,1,1,1,1,1,1,1,1,1,1,1,1,1,"['дело', 'человек', 'разный', 'культура', 'характер', 'христианство', 'один', 'гребенка']"
1,0,1,1,1,1,1,1,1,1,1,1,0,1,1,1,1,1,1,1,1,1,"['переместить', 'последний', 'место', 'попробовать', 'знак-кавычки']"
1,0,0,1,1,1,1,1,1,1,1,1,1,0,1,1,1,1,1,1,1,1,"['малларме', 'одновременно', 'ощущать', 'странный', 'притягательный', 'сила', 'миф', 'рембо', 'время', 'чувствовать', 'скандализовать', 'испытывать', 'неловкость', 'смущение', 'стремиться', 'закамуфлировать', 'заключить', 'отчасти', 'принятый', 'литературный', 'рамка', 'знак-кавычки', 'знак-кавычки']"
1,0,1,1,1,1,1,1,1,1,1,1,0,1,1,1,1,1,1,1,1,1,"['главное', 'скоро', 'телеканал', 'один', 'благостный', 'гребенка', 'правда', 'больше', 'напоминать', 'грабли']"
1,1,1,1,1,1,1,1,1,1,1,1,1,1,1,1,1,1,1,1,1,1,"['попытаться', 'список']"
1,0,1,1,1,1,1,1,1,1,1,1,1,1,1,1,1,1,1,1,1,1,['большевизм']
1,0,0,1,1,0,1,0,1,0,0,0,1,0,0,0,1,0,1,0,1,1,"['считать', 'поголовно', 'женщина', 'бестолковый', 'неспособный', 'выражать', 'мысль', 'строить', 'фраза', 'бесполезно', 'тратить', 'время', 'всякий', 'ерунда', 'естественно', 'гребенка', 'знак-кавычки']"
1,1,1,1,1,1,1,1,1,1,1,1,1,1,1,1,1,1,1,1,1,1,"['решать', 'этнографический', 'проблема', 'один', 'гребенка', 'россиянин']"
1,1,1,0,1,1,1,1,1,1,1,1,1,1,1,1,1,1,1,1,1,1,"['приписать', 'апостол', 'павел', 'говорить', 'второй', 'вопрос', 'знак-кавычки']"
1,0,1,1,1,1,1,1,1,1,1,1,1,1,1,1,1,1,1,1,1,1,"['сожаление', 'следовать', 'ожидать', 'перевод', 'оказаться', 'неуклюжий', 'сила', 'постараться', 'додумать', 'результат', 'предлагать', 'внимание', 'знак-кавычки']"
1,0,1,1,1,1,1,1,1,1,1,1,0,1,1,1,1,1,1,1,1,1,"['цитата', 'всякий', 'догадаться', 'написать', 'год']"
1,1,0,0,1,1,1,1,1,1,1,1,1,0,0,1,1,1,1,1,1,1,"['сегодняшний', 'обязательно', 'проводить', 'сравнение', 'ссср', 'знак-кавычки']"
1,1,0,0,1,1,1,1,1,1,1,1,1,0,0,1,1,1,1,1,1,1,"['сегодня', 'тотальный', 'задача', 'потребитель', 'один', 'гребенка', 'бизнес', 'легко', 'работать']"
1,1,0,0,1,1,1,1,1,1,1,1,1,1,0,1,1,1,1,1,1,1,"['утверждать', 'прошлый', 'побояться', 'непонятый', 'дебют', 'малость', 'творчество', 'знак-кавычки']"
1,1,1,0,1,1,1,1,1,1,1,1,1,1,0,1,1,1,1,1,1,1,"['думать', 'дело', 'программа', 'иметь', 'доработать', 'изобразительный', 'промышленный', 'эстетика', 'год', 'викторианский', 'уверенный', 'довести', 'плохой', 'знак-кавычки']"
1,1,1,1,1,1,1,1,1,1,1,1,1,1,1,1,1,1,1,1,1,1,"['наказать', 'прошлый', 'штраф', 'некоторый', 'приостановление', 'строительство', 'застройщик', 'подсобраться', 'новый', 'проверка', 'постараться', 'объект', 'который', 'предстать', 'разный', 'степень', 'благоустроенность', 'знак-кавычки']"
1,1,1,0,1,1,1,1,1,1,1,1,1,1,1,1,1,1,1,1,1,1,"['особенно', 'песня', 'боб', 'марля', 'хотеть', 'сделать', 'коммерчески', 'привлекательный', 'главное', 'день', 'многий', 'запись', 'сгладить', 'компрессия', 'знак-кавычки']"
1,1,1,1,1,1,1,1,1,1,1,1,1,1,1,1,1,1,1,1,1,1,"['блог', 'написать', 'работа', 'программа', 'вестись', 'полностью', 'переписать', 'остаться', 'почистить', 'код', 'приделать', 'чудо', 'новый', 'конфигуратор', 'знак-кавычки']"
1,1,1,1,1,1,1,1,1,1,1,1,1,1,1,1,1,1,1,1,1,1,"['организовать', 'запись', 'выстроить', 'очередной', 'эссе']"
1,1,1,1,1,1,1,1,1,1,1,1,1,1,1,1,1,1,1,1,1,1,"['редактор', 'успеть', 'согласовать', 'автор', 'который', 'упираться', 'выходить', 'знак-кавычки']"
1,0,1,1,1,1,1,1,1,1,1,1,1,1,1,1,1,1,1,1,1,1,"['альпы', 'достояние', 'горнолыжный', 'страна', 'трасса', 'курорт', 'один', 'гребенка']"
1,1,1,1,1,1,1,1,1,1,1,1,1,1,1,1,1,1,1,1,1,1,"['значит', 'нужный', 'слово', 'остаться', 'записать', 'опубликовать', 'знак-кавычки']"
0,1,1,1,0,0,0,0,0,0,0,0,1,1,1,0,0,0,1,0,0,1,"['милонга', 'отличный', 'танго', 'практика', 'закрепить', 'материал', 'получить', 'урок', 'школа', 'танец', 'способ', 'хореография', 'понять', 'собственный', 'тело', 'подняться', 'один', 'ступень', 'развитие', 'выше']"
1,1,1,0,1,1,1,1,1,1,1,1,1,1,0,1,1,1,1,1,1,1,"['единый', 'означать', 'один', 'гребенка', 'уравнять']"
1,1,1,1,1,1,1,1,1,1,1,1,1,1,1,1,1,1,1,1,1,1,"['представить', 'слажно', 'убить', 'год', 'перевернуть', 'нога', 'голова', 'жизнь', 'один', 'хороший', 'подний', 'градус', 'аттракцион', 'слабонервный']"
1,1,1,1,1,1,1,1,1,1,1,1,1,1,1,1,1,1,1,1,1,1,"['круговерть', 'остановиться', 'обязательно', 'написать', 'мысль']"
1,0,1,1,1,1,1,1,1,1,1,1,0,1,1,1,1,1,1,1,1,1,"['долго', 'выкладывать', 'пытаться', 'прога']"
1,1,1,1,1,1,1,1,1,1,1,1,1,1,1,1,1,1,1,1,1,1,"['попытка', 'один', 'гребенка', 'наводить', 'мысль', 'гипертрофированный', 'властолюбие', 'отдельный', 'лицо', 'знак-кавычки']"
1,1,1,1,1,1,0,1,0,0,0,1,1,1,1,1,0,1,1,1,0,1,"['выгнать', 'зачет', 'твой', 'знаменитый', 'борт', 'наглухо', 'глаз', 'студент', 'знак-кавычки']"
0,0,0,0,0,0,0,0,0,0,0,0,1,0,0,0,0,0,1,0,0,1,"['финал', 'привычный', 'пробор']"
1,1,0,0,1,1,1,1,1,1,1,1,1,0,0,1,1,1,1,1,1,1,"['первый', 'день', 'взрыв', 'информация', 'картина', 'выглядеть', 'знак-кавычки']"
1,0,1,1,1,1,1,1,1,1,1,1,1,1,1,1,1,1,1,1,1,1,"['общий', 'суть', 'посыл', 'простой', 'просто', 'иметься', 'рынок', 'убивать', 'вводить', 'государственный', 'игрок', 'счет', 'который', 'играть', 'правило', 'беспределить', 'знак-кавычки', 'знак-кавычки']"
1,1,1,0,1,1,1,1,1,1,1,1,1,1,0,1,1,1,1,1,1,1,"['понятный', 'дело', 'выход', 'свет', 'необходимо', 'поработать', 'улучшение', 'внешний', 'вид', 'понимание', 'инвестор', 'означать', 'отчетность', 'знак-кавычки', 'знак-кавычки']"
0,1,1,1,0,1,1,1,1,1,1,1,1,1,1,1,1,1,1,1,1,1,"['половина', 'конкурсный', 'работа', 'прийти', 'последний', 'день', 'конкурс', 'секретарь', 'оргкомитет', 'физически', 'успевать', 'прочесть', 'слегка', 'внести', 'список', 'соответствующий', 'номер', 'опубликовать', 'сайт', 'знак-кавычки']"
1,1,0,0,1,1,1,1,1,1,1,1,1,0,0,1,1,1,1,1,1,1,"['один', 'гребешок', 'удаться']"
1,0,1,1,1,1,0,1,0,0,0,1,1,1,1,1,0,1,1,1,0,1,"['причина', 'бельмо', 'глаз', 'хотеть', 'творческий', 'народ', 'один', 'гребенка', 'знак-кавычки']"
1,0,1,1,1,1,1,1,1,1,1,1,1,1,1,1,1,1,1,1,1,1,"['следовать', 'помнить', 'автомобиль', 'один', 'гребенка', 'решающий', 'значение', 'иметь', 'класс']"
1,1,0,1,1,1,1,1,1,1,1,1,1,1,1,1,1,1,1,1,1,1,"['работать', 'проект', 'уйти', 'месяц', 'код', 'создать', 'модель', 'класс', 'грамотно', 'продумать', 'интерфейс', 'взаимодействие', 'модуль', 'знак-кавычки']"
1,0,0,0,1,1,1,1,1,0,0,1,1,0,0,1,1,1,1,1,1,1,"['отчет', 'сговориться', 'ближайший', 'неделя', 'должный', 'окончательно', 'закончить', 'вещь', 'форматирование', 'нумерация', 'проч', 'остаться', 'время', 'сделать', 'расчет']"
1,1,1,1,1,1,1,1,1,1,1,1,1,1,1,1,1,1,1,1,1,1,"['попытаться', 'очистить', 'использовать', 'проектирование', 'знак-кавычки', 'знак-кавычки']"
1,0,1,0,1,1,1,1,1,1,0,1,1,1,0,1,1,1,0,1,0,1,"['определенный', 'уровень', 'квалификация', 'рабочий', 'управляющий', 'являться', 'рамка', 'образ', 'мышление', 'величина', 'заданный', 'внешний', 'мир', 'компания', 'экономический', 'окружение', 'п', 'неизбежно', 'стремиться', 'манер', 'стараться', 'гибкий', 'восприимчивый', 'происходить', 'пзма', 'пение']"
1,1,1,1,1,1,1,1,1,1,1,1,1,1,1,1,1,1,1,1,1,1,"['каждый', 'общность', 'человек', 'пытаться', 'определенный', 'образ', 'сделать', 'бесконфликтный', 'особь', 'успешно', 'вписаться', 'коллектив', 'выделяться', 'знак-кавычки', 'знак-кавычки']"
1,0,1,1,1,1,1,1,1,1,1,1,1,1,1,1,1,1,1,1,1,1,"['учитывать', 'событие', 'последний', 'время', 'неизбежно', 'приходить', 'вывод', 'затея', 'форум', 'нужный', 'власть', 'поставить', 'стойло', 'один', 'гребенка', 'сделать', 'управляемый', 'послушный', 'стать', 'знак-кавычки']"
0,1,1,1,0,1,1,1,1,1,1,0,1,1,1,0,1,0,1,0,1,1,"['разработка', 'пара', 'место', 'изменение', 'самый', 'добавить']"
1,1,1,1,1,1,1,1,1,1,1,1,1,1,1,1,1,1,1,1,1,1,"['знать', 'выглядеть', 'гигантский', 'гребенка', 'сосновый', 'локон', 'остров', 'полоса', 'повалить', 'один', 'сторона', 'дерево', 'ширина', 'метр', 'проходить', 'посередине', 'как будто']"
1,1,1,0,1,1,1,1,1,1,1,1,1,1,1,1,1,1,1,1,1,1,"['жизнь', 'фрэнк', 'нелегкий', 'постоянно', 'хотеть', 'обуздать', 'привести', 'порядок', 'господствующий', 'мораль', 'выкинуть', 'песня', 'нецензурный', 'словапроблема', 'хватать']"
1,1,1,1,1,1,1,1,1,1,1,1,1,1,1,1,1,1,1,1,1,1,"['россия', 'геокешинг', 'сказать', 'облагородить']"
1,1,1,1,1,1,1,1,1,1,1,1,0,1,1,1,1,1,0,1,1,1,"['редакция', 'оборот', 'удаться', 'знак-кавычки']"
1,0,1,1,1,1,1,1,1,1,1,1,1,1,0,1,1,1,1,1,1,1,"['сожаление', 'международный', 'отношение', 'сталкиваться', 'частый', 'попытка', 'сильный', 'мир', 'сие', 'один', 'гребенка', 'отрицать', 'любой', 'национальный', 'региональный', 'специфика', 'который', 'укладываться', 'привычный', 'рамка', 'западный', 'образ', 'жизнь']"
1,1,1,1,1,1,1,1,1,1,1,1,1,0,0,1,1,1,1,1,1,1,"['пример', 'система', 'хороший', 'смело', 'выдавать', 'стара', 'млада']"
1,1,1,1,1,1,1,1,1,1,1,1,1,1,1,1,1,1,1,1,1,1,"['оговорка', 'перевести', 'плохо', 'хорошо', 'маршак', 'важнейший', 'вещь', 'бернс', 'праздник', 'святой', 'рукоположение', 'послание', 'вельзевул', 'невозможность', 'веселый', 'нищий', 'знак-кавычки', 'знак-кавычки', 'знак-кавычки', 'знак-кавычки']"
1,0,1,1,1,1,1,1,1,1,1,1,0,1,1,1,1,1,1,1,1,1,"['госдума', 'провентилировать', 'депутат', 'отловить', 'умыть', 'попросить', 'потесниться', 'веселый', 'россия', 'занимать', 'позиция', 'знак-кавычки']"
0,0,0,0,0,0,0,0,0,0,0,0,0,0,0,0,0,0,1,0,0,1,"['следовательно', 'бог', 'абсолютно', 'истинный', 'встречаться', 'абсурд', 'противоречие', 'который', 'стать', 'верить', 'беспрекословно']"
0,0,0,0,0,0,0,0,0,0,0,0,1,0,0,0,0,0,1,0,0,1,"['доблестный', 'минфин', 'один', 'гребенка', 'президент', 'рф', 'толковать', 'пофига', 'слово', 'носитель', 'суверенитет', 'народ', 'гарант', 'конституция', 'знак-кавычки']"
1,0,1,0,1,1,1,1,1,1,1,1,1,0,0,1,1,1,1,1,1,1,"['сайт', 'устаногвитя', 'бд', 'адрес', 'компания', 'наполнить', 'лента', 'новость', 'придумать', 'дополнительный', 'сервис', 'последующий', 'работа', 'тематика']"
0,0,0,0,0,0,0,0,0,0,0,0,1,0,0,0,0,0,1,0,0,1,"['популярность', 'увлажнять', 'крем', 'высокий', 'эффект', 'мгновенный', 'улучшение', 'внешний', 'вид', 'кожа', 'действие', 'увлажнитель', 'основной', 'направить', 'клетка', 'заполнить', 'пространство', 'вещество', 'наиболее', 'приближенный', 'натуральный', 'межклеточный', 'матрикс', 'поверхность', 'начинать', 'отражать', 'луч', 'свет', 'примерно', 'один', 'направление', 'казаться', 'гладкий', 'ровный', 'знак-кавычки']"
0,0,1,1,0,0,0,0,0,0,0,0,1,1,1,0,0,0,1,0,0,1,"['удаться', 'добиться', 'соответствие']"
0,0,0,0,0,0,0,0,0,0,0,0,1,0,0,0,0,0,1,0,0,1,"['втягивание', 'украина', 'нато', 'обострение', 'отношение', 'россия', 'насильственный', 'украинизация', 'попытка', 'украинский', 'гуманитарный', 'пространство', 'один', 'националистический', 'гребенка', 'знак-кавычки']"
0,0,0,0,0,0,0,0,0,0,0,0,1,0,0,0,0,0,1,0,0,1,"['гаджиев', 'опасаться', 'остаться', 'время', 'возможность', 'состав', 'переход', 'один', 'новый', 'футболист', 'знак-кавычки']"
1,0,0,0,1,1,0,1,0,0,0,1,0,0,0,1,0,1,0,1,0,1,"['виновник', 'федеральный', 'вслед', 'областной', 'законодательство', 'который', 'середина', 'год', 'жилец', 'один', 'гребенка', 'знак-кавычки']"
0,0,1,0,0,0,0,0,0,0,0,0,0,1,0,0,0,0,1,0,0,1,"['шутливый', 'манифест', 'вайнштейн', 'предложить', 'мишель', 'посетить', 'премьера', 'фильм', 'айова', 'поучить', 'вместе', 'математика', 'хорошо', 'сбалансировать', 'бюджет', 'конституция', 'сша', 'поиграть', 'пинг-понг', 'подискутировать', 'право', 'гомосексуалист', 'женщина']"
0,0,1,0,0,0,0,0,0,0,0,0,1,0,0,0,0,0,1,0,0,1,"['парк', 'шинник', 'умыть', 'один', 'зеленый', 'уголок', 'левобережье', 'воронеж', 'инициатива', 'губернатор', 'преобразиться', 'знак-кавычки']"
0,0,0,0,0,0,0,0,0,0,0,0,0,1,0,0,0,0,1,0,0,1,"['молодец', 'овца', 'отмыть', 'побрить', 'кондовый', 'советский', 'год', 'получиться', 'вполне', 'кроссовер', 'задаток', 'нормальный', 'внедорожник']"
0,0,0,1,0,0,0,0,0,0,0,0,1,0,0,0,0,0,1,0,0,1,"['саратов', 'день', 'рождение', 'умыть', 'развеселить', 'сообщать', 'издание', 'бантик', 'знак-кавычки', 'знак-кавычки']"
0,0,0,0,0,0,0,0,0,0,0,0,0,0,0,0,0,0,0,0,0,1,"['видно', 'мальчик', 'позирование']"
0,0,0,0,0,0,0,0,0,0,0,0,0,0,0,0,0,0,1,0,0,1,"['влажный', 'чистка', 'дать', 'ткань', 'высохнуть', 'ворс', 'мягкий', 'щетка']"
1,0,0,0,1,1,1,0,1,1,1,0,0,0,0,0,1,0,0,0,1,1,"['потребность', 'рука', 'обученный', 'специалист']"
1,1,0,0,1,1,1,1,1,1,1,1,1,0,0,1,1,1,0,1,1,1,"['автосервис', 'один', 'гребенка', 'невозможно', 'нужный', 'дифференциация']"
0,0,0,0,0,0,0,0,0,0,0,0,0,0,0,0,0,0,0,0,0,1,"['дарование', 'отсутствие', 'оное', 'один', 'гребенка']"
0,0,1,0,0,0,0,0,0,0,0,0,0,1,1,0,0,0,0,0,0,1,"['слегка', 'другой', 'ум', 'стандартный', 'случай', 'один', 'гребенка', 'знать', 'история', 'сосед', 'лицо']"
0,0,1,1,0,0,1,0,1,0,1,0,0,1,1,0,1,0,0,0,1,1,"['вдруг', 'наркоман', 'жизнь', 'остаться', 'инвалид', 'корявый', 'тремор', 'один', 'гребенка', 'гуманист']"
0,0,0,0,0,0,0,0,0,0,0,0,0,0,0,0,0,0,0,0,0,1,"['северская', 'значит', 'профессиональный', 'язык', 'милиционер', 'представить', 'экран', 'знак-кавычки']"
0,0,0,0,0,0,0,0,0,0,0,0,0,0,0,0,0,0,0,0,0,1,"['мазуровский', 'завидовать', 'нелидовец', 'мыслить', 'глобально', 'свет', 'билл', 'гейтс', 'например', 'поголовно', 'россиянин', 'дерипаска', 'хотеться', 'люмпенский', 'гребенка']"
1,1,0,0,1,0,1,0,1,1,1,0,0,0,0,0,1,0,0,0,1,1,"['который', 'переврать', 'отчет', 'прилизать', 'переформатировать', 'сделать', 'знак-кавычки', 'знак-кавычки']"
1,0,0,0,0,0,0,0,0,0,0,0,0,0,0,0,0,0,0,0,0,1,"['общий', 'завтра', 'попробовать', 'цвет', 'поступить', 'предложение', 'знак-кавычки']"
1,1,1,0,1,1,0,1,0,0,0,1,0,1,0,1,0,1,0,1,0,1,"['инженер', 'показаться', 'достаточно', 'наружность', 'авто', 'доработать', 'мотор', 'л.', 'знак-кавычки']"
0,0,0,0,0,0,0,0,0,0,0,0,1,0,0,0,0,0,0,0,0,1,"['второй', 'один', 'учет', 'наработка', 'знак-кавычки']"
0,0,0,0,0,0,0,0,0,0,0,0,0,0,0,0,0,0,0,0,0,1,"['дизайн', 'суперский', 'знать', 'решить', 'сталь', 'появляться', 'нужный', 'строчка', 'поседредине', 'объект']"
0,0,1,1,0,0,0,0,0,1,0,0,0,1,1,0,1,0,0,0,0,1,"['стиль', 'совсем', 'критично']"
0,1,0,0,0,0,0,0,0,0,0,0,1,0,0,0,0,0,0,0,0,1,"['похоже', 'один', 'гребенка', 'комплексный', 'отрасль', 'право', 'законодательство', 'знак-кавычки']"
1,1,0,0,1,1,0,1,0,0,0,1,1,0,0,1,0,0,0,0,0,1,"['блогер', 'один', 'гребенка']"
0,0,1,1,0,0,0,0,0,0,0,0,0,1,1,0,0,0,0,0,0,1,"['число', 'распознаваться', 'эксель', 'знак-кавычки']"
0,0,0,0,0,0,0,0,0,0,0,0,0,0,0,0,0,0,0,0,0,1,"['хотеть', 'один', 'гребенка']"
0,1,0,0,0,0,0,0,0,0,0,0,1,0,0,0,0,0,0,0,0,1,"['легко', 'сделать', 'способ', 'поперек', 'виток', 'намотать', 'сердечник', 'проволока']"
0,1,0,0,0,0,0,0,0,0,0,0,1,0,0,0,0,0,0,0,0,1,"['важный', 'привести', 'порядок', 'мысль', 'идея', 'знак-кавычки']"
0,1,0,0,0,0,0,0,0,0,0,0,0,0,0,0,0,0,0,0,0,1,"['произведение', 'американка', 'мелодрама', 'назвать', 'деталь', 'который', 'позволять', 'текст', 'один', 'гребенка', 'слезливый', 'дамский', 'роман']"
0,0,0,0,0,0,0,0,0,0,0,0,0,0,0,0,0,0,0,0,0,1,"['планировать', 'издать', 'страничка', 'отдельный', 'книжка', 'совершенно', 'время', 'загнать', 'электронный', 'текст', 'существовать', 'рукопись', 'знак-кавычки', 'знак-кавычки']"
0,1,0,0,0,0,0,0,0,0,0,0,1,0,0,0,0,0,0,0,0,1,"['полуторакилометровый', 'зона', 'олимпийский', 'чиновник', 'планировать', 'рекламный', 'носитель', 'должный', 'унифицировать', 'размер', 'цвет', 'форма', 'гармонично', 'вписываться', 'ландшафтный', 'архитектурный', 'историко-культурный', 'особенность', 'территория', 'знак-кавычки', 'знак-кавычки', 'знак-кавычки']"
0,0,0,0,0,0,0,0,0,0,0,0,0,0,0,0,0,0,0,0,0,1,"['доставлять', 'экстраверт', 'рано', 'интроверт', 'поздно', 'входить', 'первый', 'подвернуться', 'подходящий', 'группа', 'начинать', 'знак-кавычки']"
1,1,0,1,1,0,0,0,0,0,0,0,0,0,1,0,0,0,1,0,1,1,"['документ', 'получить', 'внимательно', 'изучить', 'вероятно', 'потребоваться', 'внести', 'изменение', 'знак-кавычки']"
0,0,1,0,0,0,0,0,0,0,0,0,0,1,0,0,0,0,0,0,0,1,"['собираться', 'выпустить', 'достаточно', 'полный', 'вариант', 'список', 'анонсировать', 'антипирата']"
0,1,0,0,0,0,0,0,0,0,0,0,0,0,0,0,0,0,0,0,0,1,"['впереди', 'автор', 'успеть', 'прилизать', 'знак-кавычки', 'знак-кавычки']"
1,1,1,0,1,1,0,1,0,0,0,0,0,0,0,0,0,0,0,0,0,1,"['помойка', 'который', 'представлять', 'код', 'увидеть']"
0,0,0,0,0,0,0,0,0,0,0,0,0,0,0,0,0,0,0,0,0,1,"['пресса', 'практически', 'везде', 'одинаковый', 'стать', 'хорошо', 'закон', 'сми']"
0,0,0,0,0,0,0,0,0,0,0,0,0,0,0,0,0,0,0,0,0,1,"['рассказ', 'работать', 'блеск']"
0,0,0,0,0,0,0,0,0,0,0,0,0,0,0,0,0,0,0,0,0,1,"['смысл', 'крыться', 'женщина', 'любить', 'пытаться', 'классификация', 'знак-кавычки']"
0,0,0,0,0,0,0,0,0,0,0,0,0,0,0,0,0,0,0,0,0,1,"['жизнь', 'накладывать', 'различный', 'отпечаток', 'который', 'общий', 'гребенка', 'удаваться', 'первоначально', 'создать']"
0,0,1,0,0,0,0,0,0,0,0,0,1,0,0,0,0,0,0,0,0,1,"['лично', 'видеть', 'приложить', 'обессудить', 'вполне', 'найтись', 'творение', 'обстоятельство', 'пас']"
0,0,0,0,0,0,1,0,1,1,0,0,0,0,0,0,1,0,0,0,1,1,"['естественно', 'базовый', 'техника', 'делать', 'мощный', 'мозг', 'человек', 'обладать', 'любой', 'второразрядник', 'нуль']"
0,0,0,1,0,0,1,0,1,1,1,0,0,0,1,0,1,0,0,0,1,1,"['вместе', 'ярон', 'постараться', 'развесистый', 'клюква', 'который', 'русский', 'зритель', 'вызвать', 'гомерический', 'хохот', 'душок', 'оставаться', 'знак-кавычки']"
0,1,0,0,0,0,0,0,0,0,0,0,0,0,0,0,0,0,0,0,0,1,"['один', 'факт', 'приложение', 'мур', 'подгонять', 'основательный', 'фундамент', 'судить', 'бедняжка', 'проститутка', 'прилизать', 'голливудский', 'стряпня']"
0,1,0,0,0,0,0,0,0,0,0,0,0,0,0,0,0,0,0,0,0,1,"['счастье', 'успеть', 'резюме', 'нанять', 'секунда']"
0,1,0,0,0,0,0,0,0,0,0,0,1,0,0,0,0,0,0,0,0,1,"['модель', 'достаточно', 'разный', 'характеристика', 'оценка', 'однозначный', 'исключительно', 'объективный', 'попытка', 'один', 'гребенка', 'сделать', 'привести', 'таблица', 'знак-кавычки']"
0,0,0,0,0,0,0,0,0,0,0,0,0,1,0,0,0,0,0,0,0,1,"['заслуга', 'го', 'взгляд', 'кризис', 'сильно', 'почистить', 'рынок', 'знак-кавычки']"
0,0,0,1,0,0,0,0,0,0,0,0,0,0,1,0,0,0,0,0,0,1,"['готовый', 'выложить', 'ввид', 'вордовский', 'файл', 'скачивание', 'малость', 'знак-кавычки']"
0,0,0,0,0,0,0,0,0,0,0,0,1,0,0,0,0,0,0,0,0,1,"['человек', 'поддаваться', 'строгий', 'классификация', 'один', 'гребенка', 'мужчина', 'считать', 'женщина', 'ограниченный', 'существо', 'полагать', 'думать', 'секс']"
0,1,1,0,0,0,0,0,0,0,0,0,0,0,0,0,0,0,0,0,0,1,"['редактор', 'текст', 'глаз', 'драть']"
0,1,0,0,0,0,0,0,0,0,0,0,0,0,0,0,0,0,0,0,0,1,"['остаться', 'ответ', 'превращаться', 'формулировка', 'намерение', 'знак-кавычки']"
0,0,0,0,0,0,0,0,0,0,0,0,0,0,0,0,0,0,0,0,0,1,"['хорошо', 'ростовский', 'краснодарский', 'гаишник', 'беспредельщик', 'нитка', 'обобрать', 'отстать', 'знак-кавычки']"
1,1,0,0,1,0,0,0,0,0,0,1,1,0,0,1,0,1,0,1,0,1,"['перечесть', 'инвестировать', 'время', 'текст', 'читабельный', 'вид', 'знак-кавычки']"
0,0,0,0,0,0,0,0,0,0,0,0,0,0,0,0,0,0,0,0,0,1,"['двигать', 'неформат', 'рано', 'поздно', 'сталкиваться', 'проблема', 'популяризовать', 'знак-кавычки']"
0,1,0,0,0,0,0,0,0,0,0,0,1,0,0,0,0,0,0,0,0,1,"['расстояние', 'зашить', 'дизайн', 'понятно']"
0,0,0,0,0,0,0,0,0,0,0,0,0,0,0,0,0,0,0,0,0,0,"['наконец', 'одеться', 'шито-крыто', 'подбежать', 'зеркало', 'взерошать', 'волос', 'вылететь', 'спальня']"
0,0,0,1,0,0,0,0,0,0,0,0,0,0,1,0,0,0,0,0,0,0,"['поцеловать', 'рука', 'девушка', 'тифлинг', 'паладин', 'направиться', 'комната', 'привести', 'порядок', 'принять', 'ванна', 'буйный', 'светлый', 'волос', 'одежда', 'насколько', 'возможный']"
0,1,0,0,0,0,0,0,0,0,0,0,0,0,0,0,0,0,0,0,0,0,"['натянуть', 'мазнуть', 'духи', 'каждый', 'ухо', 'запах', 'смешиваться', 'айви', 'мокрый', 'волос', 'палец', 'выйти']"
0,1,0,0,0,0,0,0,0,0,0,0,1,0,0,0,0,0,0,0,0,0,"['гвинет', 'пэлтроу', 'грейс', 'келли', 'один', 'современный', 'модель', 'твигги']"
0,1,0,0,0,0,0,0,0,0,0,0,1,0,0,0,0,0,0,0,0,0,"['следовать', 'умыться', 'холодный', 'вода', 'волос', 'приходить', 'комната', 'ханна']"
1,1,0,0,1,1,1,1,1,1,1,1,1,0,0,1,1,1,0,1,1,0,"['хорошенько', 'утро', 'волос', 'дыбом', 'стоять']"
1,0,0,0,1,1,1,1,1,1,1,1,0,0,0,1,1,1,0,1,1,0,"['передача', 'костюмер', 'наташа', 'погладить', 'стилист', 'андрей', 'подстричь']"
0,1,0,0,0,0,0,0,0,0,0,0,0,0,0,0,0,0,0,0,0,0,"['тщательно', 'выбрить', 'винсент', 'умыть', 'одеть', 'новый', 'рубашка', 'который', 'достать', 'саквояж']"
1,1,1,1,1,1,1,1,1,1,1,1,0,0,0,1,1,0,0,0,1,0,"['черный', 'костюм', 'тщательно', 'побриться', 'непокорный', 'вихор']"
0,1,0,1,0,0,0,0,0,0,0,0,0,0,1,0,0,0,0,0,0,0,"['служанка', 'волос', 'трин', 'совсем', 'делать', 'рано']"
0,0,0,0,0,0,1,0,1,1,1,0,0,0,0,0,1,0,0,0,1,0,"['потребоваться', 'минута', 'совершенно', 'по-новому', 'прекрасный', 'белокурый', 'волос', 'придавать', 'лицо', 'выражение', 'юношеский', 'живость']"
0,1,1,0,0,0,0,0,0,0,0,0,0,1,0,0,0,0,0,0,0,0,"['позабыть', 'собственный', 'бровь', 'накрасить', 'косметический', 'карандаш']"
0,1,0,0,0,0,0,0,0,0,0,0,1,0,0,0,0,0,0,0,0,0,"['понимать', 'измениться', 'жизнь', 'посмотреть', 'глаз', 'знать', 'придумать', 'переодеть', 'накрасить']"
0,0,0,1,0,0,0,0,0,1,0,0,0,0,0,0,0,0,0,0,0,0,"['фотка', 'сосулька', 'шерсть', 'сваляться', 'помыть', 'получиться', 'кукла']"
0,0,0,0,0,0,0,0,0,0,0,0,0,0,0,0,0,0,0,0,0,0,"['хведоров', 'кинуться', 'открывать', 'вернуться', 'натянуть', 'штаны', 'волос']"
1,1,0,0,1,1,1,1,1,1,1,1,1,0,0,1,1,1,0,1,1,0,"['сделать', 'попытка', 'непослушный', 'белокурый', 'волос', 'стянуть', 'сзади', 'бечевка']"
1,1,0,0,1,1,1,1,1,1,1,1,1,0,0,1,1,1,0,1,1,0,"['волос', 'перевязать', 'красный', 'лента']"
0,0,0,0,0,0,0,0,0,0,0,0,1,0,0,0,0,0,0,0,0,0,"['последний', 'время', 'женщина', 'америка', 'сталь', 'точно', 'красить', 'ресница', 'подводить', 'веко', 'юный', 'девушка', 'умолять', 'парикмахер', 'джетта', 'знак-кавычки']"
0,1,0,0,0,0,0,0,0,0,0,0,0,0,0,0,0,0,0,0,0,0,"['час', 'слуга', 'достать', 'комод', 'белье', 'явиться', 'парикмахер', 'побрить']"
0,1,0,1,0,0,0,0,0,0,0,0,0,0,0,0,0,0,0,0,0,0,"['сначала', 'стараться', 'разбудить', 'рано', 'лисичка', 'успеть', 'умыться', 'позавтракать', 'выслушивать', 'недовольство', 'манный', 'каша', 'жесткий', 'расческа', 'который', 'мама', 'непослушный', 'челка', 'дочка']"
0,0,0,0,0,0,0,0,0,0,0,0,0,0,0,0,0,0,0,0,0,0,"['устроить', 'михалька', 'горшок', 'умыть', 'одеть', 'дать', 'великанский', 'бутерброд', 'минута']"
1,0,0,0,1,1,1,1,1,1,1,1,0,0,0,1,1,1,0,1,1,0,"['итог', 'белый', 'мелировать', 'цвет', 'получить', 'зеленый', 'зеленка', 'искупаться', 'получиться', 'лена', 'хотеть', 'отпускать', 'положено', 'волос', 'выдрать', 'как будто']"
0,0,1,0,0,1,1,1,1,1,1,1,0,1,0,1,1,1,0,1,1,0,"['сорванец', 'лошадка', 'нравиться', 'кататься', 'ухо', 'оттащить', 'учить', 'ухаживать', 'погладить', 'бантик', 'привязать', 'интересно', 'конеферма', 'камаз', 'стоять', 'интересный']"
0,1,0,1,0,0,0,0,0,0,0,0,1,0,0,0,0,0,0,0,0,0,"['правильно', 'выполнить', 'стрижка', 'волос', 'любой', 'направление', 'страшный', 'ветер', 'нарушаться', 'пластика', 'поверхность', 'оставаться', 'ровный', 'прерываться']"
0,1,0,1,0,0,0,0,0,0,0,0,1,0,0,0,0,0,0,0,0,0,"['слегка', 'влажный', 'шерсть', 'обработать', 'средство', 'укрепление', 'волос', 'специальный', 'щетка']"
0,1,0,0,0,0,0,0,0,0,0,0,0,0,0,0,0,0,0,0,0,0,"['улыбнуться', 'увидеть', 'антоний', 'женский', 'наряд', 'волос', 'праздник']"
0,0,0,0,0,0,1,0,1,0,0,0,0,0,0,0,1,0,0,0,1,0,"['предположить', 'аккуратный', 'причесанный', 'послушный', 'понятливый', 'кошка', 'другой', 'выглядеть', 'ужасно', 'неряшливый', 'позволять', 'дотронуться', 'хозяин', 'рисковать', 'любимый', 'питомец']"
0,1,0,0,0,0,0,0,0,0,0,0,1,0,0,0,0,0,0,0,0,0,"['пройти', 'дождик', 'идти', 'поход', 'улица', 'травка', 'захватить', 'ключ', 'машина', 'отвести', 'салон', 'красота', 'помыть']"
0,0,0,0,0,0,0,0,0,0,0,0,1,0,0,0,0,0,0,0,0,0,"['поседеть', 'волос', 'улыбнуться']"
0,0,0,1,0,0,1,0,1,1,0,0,0,0,1,0,1,0,0,0,1,0,"['загримировать', 'другой', 'участник']"
0,1,0,0,0,0,0,0,0,0,0,0,0,0,0,0,0,0,0,0,0,0,"['подстричь', 'необычно']"
0,0,0,0,0,0,0,0,0,0,0,0,0,0,0,0,0,0,0,0,0,0,"['заключение', 'специальный', 'щетка', 'расправить', 'ворс', 'ткань', 'один', 'направление']"
0,0,0,0,0,0,0,0,0,0,0,0,0,0,0,0,0,0,0,0,0,0,"['веселов', 'село', 'стол', 'волос']"
0,1,0,0,0,0,1,0,1,0,0,0,1,0,0,0,1,0,0,0,0,0,"['госпожа', 'флеминг', 'попросить', 'подать', 'фруктовый', 'чай', 'артистический', 'отгладить', 'одежда', 'знак-кавычки']"
0,0,0,0,0,0,0,0,0,0,0,0,0,0,0,0,0,0,0,0,0,0,"['гладко', 'шерсть']"
0,0,0,0,0,0,0,0,0,0,0,0,0,0,0,0,0,0,0,0,0,0,"['батюшка', 'вернуться', 'подарок', 'голова', 'надеть', 'рубашка', 'сесть', 'положить', 'колено', 'золотой', 'блюдечко', 'наливной', 'яблочко', 'сказать', 'играть', 'катиться', 'показывать', 'поле', 'море', 'широкий', 'луг', 'стрельба', 'пальба', 'гора', 'красота', 'небо', 'высота', 'знак-кавычки']"
0,1,0,0,0,0,0,0,0,0,0,0,0,0,0,0,0,0,0,0,0,0,"['договориться', 'визажистка', 'первый', 'день', 'модель', 'второй', 'помочь', 'команда']"
1,0,0,0,1,0,1,0,0,1,1,0,0,0,0,0,1,0,0,0,1,0,"['отдохнуть', 'рядом', 'тихо', 'посидеть', 'захотеть', 'модно']"
0,1,1,0,0,0,0,0,0,0,0,0,1,0,0,0,0,0,0,0,0,0,"['майор', 'ремес', 'жесткий', 'темный', 'волос', 'быстро', 'глотнуть', 'померанцевый', 'убрать', 'бутылка']"
0,0,0,1,0,0,1,0,0,0,0,0,0,0,1,0,0,0,0,0,0,0,"['спешно', 'редкий', 'волос', 'выйти', 'порог', 'навстречу', 'приехать']"
0,1,0,0,0,0,0,0,0,0,0,0,1,0,0,0,0,0,0,0,0,0,"['вскоре', 'попробовать', 'волос', 'куклина', 'интересный']"
0,0,0,0,0,0,0,0,0,0,0,0,0,0,0,0,0,0,0,0,0,0,"['одевать', 'сыночек', 'наряд', 'любить', 'лошадка', 'шерстка', 'гладко', 'гребешок', 'пригладить', 'хвостик', 'верхом', 'поехать', 'парад', 'знак-кавычки']"
0,0,1,0,0,0,0,0,0,0,0,0,0,1,0,0,0,0,0,0,0,0,"['девица', 'быстро', 'рассадить', 'зеркало', 'освежить', 'душистый', 'вымылить', 'голова', 'подкрасить', 'повести', 'гурьба', 'съемка', 'усадить', 'подиум', 'кресло']"
1,1,0,0,1,1,1,1,1,1,1,1,0,0,0,1,1,1,0,1,1,0,"['веко', 'нормально', 'вымыть', 'голова']"
1,1,1,1,1,1,1,1,1,1,1,1,1,1,1,1,1,1,0,1,1,0,"['волос', 'надеть', 'голова', 'диадема', 'облечься', 'праздничный', 'одежда', 'который', 'носить', 'супруга']"
1,1,0,1,1,1,1,1,1,1,1,1,1,1,1,1,1,1,0,1,1,0,"['вспомнить', 'ровный', 'счет', 'ничто', 'оказаться', 'постель', 'уснуть', 'мертвый', 'прошлый', 'ночь', 'естественно', 'предположить', 'остальное', 'сделать', 'мать', 'умыть', 'волос', 'убрать', 'коса', 'лента', 'разрядить', 'кукла']"
1,1,1,1,1,1,1,1,1,1,1,1,0,1,1,1,1,1,1,1,1,0,"['нога', 'голова', 'обтереться', 'губка', 'насыщенный', 'вода', 'одеколон', 'выбриться', 'подровнять', 'короткий', 'толстый', 'ус', 'щетка', 'черный', 'волос', 'косой', 'ряд', 'надел', 'свежий', 'белье', 'смокинг', 'пойти', 'обед', 'обычный', 'решительный', 'солдатский', 'вид']"
1,1,1,1,1,1,1,1,1,1,1,1,1,1,1,1,1,1,0,1,1,0,"['спешить', 'другой', 'клиент', 'родственник']"
1,1,1,1,1,1,1,1,1,1,1,1,1,1,1,1,1,1,0,1,1,0,"['мгновение', 'саммер', 'стоять', 'неподвижно', 'молния', 'кинуться', 'мужчина', 'спальня', 'крик', 'готовый', 'минута', 'волос', 'знак-кавычки']"
0,1,1,1,0,0,0,0,0,0,0,0,1,1,1,0,0,0,0,0,0,0,"['детвора', 'весело', 'опытный', 'визажист', 'раскрасить', 'желающий', 'знак-кавычки']"
1,1,1,1,1,1,1,1,1,1,1,1,0,1,1,1,1,1,0,1,1,0,"['девушка', 'сон', 'класть', 'расческа', 'мыло', 'пояс', 'изголовье', 'собственный', 'кровать', 'забыть', 'произнести', 'суженый', 'ряженый', 'умыть', 'опоясать', 'знак-кавычки']"
1,0,0,1,1,1,1,1,1,1,1,1,0,0,0,1,1,1,0,1,1,0,"['побрить', 'макиавелли', 'брызнуть', 'ароматный', 'вода', 'короткий', 'волос']"
0,1,1,1,0,0,0,0,0,0,0,1,1,1,1,1,0,1,0,1,0,0,"['долгий', 'дорога', 'искупать', 'смазать', 'копыто', 'специальный', 'мазь']"
1,1,1,1,1,1,1,1,1,1,1,1,1,1,1,1,1,1,1,1,1,0,"['север', 'повздыхать', 'видеть', 'толстый', 'клуша', 'полдюжины', 'ребенок', 'мордочка', 'выйти', 'охота']"
1,0,1,1,1,1,1,1,1,1,1,1,0,1,1,1,1,1,0,1,1,0,"['один', 'вымыть', 'накормить']"
1,1,1,1,1,1,1,1,1,1,1,1,0,1,1,1,1,1,0,1,1,0,"['день', 'выводка', 'съемка', 'грива', 'лошадь', 'замыть', 'следующий', 'разобрать']"
1,1,1,1,1,1,1,1,1,1,1,1,0,1,1,1,1,1,0,1,1,0,"['накормить', 'игрушка', 'сладость', 'купить', 'вывести', 'погулять']"
1,1,1,1,1,1,1,1,1,1,1,1,0,1,1,1,1,1,1,1,1,0,"['решить', 'монтаж', 'сходить', 'приготовить', 'одеть']"
1,1,1,1,1,1,1,1,1,1,1,1,1,1,1,1,1,1,1,1,1,0,"['раздеться', 'аккуратно', 'убрать', 'шкаф', 'пальто', 'парик', 'подправить', 'палец', 'бровь', 'село', 'валентина', 'петровна', 'выжидательный', 'выражение', 'лицо']"
1,1,1,1,1,1,1,1,1,1,1,1,1,1,1,1,1,1,0,1,1,0,"['стоить', 'расческа', 'создаваться', 'эффект', 'выйти', 'салон', 'красота', 'как будто']"
0,1,1,1,0,0,1,0,1,1,1,0,1,1,1,0,1,0,0,0,1,0,"['утро', 'мегги', 'провести', 'подготовка', 'предстоящий', 'свидание', 'волос', 'подправить', 'вырез', 'платье', 'анна', 'каренина', 'фильм', 'соловьев', 'скачать', 'бродить', 'холм', 'возвращаться', 'домой', 'увидеть', 'мужчина', 'суетиться', 'обрыв', 'любить', 'гулять', 'мама', 'новый', 'альбом', 'лок', 'дог', 'повернуться', 'трот', 'эллиот', 'окинуть', 'тоскливый', 'взгляд']"
1,0,1,1,1,1,1,1,1,1,1,1,0,1,1,1,1,1,1,1,1,0,"['гарри', 'взять', 'расческа', 'вымыть', 'голова', 'волос', 'уложить', 'лечь', 'спать', 'завтра', 'торчать', 'сторона', 'плохо', 'обычный']"
1,0,1,1,1,1,1,1,1,1,1,1,1,1,1,1,1,1,1,1,1,0,"['борода', 'пятерня', 'вверх', 'открыть', 'рот', 'слегка', 'свесить', 'язык', 'обвести', 'присутствующий', 'взгляд', 'провести', 'огромный', 'ладонь', 'лицо', 'крякнуть', 'подсесть', 'близко']"
1,1,1,0,1,1,1,1,1,1,1,1,1,1,1,1,1,1,1,1,1,0,['побрить']
1,1,1,1,1,1,1,1,1,1,1,1,1,1,1,1,1,1,1,1,1,0,"['надел', 'рубашка', 'тщательно', 'заправила', 'брюки', 'попросить', 'вика', 'причесываться']"
1,1,1,1,1,1,1,1,1,1,1,1,1,1,1,1,1,1,1,1,1,0,"['доложить', 'книга', 'волос', 'взять', 'дорожный', 'сумка', 'направиться', 'обратно', 'выход']"
1,1,0,0,1,1,1,1,1,1,1,1,1,0,0,1,1,1,1,1,1,0,"['порицание', 'относиться', 'действие', 'ребенок', 'адресоваться', 'личность', 'петенька', 'хороший', 'мальчик', 'сделать', 'плохо', 'рвать', 'кукла', 'волосик', 'расчесочка', 'знак-кавычки']"
1,1,1,0,1,1,0,1,0,1,1,1,0,1,0,1,0,1,1,1,0,0,"['английский', 'зверопромышленник', 'капитан', 'сноу', 'долгий', 'время', 'вынужденно', 'проживать', 'айн', 'итуруп', 'описывать', 'айна', 'широкоплечий', 'стройный', 'крепкий', 'вымыть', 'счесть', 'красавец']"
1,1,0,1,1,1,1,1,1,1,1,1,1,1,1,1,1,1,1,1,1,0,"['далеко', 'роскошный', 'локон', 'годивый', 'следовать']"
1,0,1,1,1,1,1,1,1,1,1,1,1,1,1,1,1,1,1,1,1,0,"['уход', 'кончиться', 'исчезнуть', 'мгновение', 'появиться', 'снова', 'таз', 'вода', 'маркиз', 'вымыть', 'лицо', 'рука', 'короткий', 'говорить', 'сила', 'возможность', 'привести', 'питомец', 'порядок', 'ловко', 'серьезность', 'совсем', 'маленький', 'мальчик', 'взрослый', 'нянюшка', 'словно']"
0,1,0,1,0,0,0,0,1,1,1,0,0,1,1,0,0,0,1,0,0,0,"['лидка', 'волос', 'дать', 'лепешка', 'сказать', 'сердито']"
1,1,1,1,1,1,1,1,1,1,1,1,0,1,1,1,1,1,1,1,1,0,"['жанна', 'хотеть', 'одеть', 'жаккетт', 'ужас', 'отказаться', 'представлять', 'чужой', 'человек', 'хлопотать', 'вокруг']"
0,0,1,1,0,0,0,0,0,0,0,0,1,1,1,0,0,0,1,0,0,0,"['загс', 'чувствовать', 'восхищенный', 'взгляд', 'гость', 'момент', 'зал', 'ожидание', 'муж', 'пора', 'жених', 'онеметь', 'правда', 'голова', 'великолепно']"
1,1,0,1,1,1,1,1,1,1,1,1,1,1,1,1,1,1,1,1,1,0,"['амара', 'кудрявый', 'фиолетовый', 'окрасить', 'волос', 'прив', 'человеческий', 'вид']"
0,0,0,1,0,0,0,0,0,1,0,1,0,1,1,1,1,1,1,1,1,0,['подстричь']
0,0,0,1,0,0,1,0,1,1,1,0,1,0,1,0,1,0,1,0,1,0,"['спортивный', 'казаться', 'пацанка', 'заслужить', 'создатель', 'сериал', 'одеть', 'накрасить', 'женщина', 'прочий', 'уходить', 'тень', 'степень', 'прекрасный']"
1,1,1,1,1,1,1,1,1,1,1,1,1,1,1,1,1,1,1,1,1,0,"['некрасивый', 'говорить', 'татьяна', 'петровна', 'выпускной', 'спечь', 'такль', 'драматический', 'училище', 'николаша', 'загримировать', 'роль', 'раневская', 'спектакль', 'вишневый', 'сад', 'п.', 'чехов', 'зритель', 'зал', 'поверить', 'героиня', 'предмет', 'воздыхание', 'многий', 'кавалер', 'знак-кавычки', 'знак-кавычки']"
1,1,0,1,1,1,0,1,0,0,0,1,1,0,1,1,0,1,1,1,0,0,"['маша', 'стать', 'приводить', 'мишка', 'порядок', 'заправить', 'рубашка', 'штаны', 'отчистить', 'одежда', 'пыль', 'рука', 'расческа']"
1,1,1,1,1,1,1,1,1,1,1,1,1,1,1,1,1,1,1,1,1,0,"['парикмахер', 'тамара', 'ласточкин', 'грива', 'хвост', 'подклеить', 'подкрасить', 'ресница', 'помолодеть', 'старушка', 'год']"
1,1,1,1,1,1,1,1,1,1,1,1,1,1,1,1,1,1,1,1,1,0,"['голова', 'расти', 'возможность', 'здоровый']"
1,1,1,1,1,1,1,1,1,1,1,1,1,1,1,1,1,1,1,1,1,0,"['женщина', 'вьющийся', 'волос', 'достаточно', 'сложно', 'челка', 'нужный', 'направление', 'знак-кавычки']"
1,1,0,0,1,1,1,1,1,1,1,1,1,1,0,1,1,1,0,1,1,0,"['купать', 'хорошенечко', 'вымыть', 'детский', 'шампунь', 'постараться', 'высохнуть', 'быстро']"
1,0,1,1,1,1,1,1,1,1,1,1,1,1,1,1,1,1,1,1,1,0,"['волос', 'хна', 'наноситься', 'хорошо', 'просто', 'поделить', 'секция']"
1,0,1,0,1,1,0,1,0,0,0,1,1,1,0,1,0,1,1,1,0,0,"['исходный', 'прическа', 'битла', 'длинный', 'гладко', 'гель']"
1,1,1,0,1,1,0,1,0,0,1,1,0,1,0,1,0,1,0,1,0,0,"['уилмер', 'дейл', 'выбор', 'роксана', 'пауэлл', 'надеть', 'простой', 'комплект', 'блузка', 'юбка', 'обычно', 'короткий', 'локон', 'присоединиться', 'остальной', 'гостиная']"
1,1,1,0,1,1,1,1,1,1,1,1,1,1,0,1,1,1,1,1,1,0,"['сначала', 'шерсть', 'лететь', 'клок', 'нормальный', 'улица', 'лето']"
0,0,1,1,0,0,1,0,1,1,1,0,1,1,1,0,1,0,1,0,1,0,"['работа', 'сцена', 'камера', 'думать', 'выглядеть', 'удачный', 'костюм', 'хорошо', 'накрасить', 'сексуальный']"
1,1,1,0,1,1,0,1,0,0,0,1,1,1,0,1,0,1,0,1,0,0,"['прийти', 'сон', 'суженый', 'взять', 'расческа', 'лента', 'положить', 'подушка', 'сказать', 'знак-кавычки']"
1,1,1,0,1,1,0,1,1,1,1,1,1,1,1,1,0,1,1,1,0,0,"['обрадоваться', 'юко', 'стильно', 'одеть', 'накрасить', 'ерунда', 'обратить', 'внимание']"
1,0,1,1,1,1,1,1,1,1,1,1,0,1,1,1,1,1,1,1,1,0,"['следовать', 'постричь', 'ноготь', 'голова']"
1,0,1,1,1,1,1,1,1,1,1,1,1,1,1,1,1,1,1,1,1,0,"['настоять', 'заказ', 'уходить', 'парикмахерская', 'довольный', 'мастер', 'душа', 'оставаться', 'осадок', 'хороший', 'посетительница', 'довериться', 'вкус', 'профессиональный', 'знание']"
1,0,1,0,1,1,1,1,1,1,1,1,0,1,0,1,1,1,1,1,1,0,"['игра', 'должный', 'научиться', 'ухаживать', 'маленький', 'любимец', 'суметь', 'помыть', 'подстричь']"
1,0,1,0,1,1,1,1,1,1,1,1,0,1,0,1,1,1,1,1,1,0,"['снова', 'улыбнуться', 'белоснежный', 'широкий', 'улыбка', 'снять', 'шапка', 'кудрявый', 'черный', 'волос', 'село', 'обратно', 'стол']"
1,0,1,0,1,1,1,1,1,1,1,1,0,1,0,1,1,1,1,1,1,0,"['пара', 'неделя', 'хорошо', 'мама', 'никто', 'переодеть', 'подмыть', 'искупать', 'ребенок', 'буквально']"
1,1,1,1,1,1,1,1,1,1,1,1,0,1,1,1,1,1,1,1,1,0,"['вымыть', 'лицо', 'рука', 'короче', 'стричь', 'волос']"
1,1,1,1,1,1,0,1,0,1,1,1,1,1,1,1,1,1,1,1,1,0,"['джейд', 'умыться', 'волос', 'момент', 'мэтт', 'войти', 'палатка']"
1,0,1,0,1,1,1,1,1,1,1,1,1,1,0,1,1,1,0,1,1,0,"['который', 'накрасить', 'любить', 'кукла']"
1,1,1,0,1,1,0,1,0,0,0,1,1,1,0,1,0,1,1,1,0,0,"['идеал', 'хорошо', 'трогать', 'достаточно', 'уложить', 'специальный', 'гель', 'необходимый', 'аккуратно', 'выщипать']"
1,1,1,0,1,1,1,1,1,1,1,1,0,1,0,1,1,1,1,1,1,0,"['вернуться', 'мужчина', 'альба', 'приготовиться', 'долгий', 'ожидание', 'берестин', 'сбросить', 'куртка', 'умыться', 'волос']"
0,0,1,1,0,0,0,0,0,0,0,1,0,1,1,1,0,0,1,1,0,0,"['светлана', 'попросить', 'женщина', 'доктор', 'отец']"
1,0,1,0,1,1,1,1,1,1,1,1,0,1,0,1,1,1,1,1,1,0,"['волос', 'спутать', 'возможный', 'фекла', 'становиться', 'больно']"
1,1,1,1,1,1,1,1,1,1,1,1,1,1,1,1,1,1,1,1,1,0,"['сказать', 'лиса', 'поглядеться', 'зеркальце', 'ушко']"
1,0,1,1,1,1,0,1,0,0,0,1,1,1,1,1,0,1,1,1,0,0,"['взять', 'царь', 'дворец', 'обуть', 'одеть']"
0,1,1,1,0,0,0,1,0,0,0,0,1,1,0,0,0,0,1,1,0,0,"['случай', 'илья', 'побриться', 'аккуратно', 'мокрый', 'волос', 'надел', 'светлый', 'рубашка', 'очистить', 'кроссовок', 'опилки', 'новый', 'летний', 'ботинок', 'купить', 'старый', 'совсем', 'износиться']"
0,0,1,1,0,0,1,0,1,1,1,0,0,0,1,0,1,0,1,0,1,0,"['представлять', 'позаботиться', 'позвать', 'горничная', 'ринуться']"
1,1,1,1,1,1,1,1,1,1,1,1,1,0,1,1,1,1,1,1,1,0,"['тупой', 'понятно', 'постель', 'вылезти', 'дитер', 'заботливый', 'нянька', 'завязнуть', 'шарф', 'шея', 'челка', 'извлечь', 'карман', 'расческа', 'застегнуть', 'молния', 'куртка']"
1,0,1,0,1,1,1,1,1,1,1,1,0,1,0,1,1,1,1,1,1,0,"['фицджеймс', 'снять', 'фуражка', 'грязный', 'палец', 'длинный', 'сальный', 'волос']"
1,0,1,0,1,1,1,1,1,1,1,1,1,1,1,1,1,1,1,1,1,0,"['который', 'возмутиться', 'слово', 'сказать', 'тон', 'надменный', 'решительный', 'смягчиться', 'робкий', 'обиженный', 'голос', 'расстегнуть', 'платье', 'мисс']"
1,1,1,0,1,1,0,1,0,0,0,1,1,1,0,1,0,1,0,1,0,0,"['посетитель', 'бабушка', 'панк', 'необходимо', 'обслужить', 'покрасить', 'сделать', 'стильный', 'прическа']"
1,0,1,1,1,1,1,1,1,1,1,1,1,1,0,1,1,1,1,1,1,0,"['анастазиолог', 'мужик', 'супер', 'веселить', 'перевести', 'палата', 'прийти', 'показать', 'вставать', 'кровать', 'довести', 'умывальник', 'лично', 'сказать', 'принести', 'вид']"
1,1,1,1,1,1,1,1,1,1,1,1,1,1,1,1,1,1,1,1,1,0,"['торопиться', 'лошадь', 'угостить', 'алтына', 'яблоко']"
1,1,1,1,1,1,1,1,1,1,1,1,1,1,1,1,1,1,1,1,1,0,"['увидеть', 'зеркало', 'неожиданно', 'похожий', 'никита', 'павлович', 'спина', 'лыбиться', 'елин', 'протянуть', 'рука', 'расческа', 'альберт', 'волос', 'шеф', 'почувствовать', 'полный', 'ничтожество']"
1,0,1,1,1,1,1,1,1,1,1,1,1,1,1,1,1,1,1,1,1,0,"['проследить', 'эльф', 'помочь', 'одеться', 'дочь', 'нарцисс', 'быстро', 'облачиться', 'один', 'деловой', 'костюм', 'который', 'придтись', 'прикупить', 'ведение', 'бизнес', 'магазин']"
1,0,1,1,1,1,1,1,1,1,1,1,0,1,0,1,1,1,1,1,1,0,"['утро', 'девица', 'требовать', 'горничный', 'волос', 'помассировать', 'спина', 'данные', 'прихоть', 'входить', 'обязанность', 'прислуга']"
0,0,1,0,0,0,0,0,0,0,0,0,1,1,0,0,0,0,1,0,0,0,"['выход', 'ринг', 'необходимо', 'осмотреть', 'внешний', 'вид', 'собака', 'почистить', 'щетка', 'обтереть', 'тряпка', 'протереть', 'вата', 'глаз']"
1,1,1,1,1,1,1,1,1,1,1,1,1,1,1,1,1,1,1,1,1,0,"['возможность', 'покормить', 'лошадь', 'рука', 'подготовить', 'верховой', 'езда']"
0,0,1,1,0,0,0,0,0,0,0,0,0,1,1,0,0,0,1,0,0,0,"['спутать', 'кудри', 'вытереть', 'слеза', 'встать', 'идти']"
0,0,0,1,0,0,0,0,0,0,0,0,0,0,1,0,0,0,0,0,0,0,"['накрасить', 'заставить', 'снять', 'ноготь', 'лак', 'переодеть', 'фиолетовый', 'колготки', 'разрешить', 'оставить', 'платье', 'видно']"
1,0,1,0,1,1,1,1,1,1,1,1,1,1,1,1,1,1,1,1,1,0,"['взглянуть', 'бедный', 'животное', 'вдруг', 'отметить', 'конь', 'постареть', 'помыть', 'махнуть', 'рука', 'сойти']"
0,0,0,0,0,0,0,0,0,1,0,0,0,0,0,0,0,0,1,0,0,0,"['одеть', 'церковь', 'повести', 'думать', 'напроситься']"
1,0,0,1,1,1,0,1,0,0,0,0,0,0,0,0,0,0,1,0,0,0,"['мак', 'джинти', 'сидеть', 'задний', 'лапка', 'совершенно', 'прямо', 'делать', 'попытка', 'мокрый', 'растрепанный', 'шуба']"
1,0,1,1,1,1,1,1,1,1,1,1,0,1,1,1,1,1,1,1,1,0,"['вынуть', 'гребешок', 'борода', 'ус']"
0,0,1,1,0,0,0,0,0,0,0,0,1,1,1,0,0,0,1,0,0,0,"['роскошно', 'отделать', 'ванная', 'умыться', 'вытереться', 'пушистый', 'полотенце', 'аккуратно', 'остаток', 'белесый', 'волос']"
0,1,1,1,0,0,0,0,0,0,0,0,0,0,0,0,0,0,0,0,0,0,"['представить', 'собака', 'подготовить', 'выставка', 'некоторые', 'соизволить', 'говорить', 'мытье', 'шампунь', 'кондиционер']"
1,0,1,0,1,1,1,1,1,0,0,0,0,1,0,0,1,0,1,0,0,0,"['бета', 'захотеться', 'волос']"
0,0,0,0,0,0,0,0,0,0,0,0,1,1,0,0,0,0,0,0,0,0,"['случай', 'девица', 'обращаться', 'потенциальный', 'жених', 'просьба', 'явиться']"
0,0,1,0,0,0,0,0,0,0,0,0,1,1,0,0,0,0,0,0,0,0,"['давать', 'нарочно', 'дергать', 'голова', 'говорить', 'больно', 'знак-кавычки']"
1,0,1,0,1,1,0,1,0,1,0,0,0,0,0,0,1,0,1,0,0,0,"['ходить', 'вечер', 'длинный', 'платье', 'босоножка', 'скала', 'прическа', 'раскрутиться', 'волос', 'сверху', 'покрыть', 'лак', 'знак-кавычки']"
0,0,0,0,0,0,0,0,0,0,0,0,0,0,0,0,0,0,1,0,0,0,"['хорошо', 'иметь', 'стрижка', 'который', 'разный', 'стиль']"
1,0,1,0,1,1,0,1,0,0,0,1,0,1,0,1,1,1,1,1,0,0,"['снять', 'платье', 'следовать', 'круто', 'вьющийся', 'светло-русый', 'волос', 'заплести', 'коса', 'ночь']"
1,1,1,1,1,1,0,1,0,1,1,1,1,1,1,1,0,1,0,1,0,0,"['волос', 'время', 'отрастать', 'длинный', 'коса', 'который', 'левый', 'бок', 'обвести', 'голова', 'замотать', 'ухо', 'довести']"
0,0,1,1,0,0,1,0,1,0,1,0,0,1,1,0,1,0,1,0,1,0,"['здоровый', 'собака', 'правильный', 'структура', 'шерсть', 'индивидуально', 'подобрать', 'косметика', 'ежедневный', 'расчесывание', 'необязательно', 'достаточно', 'хорошо', 'купание']"
0,0,1,1,0,1,0,0,0,0,0,0,0,1,1,0,0,1,1,0,0,0,"['наконец', 'делий', 'полюбоваться', 'работа', 'раздвинуть', 'штора', 'впустить', 'комната', 'солнечный', 'луч']"
0,0,1,0,0,0,0,0,0,0,0,0,0,0,0,0,0,0,0,0,0,0,"['обучение', 'холопка', 'тонкий', 'искусство', 'обиходить', 'хозяйка', 'соответствие', 'новейший', 'модный', 'тенденция']"
1,0,1,1,1,1,1,1,1,1,1,1,0,1,1,1,1,1,1,1,1,0,"['домовый', 'хлеб', 'кормить', 'дать', 'лошадь', 'грива', 'ушко', 'секрет', 'рассказать']"
0,0,1,0,0,0,0,0,0,0,0,0,0,0,0,0,0,0,1,0,0,0,"['влажный', 'шерсть', 'высушить', 'фен']"
0,0,0,0,0,0,0,0,0,0,0,0,1,1,0,0,0,0,0,0,0,0,"['начинаться', 'выпуклый', 'голубой', 'лоб', 'высоко', 'оставлять', 'впечатление', 'лысоватость', 'пышный', 'пенный', 'воздушный', 'возможность', 'щетка', 'крутиться', 'вздыбливаться']"
1,0,1,1,1,1,0,1,0,0,0,1,0,1,1,1,0,1,1,1,0,0,"['водить', 'предварительно', 'решить', 'проблема', 'администрация', 'спартак', 'малышня', 'бассейн', 'каждый', 'первачок', 'нужный', 'пригляд', 'присмотр', 'переодеть', 'обсушить', 'перевести', 'один', 'пешеходный', 'переход', 'знак-кавычки', 'знак-кавычки']"
1,0,1,0,1,1,1,1,0,0,1,1,1,1,0,1,1,1,1,1,1,0,"['служанка', 'натереть', 'благовоние', 'одеть']"
1,0,0,0,1,1,0,1,0,0,0,0,0,0,0,0,0,0,1,0,0,0,"['волос', 'выйти', 'квартира', 'встреча', 'миша']"
1,0,1,1,1,1,1,1,1,1,1,1,1,1,1,1,1,1,1,1,1,0,"['потрясать', 'мастер', 'час', 'соорудить', 'красота', 'голова', 'лицо', 'накрасить', 'мама', 'одеться', 'помочь']"
1,0,1,0,1,1,1,1,1,1,1,1,0,1,0,1,1,1,1,1,1,0,"['парикмахер', 'напудрить', 'парик', 'вольфганг']"
1,0,1,1,1,1,1,1,1,1,1,1,1,1,1,1,1,1,1,1,1,0,"['надежда', 'старательный', 'сильно', 'вьющийся', 'висок', 'волос', 'уложить', 'большой', 'узел', 'затылок', 'коптяев']"
1,1,1,1,1,1,1,1,1,1,1,1,1,1,1,1,1,1,1,1,1,0,"['покрутиться', 'зеркало', 'наскоро', 'маленький', 'расчесочка', 'спинка', 'ножка', 'вылезти', 'окошко']"
1,0,1,1,1,1,1,1,1,1,1,1,0,1,1,1,1,1,1,1,1,0,"['дух', 'позволять', 'перебирать', 'прядь', 'волос']"
1,0,1,1,1,1,1,1,1,1,1,1,1,1,1,1,1,1,1,1,1,0,"['понятно', 'помыть', 'кандалы', 'смазать', 'звенеть']"
1,0,1,1,1,1,1,1,1,1,1,1,0,1,1,1,1,1,0,1,1,0,"['волос', 'часто', 'лезть', 'глаз', 'виться', 'сложно', 'аккуратно']"
1,1,1,1,1,1,1,1,1,1,1,1,1,1,1,1,1,1,1,1,1,0,"['отец', 'сын', 'оправить', 'рубашка', 'подтянуть', 'штаны']"
1,1,1,1,1,1,1,1,1,0,0,1,0,1,1,1,1,1,1,1,1,0,"['близко', 'вечер', 'джамаль', 'отдаться', 'рука', 'евнух', 'который', 'намыть', 'умастить', 'тело', 'уложить', 'волос', 'помочь', 'мальчик', 'облачиться', 'легкий', 'полупрозрачный', 'одежда']"
1,0,1,1,1,1,1,1,1,1,1,1,1,1,1,1,1,1,1,1,1,0,"['дамблдор', 'поставить', 'единственно', 'иметь', 'возможность', 'борода']"
1,1,1,1,1,1,1,1,1,1,1,1,1,1,1,1,1,1,1,1,1,0,"['необходимо', 'мастер', 'красиво', 'грамотно', 'умело', 'выполнить', 'процедура', 'связанный', 'уход', 'профилактический', 'лечение', 'дать', 'правильный', 'совет', 'волос']"
1,0,1,1,1,1,1,1,1,1,1,1,1,1,1,1,1,1,1,1,1,0,"['мальчик', 'самый', 'утро', 'забота', 'накормить', 'одеть']"
1,1,1,1,1,1,0,1,0,0,0,1,0,1,1,1,0,1,1,1,0,0,"['уложить', 'волос']"
1,0,1,1,1,1,0,1,0,0,0,1,0,1,1,1,0,1,1,1,0,0,"['оля', 'чернобурка', 'забыть', 'мален', 'ухо']"
1,1,1,1,1,1,1,1,1,1,1,1,1,1,0,1,1,1,1,1,1,0,"['хорошенько', 'помыться', 'прихорошиться', 'волос', 'село', 'стол', 'поставить', 'стул', 'иисус', 'круг']"
1,1,1,1,1,1,1,1,1,1,1,1,1,1,1,1,1,1,1,1,1,0,"['самый', 'тщательный', 'образ', 'уложить', 'восхитительный', 'волос']"
1,1,1,1,1,1,1,1,1,1,1,1,1,1,1,1,1,1,1,1,1,0,"['лоб', 'волос', 'укладывать', 'назад', 'гладко', 'собрать', 'макушка']"
1,1,1,1,1,1,1,1,1,1,1,1,1,1,0,1,1,1,1,1,1,0,"['хорошенько', 'просушить', 'фен', 'раскрутить', 'палец']"
1,1,1,1,1,1,1,1,1,1,1,1,1,1,1,1,1,1,1,1,1,0,"['марципан', 'подхват', 'хорошо', 'взять', 'физически', 'оказаться', 'тяжело', 'лицо', 'красить', 'рука', 'спонж', 'мыть']"
1,1,1,1,1,1,1,1,1,1,1,1,1,1,1,1,1,1,1,1,1,0,"['рассказать', 'сестра', 'попросить', 'обмыть', 'исполнить']"
1,1,1,1,1,1,1,1,1,1,1,1,1,1,1,1,1,1,1,1,1,0,"['щетка', 'гребешок', 'сэр', 'деловитый', 'распоряжаться', 'белла']"
1,0,1,1,1,1,1,1,1,1,1,1,1,1,1,1,1,1,1,1,1,0,"['явиться', 'брадобрей', 'побрить', 'пытаться', 'короткий', 'волос', 'слуга', 'пригласить', 'завтракать']"
1,1,1,1,1,1,1,1,1,1,1,1,1,1,1,1,1,1,1,1,1,0,"['стоить', 'дорого', 'человек', 'посещение', 'собачий', 'парикмахерская', 'обойтись', 'владелец', 'сумма', 'рубль']"
1,0,1,1,1,1,1,1,1,1,1,1,0,1,1,1,1,1,1,1,1,0,"['месяц', 'устраивать', 'обед', 'чаепитие', 'который', 'позволить', 'стараться', 'приодеть', 'дженни', 'красивый', 'напрасно']"
1,0,1,1,1,1,1,1,1,1,1,1,1,1,1,1,1,1,1,1,1,0,"['бровь', 'подвести', 'темный', 'цвет', 'ярко', 'аккуратно', 'придавать', 'форма']"
1,0,1,0,1,1,0,1,0,0,0,1,0,0,0,1,0,1,0,1,0,0,"['корректировка', 'цвет', 'форма', 'бровь', 'необходимо', 'прочесать', 'ершик', 'покрыть', 'прозрачный', 'гель']"
1,0,0,0,1,1,1,1,1,1,1,1,1,0,0,1,1,1,1,1,1,0,"['памела', 'подкрасить', 'выпустить', 'студия', 'свет', 'ослепительный', 'софит']"
0,1,1,1,0,0,0,0,0,0,0,0,1,0,0,0,0,0,1,0,0,0,"['вскоре', 'керим', 'одеться', 'старательный', 'влажный', 'быстро', 'стряхнуть', 'висок', 'капелька', 'вода']"
0,0,0,0,0,0,0,0,0,0,0,0,0,0,0,0,0,0,1,0,0,0,"['естественно', 'длительный', 'хранение', 'свернутый', 'вид', 'употребление', 'рекомендоваться', 'провести', 'растопырить', 'палец', 'ход', 'рост', 'шерсть', 'знак-кавычки']"
1,0,1,0,1,1,1,1,1,1,1,1,1,1,0,1,1,1,1,1,1,0,"['волос', 'стать', 'готовить', 'ужин']"
0,0,1,0,0,0,0,0,0,0,0,0,1,0,0,0,0,0,1,0,0,0,"['шейла', 'надеть', 'красивый', 'черный', 'платье', 'аккуратно', 'темно-каштановый', 'волос']"
0,1,0,0,0,0,1,0,1,0,1,0,1,0,0,0,1,0,1,0,1,0,"['самый', 'страшный', 'актриса', 'голливуд', 'одеть', 'накрасить', 'испугаться', 'первый', 'момент']"
0,1,0,0,0,0,0,0,0,0,0,0,1,0,0,0,0,0,1,0,0,0,"['волос', 'гладко', 'крем', 'чудесный', 'прическа', 'сделать', 'любой', 'стрижка', 'мальчик']"
0,0,1,1,0,0,0,0,0,0,0,0,0,1,1,0,0,0,1,0,0,0,"['приходить', 'отмыть', 'идти']"
0,0,0,0,0,0,0,0,0,0,0,0,1,0,0,0,0,0,1,0,0,0,"['понять', 'спать', 'больше', 'хотеть', 'сирена', 'вылезти', 'кровать', 'направиться', 'заркало', 'волос', 'переодется']"
0,0,1,1,0,0,0,0,0,0,0,0,1,1,1,0,0,0,1,0,0,0,"['помыться', 'танец', 'гармонично']"
0,1,0,0,0,0,0,0,0,0,0,0,1,0,0,0,0,0,0,0,0,0,"['туалетный', 'зеркало', 'стол', 'должный', 'получить', 'небольшой', 'бриться', 'стакан', 'сумка', 'побрить', 'волос']"
0,1,0,0,0,0,0,0,0,0,0,0,1,0,0,0,0,0,1,0,0,0,"['первый', 'запах', 'больно', 'концентрированный', 'волос', 'нереально', 'использование', 'маска']"
0,0,0,0,0,0,0,0,0,0,0,0,0,0,0,0,0,0,1,0,0,0,"['опасный', 'оружие', 'обольщение', 'юдифь', 'предстать', 'олоферный', 'главнокомандующий', 'навуходоносор', 'готовый', 'уничтожить', 'народ', 'говориться', 'библия', 'снять', 'вретище', 'который', 'надевать', 'одежда', 'вдовство', 'омыть', 'тело', 'вода', 'намаститься', 'драгоценный', 'мирр', 'волос', 'надел', 'голова', 'повязка', 'знак-кавычки']"
1,0,0,0,1,1,1,1,1,1,1,1,0,0,0,1,1,0,1,0,1,0,"['образ', 'закончить', 'ирина', 'накрасить', 'мама', 'проводить', 'спрятаться', 'комната', 'надежда', 'скоро', 'прийти', 'одевать']"
0,0,0,0,0,0,0,0,0,0,0,0,1,0,0,0,0,0,0,0,0,0,"['учитывать', 'умение', 'девочка', 'воспитатель', 'обращаться', 'просьба', 'помочь', 'другой', 'ребенок', 'застегнуть', 'пуговица', 'платье', 'рубашка', 'ребята', 'зашнуровать', 'ботинок']"
0,0,0,0,0,0,0,0,0,0,0,0,0,0,0,0,0,0,1,0,0,0,"['волос', 'ребенок', 'стричь']"
0,1,1,0,0,0,0,0,0,0,0,0,1,0,0,0,0,0,1,0,0,0,"['маркиз', 'андронико', 'велеть', 'парик', 'завить']"
0,1,1,0,0,0,0,0,0,0,0,0,1,1,0,0,0,0,0,0,0,0,"['диана', 'перестать', 'крик', 'реагировать', 'попытка']"
0,1,0,0,0,0,0,0,0,0,0,0,0,0,0,0,0,0,1,0,0,0,"['помолчать', 'кончик', 'хвост', 'продолжить']"
0,0,1,1,0,0,1,0,1,1,1,0,0,0,1,0,1,0,1,0,1,0,"['уложить', 'постель', 'волос', 'разгладить', 'морщина']"
1,0,1,0,0,1,0,1,0,0,0,1,1,0,0,1,0,1,1,1,0,0,"['ребенок', 'находиться', 'режим', 'умыть', 'покормить', 'дать', 'судно', 'кровать']"
0,0,0,1,0,0,0,0,0,1,1,0,0,0,1,0,0,0,1,0,0,0,"['пара', 'минута', 'очередной', 'попытаться', 'волос', 'появиться', 'запах', 'жженый', 'перо', 'недовольный', 'вопль']"
0,0,1,0,0,0,0,0,0,0,0,0,1,1,0,0,0,0,1,0,0,0,"['мама', 'вдруг', 'заволноваться', 'посадить', 'клиентка', 'стул', 'родной', 'дочка', 'показать', 'намыливать', 'смывать', 'накручивать', 'бигуди', 'волос']"
1,1,1,0,1,1,1,1,1,1,1,1,1,1,0,1,1,1,1,1,1,0,"['весна', 'необходимо', 'газон', 'специальный', 'грабли', 'убрать', 'сухой', 'лист', 'трава']"
0,0,1,0,0,0,0,0,0,0,0,0,0,0,0,0,0,0,1,0,0,0,"['давать', 'концерт', 'хотеть', 'сегодня', 'особенно', 'красивый']"
1,1,0,0,1,1,0,1,0,0,0,0,1,0,0,0,0,0,0,0,0,0,"['женщина', 'парикмахер', 'уйти', 'успеть', 'волос']"
0,0,1,0,0,0,0,0,0,0,0,0,0,0,0,0,0,0,1,0,0,0,"['лак', 'просохнуть', 'волос']"
0,0,1,0,0,0,0,0,0,0,0,0,1,1,0,0,0,0,1,0,0,0,"['оставаться', 'положение', 'попытаться', 'непослушный', 'волос', 'одеть', 'очки', 'пол', 'лицо', 'видеть', 'устать', 'глаз', 'сесть', 'рядом', 'чемодан']"
0,0,0,0,0,0,0,0,0,0,0,0,1,0,0,0,0,0,0,0,0,0,"['фишер', 'побрить', 'приодеть', 'вывести', 'подиум', 'лозунг', 'знак-кавычки']"
1,0,0,0,1,1,0,1,0,0,0,1,0,0,0,1,0,1,0,1,0,0,"['заботить', 'базовый', 'интерес', 'ребенок', 'накормить', 'одеть']"
0,0,1,0,0,0,0,0,0,0,0,0,0,1,0,0,0,0,1,0,0,1,"['факт', 'добыча', 'энергия', 'среда', 'обеспечить', 'человек', 'строить', 'механизм', 'кпд', 'единица', 'тратить', 'добыть', 'знак-кавычки']"
0,0,0,0,0,0,0,0,0,0,0,0,1,0,0,0,0,0,1,0,0,1,"['завораживать', 'убаюкивать', 'мысль', 'прослушивание', 'заставлять', 'задумываться', 'одновременно', 'многий', 'глобальный', 'неведать', 'вселенский', 'движение']"
0,0,0,0,0,0,0,0,0,0,0,0,0,0,0,0,0,0,1,0,0,1,"['геоэкономический', 'ресурс', 'иметься', 'распоряжение', 'россия']"
0,0,0,0,0,0,0,0,0,0,0,0,1,0,0,0,0,0,1,0,0,1,"['действительно', 'хотеть', 'сделать', 'гражданин', 'полезный', 'нужный', 'предлагать', 'отодвинуть', 'сторона', 'политический', 'амбиция', 'ресурс', 'сосредоточиться', 'решение', 'важнейший', 'страна', 'проблема']"
0,1,1,0,0,0,0,0,0,0,0,0,1,0,0,0,0,0,0,0,0,1,"['вложение', 'приносить', 'прибыль', 'риск', 'минимальный', 'актив', 'знак-кавычки', 'знак-кавычки']"
0,0,1,0,0,0,0,0,0,0,0,0,0,0,0,0,0,0,1,0,0,1,"['раздавать', 'упоминать', 'сестра', 'серьга', 'скудный', 'ресурс']"
1,1,0,0,1,1,1,1,1,1,1,1,1,0,0,1,1,1,1,1,1,1,"['думать', 'главный', 'ударный', 'сила', 'следовать', 'держать', 'спарта', 'отбиваться', 'неприятель', 'место']"
0,0,0,0,0,0,0,0,0,0,0,0,0,0,0,0,0,0,1,0,0,1,"['наиболее', 'эффективный', 'следовать', 'признать', 'часовой', 'занятие', 'позволять', 'сконцентрировать', 'внимание', 'студент', 'соединить', 'теория', 'практика', 'сила', 'энергия', 'преподаватель']"
0,0,0,0,0,0,0,0,0,0,0,0,0,0,0,0,0,0,1,0,0,1,"['человеческий', 'знание', 'известно', 'адам', 'смит']"
0,0,0,0,0,0,0,0,0,0,0,0,0,0,0,0,0,0,1,0,0,1,"['навигация', 'веб', 'сайт', 'легко', 'хорошо', 'контент', 'дублироваться', 'репутация', 'страничка', 'обратный', 'гиперссылка', 'качество', 'значимый', 'число', 'инструмент', 'проведение', 'эксперимент', 'прогонка', 'каталог', 'постоянный', 'ре', 'сабмит', 'валидный', 'код', 'мрачно', 'навевать', 'выгода', 'отбирать', 'наличный', 'средство', 'время', 'знак-кавычки']"
1,1,0,0,1,1,1,1,1,1,1,1,0,0,0,1,1,1,1,1,1,1,"['большинство', 'производитель', 'софт', 'давно', 'отказаться', 'поддержка', 'процессор', 'ресурс']"
1,0,0,0,1,1,1,1,1,1,1,1,1,0,0,1,1,1,1,1,1,1,"['монопольный', 'право', 'проведение', 'страховой', 'деятельность', 'определенный', 'район', 'даваться', 'общество', 'цель', 'быстро', 'создать', 'устойчивый', 'финансовый', 'база', 'капитал', 'мелкий', 'компания']"
0,0,0,0,0,0,0,0,0,0,0,0,0,0,0,0,0,0,1,0,0,1,"['лезть', 'взрывоопасный', 'регион', 'политический', 'материальный', 'военный', 'ресурс']"
0,0,1,1,0,0,1,0,1,0,0,1,1,1,1,1,1,1,1,1,1,1,"['каталонский', 'клуб', 'эффективный', 'менеджмент', 'прогрессивный', 'система', 'имущественный', 'отношение', 'акция', 'барс', 'мир', 'знак-кавычки']"
0,1,0,1,0,0,0,0,1,0,0,0,1,0,1,0,0,0,1,0,0,1,"['прошлый', 'год', 'лазарев', 'решить', 'отдать', 'ремонт', 'общага']"
1,0,1,1,1,1,1,1,1,1,1,1,1,1,1,1,1,1,1,1,1,1,"['большой', 'общение', 'человек', 'опасный', 'духовный', 'жизнь']"
1,1,0,1,1,1,1,1,1,1,1,1,1,0,1,1,1,1,1,1,1,1,"['порекомендовать', 'сконцентрироваться', 'один', 'ключевой', 'слово', 'постараться', 'получить', 'высокий', 'положение', 'усилие', 'захватить', 'рынок']"
1,1,1,1,1,1,1,1,1,1,1,1,1,1,1,1,1,1,1,1,1,1,"['неуверенно', 'пользоваться', 'математика', 'усилие', 'разный', 'область', 'знак-кавычки']"
1,0,0,0,1,1,1,1,1,1,1,1,1,0,0,1,1,1,1,1,1,1,"['неэкономно', 'энергия', 'приземлиться', 'выдохнуть']"
1,0,1,1,1,1,1,1,1,1,1,1,0,1,1,1,1,1,1,1,1,1,"['представитель', 'предприятие', 'выступать', 'законодательно', 'закрепить', 'требование', 'направлять', 'средство', 'экологический', 'платеж', 'значимый', 'природоохранный', 'программа', 'множество', 'мелкий']"
1,1,0,1,1,1,1,1,1,1,1,1,1,1,1,1,1,1,1,1,1,1,"['концентрироваться', 'усилие']"
1,1,1,1,1,1,1,1,1,1,1,1,1,1,1,1,1,1,1,1,1,1,"['известно', 'сша', 'великобритания', 'право', 'собственность', 'крупный', 'акционерный', 'компания', 'мелкий', 'акционер', 'связать', 'большинство', 'другой', 'развитый', 'страна', 'иметь', 'концентрированный', 'характер']"
1,0,1,1,1,1,1,1,1,1,1,1,0,1,1,1,1,1,1,1,1,1,"['решение', 'пропустить', 'действительно', 'важный', 'средство', 'следовать', 'определиться', 'основной', 'зона', 'который', 'возникнуть', 'проблема']"
0,1,0,1,0,0,1,0,1,0,0,0,1,0,1,0,1,0,1,0,1,1,"['фактически', 'пользователь', 'получать', 'персональный', 'информационный', 'система', 'опорный', 'точка', 'присутствие', 'необходимость', 'внимание', 'ресурс']"
1,1,1,1,1,1,1,1,1,1,1,1,1,1,1,1,1,1,1,1,1,1,"['владелец', 'постоянно', 'рождать', 'местный', 'монополист', 'безумный', 'тариф']"
1,0,1,1,1,1,1,1,1,1,1,1,0,1,1,1,1,1,1,1,1,1,"['другой', 'сторона', 'понимать', 'усилие', 'разработчик', 'объединить', 'один', 'проект']"
0,1,1,0,0,1,0,1,0,0,0,1,1,1,0,1,0,1,1,1,0,1,"['остальной', 'инвестиция', 'оказаться', 'чрезмерно']"
0,0,0,0,0,0,0,0,0,0,0,0,1,0,0,0,0,0,1,0,0,1,"['предпочесть', 'власть']"
1,0,1,0,1,1,1,1,1,1,1,1,0,1,0,1,1,1,1,1,1,1,"['стоить', 'внимание', 'цель']"
1,0,1,1,1,1,1,1,1,1,1,1,0,1,1,1,1,1,1,1,1,1,"['середина', 'неделя', 'постараться', 'сосредоточить', 'усилие', 'один', 'цель', 'энергия', 'проект']"
1,0,0,0,1,1,1,1,1,1,1,1,0,0,0,1,1,1,1,1,1,1,"['прочий', 'способ', 'доступ', 'пользователь', 'мониторинг', 'управление', 'платежный', 'система', 'недопустимый', 'концентрация', 'развитие']"
1,0,0,1,1,1,1,1,1,1,1,1,1,1,1,1,1,1,1,1,1,1,"['комментарий', 'алексей', 'макаркин', 'по-настоящему', 'действенный', 'орган', 'правозащитник', 'эксперт', 'создать', 'единый', 'общественный', 'организация', 'иметь', 'юридический', 'право', 'сила', 'одинаковый', 'программа', 'рамка', 'который', 'дискутировать', 'давать', 'совет']"
1,0,0,0,1,1,1,1,1,1,1,1,1,1,0,1,1,1,1,1,1,1,"['другой', 'разбрасываться', 'сила', 'уметь', 'найти', 'главный', 'решающий']"
1,0,1,1,1,1,1,1,1,1,1,1,0,1,1,1,1,1,1,1,1,1,"['смысл', 'пенсионный', 'резерв', 'компания', 'заключить', 'договор', 'выгодный', 'условие', 'один', 'считать', 'господин', 'недбай']"
1,0,0,0,1,1,1,1,1,1,1,1,0,0,0,1,1,1,0,1,1,1,"['россия', 'хотеть', 'программа', 'заработать', 'выделить', 'реализация', 'средство', 'направлять', 'регион', 'переселенец', 'построить', 'жилье', 'создать', 'рабочий', 'место', 'миллиард', 'необъятный', 'знак-кавычки']"
1,1,0,0,1,1,1,1,1,1,1,1,1,0,0,1,1,1,1,1,1,1,"['последний', 'год', 'написать', 'опубликовать', 'целостный', 'картина', 'читатель', 'случайный']"
1,1,0,0,1,1,1,1,1,1,1,1,1,0,0,1,1,1,1,1,1,1,"['изначально', 'состав', 'блок', 'должный', 'войти', 'партия', 'российский', 'регион', 'третий', 'учредитель', 'федеральный', 'родина', 'итог', 'принять', 'решение', 'участвовать', 'избирательный', 'кампания', 'самостоятельно', 'совет', 'администрация', 'патриотический', 'голос', 'знак-кавычки']"
0,1,1,1,0,0,1,0,1,1,1,0,1,1,1,0,1,0,1,1,1,1,"['акция', 'сильно', 'центр', 'капитал', 'удаться', 'собрать', 'процентный', 'пакет', 'знак-кавычки']"
0,1,0,0,0,0,0,0,0,0,0,0,1,0,0,0,0,0,1,0,0,1,"['талант', 'один', 'личность', 'главгерой', 'создатель', 'аналогично', 'вполне', 'предсказуемый', 'преуспеть', 'диалог', 'смотреть', 'личный', 'отношение', 'член', 'команда', 'отрыв', 'увлечь', 'сюжет', 'удовольствие']"
0,1,0,0,0,0,0,0,0,0,0,1,1,0,0,1,0,1,1,1,0,1,"['итог', 'дать', 'указание', 'проектировщик', 'строитель', 'хвататься', 'проект', 'подряд', 'сила', 'сначала', 'сосредоточиться', 'ключевой', 'наиболее', 'проблемный', 'участок', 'дорожный', 'хозяйство', 'столица']"
1,1,0,0,1,1,1,1,1,1,1,1,1,0,0,1,1,1,1,1,1,1,"['единственный', 'задача', 'партия', 'ср', 'оттянуть', 'голос', 'кпрф', 'справиться', 'больший', 'предусмотреть', 'суждено', 'победить', 'голосовать', 'значит', 'поддерживать', 'ер', 'тоесть', 'комунист', 'укреплять', 'позиция', 'едрос']"
0,0,0,1,0,0,1,0,1,1,1,1,0,1,1,1,1,1,1,1,1,1,"['истман', 'лэрд', 'впервые', 'узнать', 'схема', 'распространение', 'дистрибьютор', 'скупать', 'заинтересовать', 'тираж', 'опт', 'скидка', 'составляющая', 'правило', 'процент-знак', 'конечный', 'стоимость', 'сеть', 'розничный', 'продажа', 'приподнять', 'цена', 'процент']"
1,0,1,0,1,1,1,1,1,1,1,1,0,1,1,1,1,1,1,1,1,1,"['сила', 'штурм', 'город']"
1,0,0,1,1,1,1,1,1,1,1,1,0,0,1,1,1,1,1,1,1,1,"['тактика', 'мешать', 'концентрировать', 'средство', 'пво', 'немец', 'приходиться', 'ослабить', 'восточный', 'фронт', 'сила', 'истребительный', 'авиация']"
1,0,1,0,1,1,1,1,1,1,1,1,0,1,1,1,1,1,0,1,1,1,"['банковский', 'сообщество', 'хотеть', 'свободный', 'экономика', 'децентрализованный', 'власть']"
1,0,1,1,1,1,1,1,1,1,1,1,0,1,1,1,1,1,0,1,1,1,"['знание', 'другой', 'специальность', 'направить', 'знать', 'совершенство']"
1,0,1,1,0,1,1,0,1,1,1,1,0,1,1,1,1,1,0,1,1,1,"['просто', 'сказать', 'данные', 'хорошо', 'сервер']"
1,0,1,1,1,1,1,1,1,1,1,1,0,0,1,1,1,1,1,1,1,1,"['тактика', 'заставлять', 'сша', 'мобильный', 'средство', 'пло', 'лишать', 'необходимый', 'оперативный', 'плотность', 'увеличивать', 'затрата', 'расширение', 'глобальный', 'сеть', 'размер', 'экономически', 'нереалистичный']"
1,1,0,1,1,1,0,1,1,0,1,1,1,0,1,1,0,1,0,1,1,1,"['инженер', 'неприятно', 'сила', 'колония', 'нарук', 'пират']"
1,0,0,0,1,1,1,1,1,1,1,1,0,1,1,1,1,1,0,1,1,1,"['единый', 'цифровой', 'магазин', 'давать', 'гарантия', 'продавец', 'поступление', 'деньги', 'покупатель', 'различный', 'препятствие', 'запуск', 'контрафактный', 'пользователь', 'разработчик', 'программа', 'сила', 'создавать', 'собственный', 'витрина', 'обеспечивать', 'безопасность', 'дизайн', 'далее', 'знак-кавычки']"
1,1,1,1,1,1,1,1,1,1,1,1,0,1,1,1,1,1,0,1,1,1,"['думать', 'часть', 'корабль', 'облет', 'объединять', 'сила']"
1,1,1,1,1,1,1,1,1,1,1,1,1,1,1,1,1,1,0,1,1,1,"['первый', 'раздражать', 'тяжелый', 'неуклюжий', 'язык', 'мелочный', 'схоластический', 'полемика', 'второй', 'самгин', 'казаться', 'газетка', 'бессильный', 'влиять', 'читатель', 'должный', 'форма', 'статья', 'компрометировать', 'идейный', 'сущность', 'дробить', 'материал', 'пафос', 'гнев', 'заменить', 'мелкий', 'личный', 'злоба', 'бывший', 'единомышленник']"
1,1,0,0,1,1,1,1,1,1,1,1,0,0,0,1,1,1,0,1,1,1,"['требование', 'лаконизм', 'предъявлять', 'требовать', 'громадный', 'всеобъемлющий', 'содержание', 'который', 'давно', 'потерять']"
0,0,1,1,0,0,0,0,0,0,0,0,0,1,1,0,0,0,0,0,0,1,"['цель', 'несколько', 'сила', 'конкурент', 'овр', 'заставить', 'юрий', 'лужков', 'дергаться', 'совершать', 'ошибка', 'известно', 'достаточно', 'болезненно', 'воспринимать', 'критика', 'клевета', 'адрес', 'главное', 'сделать', 'дополнительный', 'реклама', 'знак-кавычки']"
1,1,0,1,1,1,1,1,1,1,1,1,1,0,0,1,1,1,1,1,1,1,"['немец', 'выгодный', 'ранний', 'контратака', 'союзник', 'который', 'несомненно', 'отразить', 'сила', 'растянутый', 'выступ', 'прорыв']"
1,1,1,1,1,1,1,1,1,1,1,1,1,1,1,1,1,1,0,1,1,1,"['благотворительный', 'деятельность', 'уральский', 'филиал', 'нефтяной', 'гигант', 'недавний', 'время', 'направить', 'многий', 'проект', 'новый', 'руководство', 'сила', 'средство', 'решить', 'сконцентрироваться', 'помощь', 'челябинский', 'детский', 'дом', 'копейский', 'ребенок']"
1,1,1,0,1,1,0,1,0,0,0,1,1,1,0,1,0,1,0,1,0,1,"['приходиться', 'размениваться', 'переговоры', 'каждый', 'отдельный', 'вождь', 'субсидия', 'мелкий', 'подачка']"
1,1,1,1,1,1,1,1,1,1,1,1,0,1,1,1,1,1,0,1,1,1,"['млрд', 'руб', 'десяток', 'проект', 'средство', 'дать', 'осязаемый', 'результат', 'сконцентрировать', 'усилие', 'небольшой', 'число']"
1,1,1,0,1,1,1,1,1,1,1,1,0,1,1,1,1,1,1,1,1,1,"['важно', 'человек', 'активность', 'вечный', 'стремление', 'высший', 'справедливость']"
0,1,0,1,0,0,1,0,1,1,1,0,1,1,1,0,1,0,0,0,1,1,"['дело', 'многий', 'норма', 'законодательство', 'призванный', 'регулировать', 'отношение', 'различный', 'правовой', 'акт', 'отрасль', 'часть', 'устареть']"
0,0,1,1,0,0,0,0,0,0,0,0,0,1,1,0,0,0,0,0,0,1,"['позволить', 'ресурс', 'двигаться', 'различный', 'направление', 'знак-кавычки']"
1,1,0,1,1,1,1,1,1,1,1,1,1,0,1,1,1,1,0,1,1,1,"['стоить', 'полномочие', 'агентство', 'уполномоченный', 'орган', 'банк', 'россия']"
1,0,0,1,1,1,1,1,1,1,1,1,0,0,1,1,1,1,0,1,1,1,"['день', 'добрый', 'подсказать', 'наличие', 'появиться', 'модель', 'хотеться', 'заказать', 'наряду', 'уходовый', 'средство', 'понравиться', 'широкий', 'ассортимент', 'проф', 'косметика', 'заказ', 'многие', 'интернет', 'магазин', 'выгодно']"
1,0,1,1,1,1,1,1,1,1,1,1,0,1,1,1,1,1,0,1,1,1,"['решить', 'средство', 'взять', 'меньший', 'количество', 'дом', 'выполнить', 'вид', 'работа']"
1,1,0,1,1,1,1,1,1,1,1,1,0,0,1,1,1,1,0,1,1,1,"['парень', 'устремить', 'завоевать', 'сердце', 'любимый', 'женщина', 'внимание', 'многий', 'цель', 'поверхностный', 'часто', 'представляться', 'интерес', 'интимный', 'сфера', 'знак-кавычки']"
1,1,1,1,1,1,1,1,1,1,1,1,1,1,1,1,1,1,0,1,1,1,"['драгоценный', 'энергия', 'игнорировать']"
0,1,1,1,0,0,0,0,0,0,0,1,1,1,1,1,0,1,0,1,0,1,"['слово', 'вновь', 'восстановить', 'средство', 'решить', 'направить', 'финансирование', 'опорный', 'населенный', 'пункт', 'город', 'который', 'представлять', 'агломерация', 'потенциально', 'оказывать', 'существенный', 'влияние', 'прилегать', 'территория', 'знак-кавычки']"
0,1,0,1,0,0,0,0,0,0,0,0,0,0,1,0,0,0,0,0,0,1,"['побеждаться', 'собственный', 'природа', 'вожделение', 'страсть', 'уступить', 'желание', 'отказать', 'любимый', 'упустить', 'шанс', 'воспользоваться', 'следовать', 'призыв', 'человек', 'личностный', 'энергия', 'больше', 'способный', 'сверхусилие', 'знак-кавычки', 'знак-кавычки', 'знак-кавычки']"
1,1,1,1,1,1,1,1,0,1,1,1,0,1,1,1,1,1,0,1,1,1,"['отрицательный', 'резолюция', 'комиссар', 'радиотелеграфный', 'отдел', 'уск', 'п.', 'новобранов', 'согласный', 'отпустить', 'специалист', 'радио', 'военный', 'масса', 'коммунист', 'другой', 'партработа', 'наконец', 'оставить', 'совершенно', 'ежов', 'придтись', 'знак-кавычки']"
1,1,0,0,1,1,1,1,1,1,1,1,0,0,0,1,1,1,0,1,1,1,"['корпорация', 'фирма', 'владение', 'который', 'относительно', 'множество', 'акционер']"
0,1,0,1,0,0,1,0,1,1,1,1,1,1,1,1,1,0,0,0,1,1,"['итог', 'стать', 'время', 'чувство', 'чужой', 'человек', 'действительно', 'встретить', 'искренний', 'любящий', 'состоять', 'отношение', 'день']"
0,0,0,1,0,0,0,0,0,0,0,0,0,1,1,0,0,0,0,0,0,1,"['результат', 'организационный', 'сила', 'внимание', 'население']"
0,0,1,1,0,0,0,0,0,0,0,0,0,1,1,0,0,0,0,0,0,1,"['обязательно', 'должный', 'организация', 'время', 'деятельность', 'советовать', 'использовать', 'ежедневник', 'помочь', 'оптимизировать', 'рабочий', 'максимально', 'эффективно', 'лишний', 'усилие', 'сэкономить', 'сделать', 'действительно', 'полезный', 'дело']"
1,1,0,0,1,1,1,1,1,1,1,1,1,1,1,1,1,1,0,1,1,1,"['потерпеть', 'нещадный', 'число', 'разгром', 'растерять', 'протекторат', 'уважение', 'подданный', 'казна', 'император', 'собраться', 'дух', 'надавать', 'выскочка', 'треуголка']"
1,0,1,0,1,1,1,1,1,1,1,1,0,1,0,1,1,1,0,1,1,1,"['гороскоп', 'рекомендовать', 'рыба', 'чувство', 'выбрать', 'стабильный', 'серьезный', 'отношение']"
1,1,1,1,1,1,1,1,1,1,1,1,0,1,1,1,1,1,0,1,1,1,"['морской', 'бой', 'сожаление', 'отсутствовать', 'разработчик', 'слово', 'решить', 'сила', 'целиком', 'сосредоточиться', 'сухопутный', 'баталия']"
1,1,1,0,1,1,1,1,1,1,1,1,1,1,0,1,1,1,0,1,1,1,"['самый', 'большой', 'капитал', 'легко', 'фондовый', 'рынок', 'скромный', 'сумма', 'превратить', 'состояние']"
1,1,1,1,1,1,1,1,1,1,1,1,1,1,1,1,1,1,0,1,1,1,"['самый', 'важный', 'работа', 'нулевой', 'бюджет', 'сила', 'неосуществимый', 'проект']"
0,0,1,1,0,0,0,0,0,0,0,0,0,1,1,0,0,0,0,0,0,1,"['другой', 'сторона', 'слово', 'романтика', 'поэт', 'человек', 'наделить', 'дар', 'чувствовать', 'делиться', 'чувство', 'читатель', 'растратить', 'яркость', 'сила']"
0,1,0,0,0,0,0,0,0,0,0,0,1,0,0,0,0,0,0,0,0,1,"['заманчивый', 'космический', 'бюджет', 'реклама', 'сми', 'сделать', 'пропагандист', 'товар', 'потребитель']"
0,0,1,0,0,0,0,0,0,0,0,0,0,1,1,0,0,0,0,0,0,1,"['экран', 'навигатор', 'стоять', 'низко', 'уровень', 'приборный', 'щиток', 'смотреть', 'прибор', 'глаз', 'мельтешить', 'заставлять', 'водитель', 'внимание']"
0,0,1,1,0,0,0,0,0,0,0,0,0,0,1,0,0,0,0,0,0,1,"['позволять', 'сконцентрировать', 'сила', 'военный', 'космический', 'флот', 'несение', 'заградительный', 'служба', 'одновременный', 'добыча', 'стратегический', 'материал', 'отдаленный', 'локация']"
0,1,0,0,0,0,0,0,0,0,0,0,1,0,0,0,0,0,0,0,0,1,"['операционный', 'система', 'разработчик', 'намерен', 'использовать', 'дальнейший', 'сила', 'сторонний', 'проект']"
1,1,0,0,1,1,1,1,1,1,1,1,0,0,0,1,1,1,0,1,1,1,"['рекомендоваться', 'начинающий', 'мебельный', 'бизнес', 'позволить', 'сила', 'средство', 'покупка', 'масса', 'оборудование', 'работа', 'различный', 'материал', 'оплата', 'труд', 'узкоспециализированный', 'работник']"
0,1,0,0,0,0,1,0,1,0,0,0,0,0,0,0,1,0,1,0,0,1,"['считать', 'нужный', 'максимум', 'использовать', 'иметься', 'инновационный', 'задел', 'правильно', 'расставить', 'приоритет', 'научный', 'разработка', 'сконцентрировать', 'ресурс', 'направление', 'который', 'обещать', 'мощный', 'синергетический', 'эффект', 'повышать', 'конкурентоспособность', 'страна']"
0,0,0,1,0,0,0,0,0,0,0,0,0,0,1,0,0,0,0,0,0,1,"['целоваться', 'профессионально', 'остаться', 'равнодушный', 'продолжать', 'ломаться', 'означать', 'сильно', 'бурный', 'страсть', 'девушка']"
0,0,0,0,0,0,0,0,0,0,0,0,0,0,0,0,0,0,0,0,0,1,"['человек', 'вечно', 'недовольный', 'невеликий', 'энергия', 'недовольство', 'поступление', 'высший', 'сила', 'блокироваться', 'судьба', 'помогать']"
0,0,0,0,0,0,1,0,1,1,1,0,0,0,0,0,1,0,0,0,1,1,"['главный', 'произведение', 'прийти', 'возраст', 'духовный', 'жизнь', 'год', 'большинство', 'змей', 'начинать', 'рано', 'быстро', 'сгорать', 'сила']"
1,1,0,0,1,1,0,1,0,0,0,1,0,0,0,1,0,1,0,1,0,1,"['придерживаться', 'один', 'тематика', 'сайт', 'разный', 'тема']"
0,1,0,0,0,0,0,0,0,0,0,0,0,0,0,0,0,0,0,0,0,1,"['власть', 'приложить', 'титанический', 'усилие', 'сила', 'протестовать', 'сегодня']"
0,0,1,0,0,0,0,0,0,0,0,0,0,0,0,0,0,0,0,0,0,1,"['разный', 'комиссия', 'никто', 'отвечать', 'решение', 'другой', 'сторона', 'получаться', 'нормально']"
0,1,0,0,0,0,0,0,0,0,0,0,1,0,0,0,0,0,0,0,0,1,"['решить', 'усилие', 'направление', 'эффективно', 'использовать', 'возможность', 'который', 'компания']"
0,0,0,0,0,0,0,0,0,0,0,0,0,0,0,0,0,0,0,0,0,1,"['государство', 'должно', 'выделять', 'деньги', 'конкретный', 'цель', 'средство']"
0,1,0,0,0,0,0,0,0,0,0,0,1,0,0,0,0,0,0,0,0,1,"['противник', 'приходиться', 'сила', 'отражать', 'упорный', 'атака', 'соединение']"
0,0,0,1,0,0,0,0,0,0,0,0,0,0,1,0,0,0,0,0,0,1,"['считаться', 'исходить', 'ссылка', 'ослаблять', 'позиция', 'выдача', 'способствовать', 'утечка', 'посетитель', 'негативно', 'влиять', 'поисковый', 'продвижение', 'сайт']"
0,0,0,1,0,0,0,0,0,0,0,0,0,1,1,0,0,0,0,0,0,1,"['гитлер', 'стать', 'поддаваться', 'обманный', 'маневр', 'антигерманский', 'коалиция', 'выбирать', 'точка', 'приложение', 'сила', 'проигрывать', 'союзник', 'часть', 'мобилизация', 'экономика', 'военный', 'нужда', 'средство', 'разработка', 'новый', 'вид', 'вооружение']"
0,0,0,0,0,0,0,0,0,0,0,0,0,0,0,0,0,0,0,0,0,1,"['россия', 'один', 'нищий', 'правительство', 'иметь', 'моральный', 'право', 'бюджет']"
0,0,0,0,0,0,0,0,0,0,0,0,1,0,0,0,0,0,0,0,0,1,"['усталость', 'упорно', 'внимание']"
1,0,0,0,1,1,1,1,1,1,1,1,0,0,0,1,1,1,0,1,1,1,"['база', 'который', 'существовать', 'разрозненный', 'ресурс', 'основное', 'черноморский', 'побережье']"
0,1,0,0,0,0,0,0,1,0,1,0,0,0,0,0,0,0,0,0,0,1,"['первый', 'число', 'апрель', 'тысяча', 'американский', 'доллар', 'сотенный', 'купюра', 'черный', 'нал', 'карман', 'труженик', 'чешский', 'киноиндустрия', 'режиссер', 'оператор', 'один', 'лицо', 'второй', 'жизнь', 'тина', 'сын', 'ездить', 'турция', 'пересечь', 'государственный', 'граница']"
0,1,0,1,0,0,0,0,0,0,0,0,0,0,1,0,0,0,0,0,0,1,"['учитывать', 'удаться', 'найти', 'компромисс', 'определение', 'маршрут', 'пушкинский', 'гора', 'предлагать', 'сила', 'энтузиаст', 'совершить', 'лето', 'супер', 'тест', 'тур', 'предложить', 'испытать', 'время', 'формат', 'знак-кавычки', 'знак-кавычки']"
1,0,0,1,1,1,0,1,0,1,1,1,0,0,1,1,0,1,0,1,1,1,"['иметь', 'устойчивый', 'рост', 'экономика', 'закон', 'который', 'позволять', 'вливать', 'сфера', 'реально', 'конкурентоспособный', 'деньги']"
0,0,0,1,0,0,0,0,0,0,0,0,0,0,1,0,0,0,0,0,0,1,"['захотеть', 'вытягивать', 'боевой', 'порядок', 'юг', 'песок', 'скоро', 'обнаружиться', 'достаточный', 'количество', 'человек', 'техника', 'удерживать', 'наступательный', 'удар', 'сила', 'обороняться', 'атаковать', 'концентрироваться', 'один', 'точка']"
1,0,0,1,1,1,0,1,0,0,0,1,0,0,1,1,0,1,0,1,0,1,"['идти', 'вперед', 'отрываться', 'база', 'сила']"
0,0,0,0,0,0,0,0,0,0,0,0,0,0,0,0,0,0,0,0,0,1,"['сила', 'хвататься', 'подряд', 'конечный', 'итог', 'никакой', 'толк']"
0,0,1,1,0,0,0,0,0,0,0,0,0,0,0,0,0,0,0,0,0,1,"['количество', 'претендент', 'власть', 'один', 'суть', 'фракционный', 'расхождение', 'политический', 'сила', 'сыграть', 'недобрый', 'служба', 'голос', 'избиратель']"
1,0,0,0,1,0,0,0,0,0,0,1,0,0,0,1,0,0,0,0,0,1,"['отчасти', 'действительно', 'верно', 'другой', 'сила', 'человек', 'который', 'стать', 'покупатель', 'нецелесообразно']"
0,1,0,0,0,0,0,0,0,0,0,0,1,0,0,0,0,0,0,0,0,1,"['объединить', 'ввс', 'продолжать', 'средство', 'усилие']"
0,0,0,0,0,0,0,0,0,0,0,0,0,0,0,0,0,0,1,0,0,1,"['использование', 'карточка', 'другой', 'возможный', 'списание', 'денежный', 'средство', 'один', 'специальный', 'карточный', 'счет', 'позволять', 'отдельный', 'разный']"
0,0,0,0,0,0,0,0,0,0,0,0,0,0,0,0,0,0,0,0,0,1,"['эксперт', 'считать', 'огромный', 'сумма', 'потратить', 'впустую', 'деньги', 'точечный', 'проект']"
0,1,0,0,0,0,0,0,0,0,0,0,0,0,0,0,0,0,0,0,0,1,"['причина', 'серьезный', 'сумма', 'сильно', 'множество', 'объект', 'продвижение', 'деньги', 'попросту', 'разворовать', 'говорить', 'знак-кавычки']"
0,0,0,0,0,0,0,0,0,0,0,0,1,0,0,0,0,0,0,0,0,1,"['решение', 'пропустить', 'действительно', 'важный', 'средство', 'следовать', 'определиться', 'основной', 'зона', 'который', 'возникнуть', 'проблема']"
0,0,0,0,0,0,0,0,0,0,0,0,0,0,0,0,0,0,0,0,0,1,"['многий', 'западный', 'страна', 'нерегулируемый', 'перекресток', 'устанавливаться', 'устройство', 'подавитель', 'глушитель', 'сотовый', 'телефон', 'пешеход', 'иметь', 'возможность', 'внимание', 'переход', 'проезжий', 'часть', 'дорога']"
0,0,0,0,0,0,0,0,0,0,0,0,1,0,0,0,0,0,0,0,0,1,"['голос', 'разный', 'кпрф', 'лдпр', 'справедливый', 'россия', 'помочь', 'единоросс', 'одержать', 'грандиозный', 'победа']"
1,1,1,1,1,1,1,1,1,1,1,1,1,1,1,1,1,1,0,1,1,1,"['каждый', 'год', 'гасить', 'убыток', 'муниципал', 'деньги', 'район', 'предлагать', 'проводить', 'модернизация', 'точечный']"
1,1,1,1,1,1,1,1,1,1,1,1,1,1,1,1,1,1,0,1,1,1,"['неясно', 'вариант', 'выбрать', 'эколог', 'приходиться', 'сила']"
1,1,1,1,1,1,1,1,1,1,1,1,1,1,1,1,1,1,0,1,1,1,"['губернатор', 'ленинградский', 'область', 'который', 'будущее', 'стать', 'акционер', 'компания', 'ленэнерго', 'валерий', 'сердюков', 'суть', 'сформулировать', 'стратегия', 'деятельность', 'высказаться', 'необходимость', 'средство', 'действовать', 'совместно', 'сетевой', 'направлять', 'инвестиционный', 'финансовый', 'поток', 'укрепление', 'развитие', 'наиболее', 'ключевой', 'направление', 'модернизация', 'объект', 'энергетика', 'регион', 'знак-кавычки']"
1,1,1,0,1,1,1,1,1,1,1,1,0,1,0,1,1,1,0,1,1,1,"['другой', 'предприятие', 'забыть', 'урок', 'история', 'дробиться', 'мелкий', 'производство', 'удельный', 'княжество', 'ресурс', 'удаться', 'объединить', 'строительно-монтажный', 'управление', 'завод', 'электромонтажный', 'электротехнический', 'оборудование', 'автотранспортный', 'пусконаладочный', 'механизация', 'знак-кавычки']"
1,0,1,0,1,1,1,1,1,1,1,1,0,1,0,1,1,1,0,1,1,1,"['заставить', 'жалкий', 'армия', 'истратить', 'скудный', 'средство', 'бессмысленный', 'кампания', 'прельщать', 'нажива']"
1,1,1,1,1,1,1,1,1,1,1,1,1,1,1,1,1,1,0,1,1,1,"['русский', 'оказаться', 'разбросать', 'огромный', 'пространство', 'ссср']"
1,0,1,1,1,1,1,1,1,1,1,1,1,1,1,1,1,1,0,1,1,1,"['импорт', 'существующий', 'архив', 'электронный', 'документ', 'компания', 'файловый', 'хранилище', 'актив', 'бизнес', 'дать', 'возможность', 'разный', 'момент', 'старт', 'работа', 'система', 'собрать', 'значимый', 'единый', 'знак-кавычки']"
0,0,0,1,0,0,0,0,0,0,0,0,0,0,1,0,0,0,0,0,0,1,"['мнение', 'ряд', 'выступать', 'завершиться', 'период', 'первоначальный', 'накопление', 'капитал', 'управление', 'непосредственно', 'собственник', 'сегодня', 'пытаться', 'контролировать', 'самостоятельно', 'абсолютно', 'звено', 'производство', 'внимание', 'переместиться', 'уровень', 'топ-менеджер']"
1,1,1,1,1,1,1,1,1,1,1,1,1,1,1,1,1,1,0,1,1,1,"['фактически', 'пользователь', 'получать', 'персональный', 'информационный', 'система', 'опорный', 'точка', 'присутствие', 'необходимость', 'внимание', 'ресурс']"
1,0,1,0,1,1,0,1,0,0,0,0,0,0,0,0,0,0,0,0,0,1,"['ресурс', 'увлекаться', 'открытие', 'новый', 'направление']"
1,1,1,1,1,1,1,1,1,1,1,1,0,0,1,1,1,1,0,1,1,1,"['уменьшить', 'число', 'государственный', 'нии', 'слияние', 'однотипный', 'казенный', 'средство', 'знак-кавычки']"
1,1,1,1,1,1,1,1,1,1,1,1,1,1,1,1,1,1,0,1,1,1,"['оминор', 'постоянно', 'планировать', 'заново', 'оккупировать', 'морской', 'побережье', 'собрать', 'достаточно', 'войско', 'демон', 'материал', 'работа', 'беспокоить', 'сила', 'сотня', 'другой', 'военный', 'конфликт', 'мятеж', 'мир']"
0,1,1,1,0,1,1,1,1,1,1,1,0,1,1,1,1,1,0,1,1,1,"['подход', 'позволить', 'сила', 'средство', 'значительно', 'улучшить', 'благоустройство', 'район', 'условие', 'проживание', 'сказать', 'собеседник', 'агентство', 'знак-кавычки']"
1,1,1,1,1,1,1,1,1,1,1,1,1,1,1,1,1,1,0,1,1,1,"['владение', 'чрезвычайно', 'цена', 'менеджериальный', 'успех', 'каждый', 'отдельный', 'акционер', 'обычно', 'небольшой', 'издержки', 'поддержание', 'дисциплина', 'менеджер', 'оставаться', 'высокий']"
1,1,1,1,1,1,1,1,1,1,1,1,1,1,1,1,1,1,0,1,1,1,"['многий', 'руководитель', 'иметь', 'опыт', 'планирование', 'энергичный', 'человек', 'добиваться', 'желаемый', 'успех', 'сила', 'стремиться', 'охватить', 'рынок', 'произвести', 'разнообразный', 'продукт', 'удовлетворить', 'потребность', 'различный', 'группа', 'клиент']"
1,0,1,0,1,1,1,1,1,1,1,1,0,1,0,1,1,1,0,1,1,1,"['решить', 'усилие', 'продать', 'объект', 'увеличить', 'инвестиция', 'основной', 'бизнес', 'объяснять', 'попов', 'знак-кавычки']"
1,1,0,1,1,1,1,1,1,1,1,1,0,0,1,1,1,1,0,1,1,1,"['сила', 'красный', 'армия', 'снова', 'огромный', 'пространство', 'многий', 'фронт']"
1,0,0,1,1,0,1,0,1,1,1,1,0,0,1,1,1,1,1,1,1,1,"['навстречу', 'армия', 'кулик', 'жуков', 'должный', 'бросить', 'один', 'истерзать', 'бой', 'дивизия', 'бригада', 'огромный', 'сила', 'находиться', 'распоряжение', 'который', 'бездарно', 'растрачивать', 'другой', 'направление']"
1,1,1,1,1,1,1,1,1,1,1,1,1,1,1,1,1,1,0,1,1,1,"['административный', 'политтехнология', 'сила', 'наблюдатель', 'челябинский', 'мертвый', 'душа', 'проголосовать', 'итог', 'знак-кавычки', 'знак-кавычки']"
0,1,1,1,0,0,1,1,0,1,1,0,1,1,1,1,1,1,0,1,1,1,"['направить', 'усилие', 'улучшение', 'качество', 'продукт', 'выбрать', 'ценовой', 'сегмент', 'успешно', 'конкурировать', 'средство']"
1,0,1,1,1,1,0,1,0,1,1,1,0,1,1,1,0,1,0,1,0,1,"['отсутствие', 'нарекание', 'качество', 'работа', 'деятельность', 'фирма', 'направление', 'реальный', 'приносить', 'прибыль', 'непродуктивный', 'убыточный', 'связать', 'исправление', 'ошибка', 'часто', 'потеря', 'время', 'суд']"
0,0,0,1,0,0,0,0,0,0,0,0,0,1,1,0,0,0,0,0,0,1,"['один', 'важно', 'сила', 'сконцентрировать']"
1,1,1,1,1,1,0,1,0,0,0,1,0,1,1,1,0,1,0,1,0,1,"['стоить', 'бюджет', 'почувствовать', 'хороший', 'отдача']"
1,1,0,0,1,1,1,1,1,1,1,1,1,1,1,1,1,1,0,1,1,1,"['легко', 'отследить', 'людской', 'ресурс', 'согласование', 'деятельность', 'другой']"
1,1,1,0,1,1,1,1,1,1,1,1,0,1,0,1,1,1,0,1,1,1,"['штрооп', 'решить', 'отказаться', 'облава', 'сила', 'рассечь', 'гетто', 'ряд', 'мощный', 'удар']"
1,1,1,0,1,1,1,1,1,1,1,1,0,1,0,1,1,1,0,1,1,1,"['подходить', 'режиссура', 'бокс', 'важно', 'держать', 'удар', 'сила', 'качанов', 'отжиматься']"
1,1,1,1,1,1,1,1,1,1,1,1,1,1,1,1,1,1,0,1,1,1,"['маркетинговый', 'усилие', 'стрельба', 'дробовик', 'сфокусировать', 'покупатель', 'наиболее', 'заинтересовать', 'приобретение', 'товар', 'винтовка', 'знак-кавычки', 'знак-кавычки']"
1,0,1,1,1,1,1,1,1,1,1,0,0,1,1,0,1,1,0,1,1,1,"['сентябрь', 'изобилие', 'возможность', 'потенциал', 'страсть', 'внимание']"
1,0,0,1,1,1,1,1,1,1,1,1,0,0,1,1,1,1,0,1,1,0,"['роман', 'брат', 'стругацкий', 'трудно', 'бог', 'успокоить', 'разбушеваться', 'чернь', 'земной', 'прогрессор', 'город', 'сильнодействующий', 'снотворное', 'знак-кавычки']"
1,1,1,1,1,1,1,1,1,1,1,1,0,0,1,1,1,1,0,1,1,0,"['умный', 'холодильник', 'содержимое', 'картридж', 'продукт', 'результат', 'увеличиваться', 'срок', 'хранение', 'серьезно', 'сокращаться', 'потеря', 'питательный', 'вещество']"
1,1,1,1,1,1,0,1,0,1,1,1,0,1,1,1,0,1,0,1,0,0,"['ингалятор', 'достаточно', 'внушительный', 'объем', 'жидкость', 'например', 'мл', 'примерно', 'минута']"
1,1,1,1,1,1,1,1,1,1,1,1,0,1,1,1,1,1,0,1,1,0,"['насадка', 'сухой', 'уборка', 'белый', 'пушистый', 'электростатический', 'эффект', 'притягивать', 'вбирать', 'пыль', 'микрочастица', 'воздух', 'помещение', 'происходить', 'пылесос']"
1,1,1,1,1,1,1,1,1,1,1,1,1,1,1,1,1,1,0,1,1,0,"['аккуратно', 'нанести', 'потренироваться', 'обычно', 'тональник', 'спрей', 'лицо', 'спонж', 'наносить']"
0,0,1,1,0,0,0,0,0,0,0,0,0,1,1,0,0,0,0,0,0,0,"['лекарственный', 'вещество', 'диспергировать', 'мельчайший', 'частица', 'обладать', 'больший', 'контактный', 'поверхность', 'площадь', 'соприкасаться', 'наибольший', 'слизистый', 'оболочка', 'дыхательный', 'путь', 'быстро', 'всасываться', 'кровь']"
0,1,1,1,0,0,1,0,1,1,1,0,0,0,1,0,1,0,0,0,1,0,"['краска', 'небольшой', 'количество', 'дать', 'легкий', 'намек', 'брызги', 'акцентировать', 'внимание']"
0,0,0,0,0,0,0,0,0,0,0,0,0,0,0,0,0,0,1,0,0,0,"['открытый', 'огонь', 'раскаленный', 'предмет']"
0,1,0,0,0,0,1,0,1,0,1,0,1,0,0,0,1,0,0,0,1,0,"['удобный', 'упаковка', 'позволять', 'средство', 'перевернуть', 'состояние']"
0,0,1,1,0,0,0,0,0,0,0,0,0,1,1,0,0,0,1,0,0,0,"['растворить', 'ничто', 'подобный', 'сделать']"
0,0,1,1,0,0,0,0,0,0,0,0,0,1,1,0,0,0,0,0,0,0,"['первый', 'насос', 'дождевальный', 'агрегат', 'расположенный', 'трактор', 'который', 'двигаться', 'ороситель', 'шланг', 'всасывать', 'вода', 'разбрызгивать', 'устройство', 'поле', 'дождь']"
0,1,0,1,0,0,0,0,0,0,0,0,1,0,1,0,0,0,0,0,0,0,"['сложный', 'раствор', 'лекарственный', 'вещество', 'давление', 'мелко', 'окружающий', 'воздух', 'непосредственно', 'тело', 'животное']"
0,0,0,0,0,0,0,0,0,0,0,0,0,0,0,0,0,0,0,0,0,0,"['главный', 'герой', 'представлять', 'небольшой', 'вертолетик', 'который', 'летать', 'поле', 'нечто', 'преграждать', 'дорога', 'злой', 'шарик', 'знак-кавычки']"
1,0,0,0,1,0,1,0,1,1,1,1,0,0,0,0,1,0,0,0,1,0,"['культиватор', 'хорошо', 'уничтожать', 'всходы', 'сорняк', 'совершенно', 'иссушать', 'почва']"
0,0,0,1,0,0,0,0,0,0,0,0,0,0,1,0,0,0,0,0,0,0,"['самец', 'приближаться', 'самка', 'быстро', 'махать', 'крыло', 'самый', 'убивать', 'заяц', 'феромон', 'одновременно', 'стимулировать', 'партнерша', 'визуально']"
0,0,0,0,0,0,0,0,0,0,0,0,0,0,0,0,0,0,0,0,0,0,"['устройство', 'прочистка', 'канализация', 'состоять', 'гидроголовка', 'сопло', 'который', 'вода', 'подаваться', 'давление']"
1,0,0,1,0,0,1,0,0,0,0,0,0,0,1,0,0,0,0,0,0,0,"['спрей', 'шерсть', 'кошка', 'растирать', 'поверхность', 'тело', 'салфетка', 'удалять', 'излишек']"
0,0,1,0,0,0,0,0,0,0,0,0,0,0,0,0,0,0,0,0,0,0,"['открытый', 'огнь', 'раскаленный', 'предмет']"
0,1,0,0,0,0,0,0,0,0,0,0,0,0,0,0,0,0,0,0,0,0,"['помощь', 'вода', 'антибактериальный', 'раствор', 'десневый', 'край', 'зубодесневый', 'карман', 'использование', 'проконсультироваться', 'стоматолог']"
0,0,0,1,0,0,0,0,0,1,0,0,0,1,0,0,0,0,0,0,0,0,"['открывать', 'путь', 'топливо', 'полость', 'форсунка', 'вихревой', 'камера', 'головка', 'цилиндр']"
0,0,0,0,0,0,0,0,0,0,0,0,0,0,0,0,0,0,0,0,0,0,"['топливо', 'высокий', 'давление', 'вихревой', 'камера', 'отдельный', 'цилиндр']"
0,0,0,0,0,0,0,0,0,0,0,0,0,0,1,0,0,0,0,0,0,0,"['прямой', 'инъекция', 'топливо', 'непосредственно', 'каждый', 'цилиндр', 'смешать', 'воздух', 'испаряться', 'который', 'охлаждать', 'смесь']"
0,0,0,0,0,0,0,0,0,0,0,0,0,0,0,0,0,0,0,0,0,0,"['химический', 'средство', 'поверхность', 'стекло', 'вытирать', 'мягкий', 'ткань', 'бумага']"
0,0,0,0,0,0,0,0,0,1,1,0,0,0,0,0,0,0,0,0,0,0,"['правило', 'препарат', 'выпускаться', 'спрей', 'который', 'обрабатывать', 'источник', 'неприятный', 'запах', 'воздух']"
0,0,0,1,0,0,0,0,0,0,0,0,0,0,1,0,0,0,0,0,0,0,"['случай', 'центральный', 'коллектор', 'неправильный', 'отсоединение', 'образоваться', 'продукт', 'реакция', 'рекомендоваться', 'провести', 'распыление', 'хим', 'реагент', 'течение', 'минута', 'вымывание', 'слить', 'залить', 'напорный', 'бак', 'пара', 'литр', 'дистиллированный', 'вода', 'полностью', 'самый', 'промыть', 'внутренний', 'магистраль', 'установка']"
0,0,0,0,0,0,1,0,0,1,1,0,0,0,0,0,1,0,0,0,1,0,"['остров', 'неделя', 'контроль']"
0,0,0,0,0,0,0,0,0,0,0,0,0,0,0,0,0,0,0,0,0,0,"['осторожный', 'дух', 'снять', 'драгоценность']"
1,0,0,1,0,0,0,0,0,0,0,1,0,0,1,0,0,0,0,0,0,0,"['ароматический', 'вещество', 'масло']"
0,0,0,0,0,0,0,0,0,0,0,0,0,0,0,0,0,0,0,0,0,0,"['сухой', 'волос', 'расстояние', 'вытянутый', 'рука', 'прядь', 'использовать', 'укладка', 'утюг', 'щипцы']"
0,0,1,1,0,0,0,0,0,0,0,0,0,0,1,0,0,0,0,0,0,0,"['фильтр', 'содержание', 'ион', 'нано', 'серебро', 'написать', 'предназначить', 'дезинфицирование', 'вода', 'бактерия', 'микроб', 'квартира', 'знак-кавычки']"
1,1,0,0,1,0,0,0,0,0,0,0,1,0,0,0,0,0,0,0,0,0,"['война', 'вьетнам', 'американец', 'джунгли', 'белый', 'порошок']"
1,1,1,0,1,1,1,1,1,1,1,1,1,0,0,1,1,1,0,1,1,0,"['способ', 'применение', 'хорошо', 'встряхнуть', 'баллон', 'направить', 'колпачок', 'центрукомната']"
0,0,1,0,0,0,0,0,0,0,0,0,1,1,0,0,0,0,0,0,0,0,"['процедура', 'скрытый', 'полость', 'проводить', 'защитный', 'вещество']"
1,1,0,1,1,1,1,1,1,1,1,1,0,0,1,1,1,1,0,1,1,0,"['баллон', 'тщательно', 'встряхивать', 'нажимать', 'распылительный', 'головка', 'препарат', 'поразить', 'участок', 'расстояние', 'см', 'секунда']"
1,1,0,0,1,0,0,0,0,0,0,1,1,0,0,1,0,0,0,0,0,0,"['лепта', 'вовлечение', 'человек', 'орбита', 'болезнь', 'вносить', 'сельский', 'хозяйство', 'посев', 'продовольствие', 'тысяча', 'тонна', 'отравлять', 'вещество', 'ядохимикат', 'предназначенный', 'уничтожение', 'насекомое', 'десяток', 'яд', 'сорняк']"
1,1,1,1,1,1,1,1,1,1,1,1,1,1,1,1,1,1,0,1,1,0,"['воздух', 'желательно', 'высота']"
1,0,1,1,1,1,1,1,1,1,1,1,0,1,1,1,1,1,0,1,1,0,"['стратегический', 'план', 'отравлять', 'вещество', 'предполагаться', 'токио', 'убить', 'десяток', 'тысяча', 'человек']"
1,0,0,0,1,1,0,1,0,0,0,1,0,0,0,1,0,1,0,1,0,0,"['трудность', 'распыление', 'большой', 'высота', 'земля', 'достигнуть']"
1,1,1,1,1,1,1,1,1,1,1,1,1,1,1,1,1,1,0,1,1,0,"['существовать', 'фен', 'который', 'витаминный', 'состав', 'специальный', 'картридж', 'придавать', 'волос', 'блеск', 'здоровый', 'вид']"
1,1,1,1,1,1,1,1,1,1,1,1,1,1,1,1,1,1,1,1,1,0,"['фокус', 'карбюратор', 'пройти', 'хорошо', 'поискать', 'насадка', 'пылесос', 'укомплектовываться', 'советский', 'довольно', 'краска', 'жрать', 'факел', 'большой']"
1,0,1,1,1,1,1,1,1,1,1,1,0,1,1,1,1,1,0,1,1,0,"['корейский', 'ученый', 'удаться', 'полностью', 'очистить', 'пространство', 'высокий', 'концентрация', 'вирус', 'озонировать', 'слегка', 'подкислить', 'вода']"
1,1,1,1,1,1,1,1,1,1,1,1,0,1,1,1,1,1,0,1,1,0,"['наибольший', 'текстурированность', 'сухой', 'прядь', 'завершение', 'укладка']"
1,1,0,0,1,1,1,1,1,1,1,1,1,0,0,1,1,1,0,1,1,0,"['вдаваться', 'технический', 'подробность', 'скажем', 'лазерный', 'принтер', 'печатать', 'сухой', 'тонер', 'который', 'переноситься', 'бумага', 'фиксироваться', 'струйный', 'жидкий', 'чернила']"
1,1,1,1,1,1,1,1,1,1,1,1,1,1,1,1,1,1,0,1,1,0,"['состав', 'средство', 'входить', 'летучий', 'газ', 'воздуховод', 'необходимо', 'повернуть', 'ключ', 'замок', 'зажигание']"
1,1,1,0,1,1,1,1,1,1,1,1,1,1,0,1,1,1,0,1,1,0,"['густой', 'краска', 'нужный', 'большой', 'отверстие', 'сопло', 'форсунка', 'успеть', 'переместиться', 'рабочий', 'зона', 'разорвать', 'факел', 'воздух', 'больший', 'объем']"
1,1,1,0,1,1,1,1,1,1,1,1,1,1,1,1,1,1,0,1,1,0,"['сначала', 'сопло', 'махина', 'заданный', 'компьютерный', 'программа', 'шаблон', 'тонкий', 'слой', 'песок', 'накладываться', 'связующий', 'материал', 'который', 'заставлять', 'превратиться', 'масса', 'напоминать', 'камень']"
1,1,1,0,1,1,1,1,1,1,1,1,0,1,1,1,1,1,0,1,1,0,"['каметон', 'спрей', 'полость', 'рот', 'нос', 'фаза', 'вдох']"
1,1,1,1,1,1,1,1,1,1,1,1,1,1,1,1,1,1,0,1,1,0,"['краска', 'расстояние', 'см', 'поверхность']"
1,1,1,1,1,1,1,1,1,1,1,1,0,1,1,1,1,1,0,1,1,0,"['лак', 'балончик', 'сигарета', 'возгорание']"
1,1,1,1,1,1,1,1,1,1,1,1,0,1,1,1,1,1,1,1,1,0,"['обычно', 'дух', 'волос']"
1,1,1,1,1,1,1,1,1,1,1,1,1,1,1,1,1,1,0,1,1,0,"['рекомендовать', 'использовать', 'аэрозольный', 'краска', 'равномерно', 'закрасить', 'свет', 'фара', 'приводить', 'нарушение', 'закон']"
1,1,1,1,1,1,1,1,1,1,1,1,0,1,1,1,1,1,0,1,1,0,"['равномерно', 'раствор', 'очищаюмый', 'поверхность']"
1,1,1,1,1,1,1,1,1,1,1,1,0,1,1,1,1,1,0,1,1,0,"['предотвращение', 'запотевание', 'средство', 'давать', 'высохнуть']"
1,1,1,1,1,1,1,1,1,1,1,1,0,1,1,1,1,1,0,1,1,0,"['увеличение', 'влажность', 'испытательный', 'камера', 'осуществляться', 'генератор', 'который', 'вода', 'поступать', 'сигнал', 'микроконтроллер']"
1,1,1,1,1,1,1,1,1,1,1,1,0,1,1,1,1,1,0,1,1,0,['свидание']
1,1,1,1,1,1,1,1,1,1,1,1,0,1,1,1,1,1,1,1,1,0,"['необязательно', 'тратиться', 'устройство', 'увлажнитель', 'изредка', 'жидкость', 'пульверизатор']"
1,1,0,1,1,1,1,1,1,1,1,1,0,1,1,1,1,1,0,1,1,0,"['шоколад', 'пульверизатор', 'краска']"
1,1,1,0,1,1,1,1,1,1,1,1,0,1,0,1,1,1,0,1,1,0,"['происходить', 'беседа', 'больной', 'вирус', 'покашливание', 'чихание', 'знак-кавычки']"
1,1,0,0,1,1,1,1,1,1,1,1,0,1,0,1,1,1,0,1,1,0,"['образование', 'употреблять', 'специальный', 'аппарат', 'устроенный', 'принцип', 'пульверизатор', 'сжатый', 'воздух', 'кислород', 'раствор', 'который', 'вдыхаться', 'больной']"
0,1,1,1,0,0,0,0,1,0,1,1,1,1,1,1,0,1,0,1,0,0,"['выпускаться', 'форма', 'порошковый', 'спрей', 'применение', 'следовать', 'встряхнуть', 'баллончик', 'порошок', 'волос', 'распределить', 'массировать', 'движение']"
1,1,1,1,1,1,1,1,1,1,1,1,1,0,1,1,1,1,0,1,1,0,"['барби', 'взять', 'рука', 'флакончик', 'жидкость', 'ядовито', 'фиолетовый', 'цвет', 'стать', 'волос', 'становиться', 'темный', 'отлив', 'тюбик', 'нанести', 'толстый', 'слой', 'содержимое', 'маленький', 'личико']"
1,1,0,1,1,1,1,1,1,1,1,1,1,0,0,1,1,1,0,1,1,0,"['спрей', 'дезодорант', 'леди', 'спид', 'стик', 'воздушно-капельный', 'способ', 'рекомендоваться', 'использовать', 'случай', 'проблема', 'дыхательный', 'система']"
1,1,1,0,1,1,1,1,1,1,1,1,1,1,1,1,1,1,0,1,1,0,"['способность', 'материал', 'различный', 'вязкость']"
1,1,1,1,1,1,1,1,1,1,1,1,0,1,1,1,1,1,0,1,1,0,"['работать', 'хороший', 'четырехгранный', 'маленький', 'почва', 'хорошо', 'резать', 'рис']"
1,1,1,1,1,1,1,1,1,1,1,1,1,1,1,1,1,1,0,1,1,0,"['струя', 'воздух', 'выходить', 'сопло', 'распылитель', 'преодолевать', 'сила', 'сцепление', 'частица', 'отделочный', 'материал', 'мелкий', 'капля']"
1,1,1,1,1,1,1,1,1,1,1,1,1,1,1,1,1,1,1,1,1,0,"['хозяйство', 'проводиться', 'аэрозольный', 'вакцинация', 'один', 'день', 'каждый', 'проведение', 'гликосать']"
1,1,1,1,1,1,1,1,1,1,1,1,1,1,1,1,1,1,0,1,1,0,"['окрашивать', 'друг', 'разноцветный', 'порошок', 'подкрасить', 'вода', 'ручной', 'насос']"
1,1,1,1,1,1,1,1,1,1,1,1,1,1,1,1,1,1,0,1,1,0,"['потерпеть', 'авария', 'американский', 'спутник', 'транзит', 'атмосфера', 'радиоактивный', 'вещество', 'знак-кавычки']"
1,1,1,0,1,1,0,1,0,1,1,1,1,1,0,1,0,1,0,1,0,0,"['удаление', 'обычный', 'дистилляция', 'реакционный', 'смесь', 'пониженный', 'давление', 'фенол']"
1,1,1,1,1,1,1,1,1,1,1,1,1,1,1,1,1,1,0,1,1,0,"['короткий', 'нажатие', 'препарат', 'волосистый', 'часть', 'лобковый', 'зона']"
0,1,1,1,0,0,0,0,1,1,1,0,1,1,1,0,0,0,0,0,1,0,"['рекомендоваться', 'зарядить', 'программа', 'вода', 'помещение', 'уничтожение', 'различный', 'сущность']"
0,0,1,1,0,0,0,0,0,0,0,0,0,1,1,0,0,0,0,0,0,0,"['самолет', 'пульверизатор', 'аэрозольный', 'бомба', 'шашка']"
0,0,1,1,0,0,0,0,0,0,0,0,0,1,1,0,0,0,0,0,0,0,"['система', 'активизировать', 'множество', 'маленький', 'отверстие', 'каждый', 'форсунка', 'туман', 'смесь', 'топливо', 'азот', 'коллектор']"
0,0,1,0,0,0,0,0,0,0,0,0,0,1,0,0,0,0,0,0,0,0,"['форсунка', 'выполнять', 'самый', 'функция', 'делать', 'единственный', 'отверстие', 'который', 'туман', 'дроссельный', 'заслонка', 'знак-кавычки']"
0,0,1,1,0,0,0,0,0,0,0,0,0,1,1,0,0,0,0,0,0,0,"['применение', 'встряхнуть', 'баллончик', 'шампунь', 'волос', 'расстояние', 'сантиметр']"
0,0,0,0,0,0,0,0,0,0,0,0,0,0,0,0,0,0,0,0,0,0,"['крепкий', 'настой', 'натуральный', 'кофе', 'тщательно', 'фильтровать', 'камера', 'повышенный', 'температура', 'наполнить', 'инертный', 'газ']"
0,1,0,0,0,0,1,0,1,1,1,0,1,0,0,0,1,0,0,0,1,0,"['увеличение', 'влажность', 'испытательный', 'камера', 'осуществляться', 'генератор', 'который', 'вода', 'поступать', 'сигнал', 'микроконтроллер']"
0,0,0,1,0,0,0,0,0,0,0,0,0,1,1,0,0,0,0,0,0,0,"['увидеть', 'человек', 'гриб', 'корень', 'подсознание', 'заполнить', 'целиком', 'приходить', 'дедушкин', 'табак', 'видеть', 'ментальный', 'витальный', 'описывать', 'спор', 'зиждиться', 'выражать', 'уровень', 'знак-кавычки']"
0,0,0,0,0,0,0,0,0,0,0,0,0,0,0,0,0,0,0,0,0,0,"['естественный', 'испарение', 'воздух', 'попадать', 'чистый', 'вода', 'ультразвуковой', 'прибор', 'жидкость', 'содержаться', 'примесь']"
0,0,0,0,0,0,0,0,0,0,0,1,0,1,0,1,0,1,0,0,0,0,"['устройство', 'позволять', 'медикамент', 'доставить', 'дыхательный', 'путь', 'называться', 'ингалятор']"
1,1,0,0,1,1,1,1,1,1,1,1,1,0,0,1,1,1,0,1,1,0,"['сауна', 'дополнительный', 'возможность', 'кабина', 'пациент', 'пантовый', 'вытяжка', 'ароматический', 'масло']"
0,0,0,0,0,0,0,0,0,0,0,0,1,0,0,0,0,0,0,0,0,0,"['десяток', 'год', 'назад', 'химический', 'отход', 'производство', 'сбрасывать', 'окружающий', 'среда', 'пестицид', 'удобрение', 'практически', 'бесконтрольно', 'исходить', 'утилитарный', 'соображение', 'огромный', 'территория']"
0,0,0,0,0,0,0,0,0,0,0,0,1,1,1,0,0,0,0,0,0,0,"['воздух', 'придать', 'туман', 'легкий', 'приятный', 'запах']"
0,0,1,0,0,0,0,0,0,0,0,0,0,0,0,0,0,0,0,0,0,0,"['аппарат', 'материал', 'комбинированный', 'безвоздушный', 'режим', 'один']"
0,0,0,0,0,0,0,0,0,0,0,0,0,0,0,0,0,0,0,0,0,0,"['баллончик', 'лак', 'неравномерно', 'большой', 'ореол', 'брызгать', 'повсюду', 'брызгалка', 'постоянно', 'засоряться', 'мыть']"
0,0,0,0,0,0,0,0,0,0,0,0,0,0,0,0,0,0,0,0,0,0,"['аэрограф', 'практически', 'любой', 'краска', 'водорастворимый', 'акварель', 'масляный', 'алкидный', 'эмаль']"
0,1,0,1,0,0,1,0,1,1,1,0,0,0,1,0,1,0,0,0,1,0,"['ужасный', 'монстр', 'передвигаться', 'тяжело', 'некоторые', 'способный', 'облако', 'отвратительный', 'вонь', 'отравлять', 'жертва']"
0,1,0,0,0,0,0,0,0,0,0,0,0,0,0,0,0,0,0,0,0,0,"['главный', 'особенность', 'роторный', 'разбрызгиватель', 'являться', 'один', 'широкий', 'экономичный', 'струя', 'отличие', 'статический', 'поливочный', 'головка', 'который', 'орошать', 'сектор', 'полив', 'большой', 'количество', 'вода']"
0,0,1,0,0,0,0,0,0,0,0,0,0,1,1,0,0,0,0,0,0,0,"['важно', 'холодный', 'вода', 'хороший', 'крупный', 'пятно', 'повредить', 'лист']"
0,0,0,0,0,0,0,0,0,0,0,0,0,0,0,0,0,0,0,0,0,0,"['данный', 'средство', 'хорошо', 'расстояние', 'см', 'лицо']"
0,0,0,0,0,0,0,0,0,0,0,0,0,0,0,0,0,0,0,0,0,0,"['спецоборудование', 'посевная', 'смесь', 'расстояние', 'м', 'позволять', 'вести', 'работа', 'труднодоступный', 'место']"
1,1,0,1,1,1,1,1,1,1,1,1,0,1,1,1,1,1,0,1,1,0,"['центр', 'находиться', 'бассейн', 'зона', 'гидромассаж', 'сауна', 'турецкий', 'баня', 'холодный', 'тропический', 'душа', 'солярий', 'современный', 'оборудовать', 'тренажерный', 'зал', 'предлагаться', 'индивидуальный', 'занятие', 'тренер', 'силовой', 'йога']"
0,0,0,0,0,0,0,0,0,0,0,0,0,0,0,0,0,0,0,0,0,0,"['парфюм', 'следовать', 'расстояние', 'около', 'см']"
0,0,0,0,0,0,0,0,0,0,0,0,0,0,0,0,0,0,0,0,0,0,"['случай', 'ручной', 'полировка', 'полироль', 'небольшой', 'количество', 'наноситься', 'салфетка', 'равномерно', 'распределяться', 'поверхность', 'кузов', 'аэрозольный', 'просто', 'корпус']"
0,0,1,1,0,0,0,0,0,0,0,0,0,1,1,0,0,0,0,0,0,0,"['гдр', 'балтийский', 'побережье', 'комар', 'палить', 'аэрозольный', 'пушка', 'вредоносный', 'насекомое', 'туман', 'курортник', 'чувствовать', 'донор']"
0,0,0,0,0,0,0,0,0,0,0,0,0,0,0,0,0,0,0,0,0,0,"['ультразвуковой', 'ингалятор', 'минута', 'использование', 'позволять', 'лекарственный', 'препарат', 'мелкий', 'аэрозоль', 'который', 'вдыхание', 'проникать', 'самый', 'труднодоступный', 'участок', 'легкое', 'концентрация', 'лекарство', 'высокий']"
1,0,0,0,1,1,1,1,1,1,1,1,0,0,0,1,1,1,0,1,1,0,"['насос', 'смесь', 'этап', 'двухпружинный', 'форсунка', 'многоструйный', 'распылитель', 'непосредственно', 'камера', 'сгорание', 'первый', 'рацион', 'дизель', 'пилотный', 'впрыскивание', 'цилиндр', 'охватить', 'огнь', 'осуществляться', 'основной', 'мягко', 'зажечь', 'фронт', 'пламень', 'впрыск']"
0,0,0,1,0,0,0,0,0,0,0,0,0,0,0,0,0,0,0,0,0,0,"['термальный', 'вода', 'неплохо', 'подсушить', 'кожа', 'умывание', 'непосредственно', 'нанесение', 'крем', 'эмульсия', 'некоторые', 'безбоязненный', 'наносить', 'макияж', 'закрепление', 'использовать', 'день', 'предотвращение', 'обезвоживание', 'чрезмерный', 'сухость']"
0,0,0,0,0,0,0,0,0,0,0,0,0,0,0,0,0,0,0,0,0,0,"['достаточно', 'газ', 'секунда']"
0,0,0,1,0,0,0,0,0,0,0,0,1,0,1,0,0,0,1,0,0,0,"['газовый', 'распылитель', 'сварочный', 'горелка', 'защитный', 'газ', 'сопло', 'результат', 'подаваться', 'плавно', 'завихрение', 'защищать', 'ванна']"
0,1,0,0,0,0,0,0,1,0,0,0,0,0,0,0,0,0,0,0,0,0,"['система', 'подогрев', 'омывать', 'жидкость', 'сначала', 'стекло', 'струя', 'пара', 'начинаться', 'подача', 'основной', 'порция', 'омывайка', 'знак-кавычки']"
0,0,0,0,0,0,0,0,0,0,0,0,0,0,0,0,0,0,0,0,0,0,"['часто', 'достаточно', 'детский', 'комната', 'аромат', 'ребенок', 'успокаиваться']"
0,0,1,1,0,0,0,0,0,0,0,0,0,1,1,0,0,0,0,0,0,0,"['плутоний', 'радиологический', 'иметь', 'огромный', 'токсический', 'воздействие', 'живой', 'организм', 'применять', 'радиотоксический', 'оружие', 'например', 'крупный', 'населенный', 'пункт']"
0,0,0,0,0,0,0,0,0,0,0,0,0,0,0,0,0,0,0,0,0,0,"['остудить', 'крепкий', 'натуральный', 'кофе', 'сахар', 'пульверизатор', 'волос']"
1,1,0,0,1,1,1,1,1,0,0,1,1,0,0,1,1,1,0,1,1,0,"['процесс', 'идти', 'правильно', 'сильный', 'форма', 'вакуум', 'пространство', 'вода', 'который', 'охлаждать', 'последующий', 'больше', 'приводить', 'необходимость', 'усиление', 'один', 'сторона', 'создание', 'полярность', 'газ', 'другой']"
0,0,0,0,0,0,0,0,0,0,0,0,0,0,0,0,0,0,0,0,0,0,"['хотеть', 'мучиться', 'крем', 'придумать', 'новый', 'средство', 'шикарный', 'автозагар', 'который', 'наносить']"
0,0,0,1,0,0,0,0,0,0,0,0,0,0,1,0,0,0,0,0,0,0,"['позволять', 'пена', 'труднодоступный', 'место', 'длинный', 'ствол']"
0,0,0,0,0,0,0,0,0,0,0,0,0,0,0,0,0,0,0,0,0,0,"['покупка', 'монтажный', 'пена', 'учитывать', 'температурный', 'условие', 'который']"
1,1,0,0,1,1,1,1,1,1,1,1,1,0,0,1,1,1,0,1,1,0,"['прием', 'парламентарий', 'применить', 'полиция', 'газ', 'разгон', 'парламент', 'страна', 'протестовать']"
1,1,0,0,1,1,1,1,1,1,1,1,1,0,0,1,1,1,0,1,1,0,"['духи', 'рекомендоваться', 'животное', 'специальный', 'мягкий', 'ткань', 'который', 'покупатель', 'получать', 'комплект', 'аромат']"
1,1,0,0,1,1,1,1,1,1,1,1,1,0,0,1,1,1,0,1,1,0,"['любой', 'жидкий', 'краска', 'ткань']"
1,0,0,0,1,1,0,1,0,0,0,1,1,0,0,1,0,1,0,1,0,0,"['лак', 'расстояние', 'см', 'волос']"
1,1,0,0,1,1,1,1,1,1,1,1,0,0,0,1,1,1,0,1,1,0,"['использовать', 'энергия', 'сжатый', 'воздух', 'аэрограф', 'краска', 'тончайший', 'конус', 'размер', 'форма', 'который', 'изменять', 'помощь', 'регулятор', 'прибор', 'сменный', 'распылительный', 'головка']"
1,0,0,1,1,0,1,0,1,0,0,0,0,0,0,0,1,0,0,0,1,0,"['свалка', 'пекин', 'решить', 'облагородить', 'установить', 'некий', 'гигантский', 'орудие', 'сотня', 'литр', 'специальный', 'ароматический', 'вещество', 'метр', 'знак-кавычки']"
1,1,1,1,1,1,1,1,1,1,1,1,1,1,1,1,1,1,0,1,1,0,"['недостаток', 'ультразвуковой', 'ингалятор', 'служить', 'невозможность', 'лекарство', 'иметь', 'масляный', 'форма']"
1,0,1,1,1,1,1,1,1,1,1,1,0,1,1,1,1,1,0,1,1,0,"['необязательно', 'тратиться', 'устройство', 'увлажнитель', 'изредка', 'жидкость', 'пульверизатор']"
1,0,1,1,1,1,1,1,1,1,1,1,0,1,1,1,1,1,0,1,1,0,"['частый', 'рыхление', 'сильно', 'почва', 'разрушать', 'структура', 'ухудшаться', 'физический', 'химический', 'свойство']"
1,1,1,1,1,1,1,1,1,1,1,1,0,1,1,1,1,1,0,1,1,0,"['форсунка', 'аппарат', 'газ', 'мельчайший', 'капля', 'физ', 'раствор', 'сталкиваться', 'кожа', 'поток', 'слегка', 'растягивать', 'увеличивать', 'межклеточный', 'пространство', 'выбивать', 'закупорить', 'пора', 'сальный', 'пробка', 'удалять', 'самый', 'поверхностный', 'слой', 'мертвый', 'клетка', 'вместе', 'кожный', 'сало', 'пыль', 'окружающий', 'среда']"
1,0,1,1,1,1,1,1,1,1,1,1,1,1,1,1,1,1,0,1,1,0,"['использовать', 'освежитель', 'цвет', 'влажный', 'свежевымытый', 'волос', 'точно', 'кончик']"
1,1,1,1,1,1,1,1,1,1,1,1,1,1,1,1,1,1,0,1,1,0,"['обычный', 'пылесос', 'задерживать', 'самый', 'мелкий', 'аллергенный', 'пыль', 'квартира', 'многократно', 'повышать', 'загрязненность', 'воздух', 'час']"
1,1,1,1,1,1,1,1,1,1,1,1,1,1,1,1,1,1,0,1,1,0,"['пена', 'поступать', 'центральный', 'отверстие', 'соосный', 'кольцевой', 'щель', 'подаваться', 'воздух']"
1,1,1,1,1,1,1,1,1,1,1,1,1,1,1,1,1,1,0,1,1,0,"['теплый', 'поверхность']"
1,1,1,1,1,1,1,1,1,1,1,1,1,1,1,1,1,1,0,1,1,0,"['выполнять', 'влажный', 'уборка', 'структурировать', 'вода', 'структурированный', 'угол']"
1,1,1,1,1,1,1,1,1,1,1,1,0,0,1,1,1,1,0,1,1,0,"['слева', 'веер', 'лужа', 'проноситься', 'редкий', 'машина']"
1,1,1,1,1,1,1,1,1,1,1,1,1,1,1,1,1,1,0,1,1,0,"['равномерно', 'средство', 'поразить', 'участок', 'расстояние', 'см', 'полный', 'увлажнение', 'поверхность', 'мл', 'один', 'квадратный', 'метр']"
1,0,1,1,1,1,1,1,1,1,1,1,0,1,1,1,1,1,0,1,1,0,"['современный', 'ствол', 'пожарный', 'ручной', 'формировать', 'направленный', 'сплошной', 'струя', 'высокий', 'давление']"
1,1,1,1,1,1,1,1,1,1,1,0,0,1,1,0,1,0,0,0,1,0,"['дезинфицирующий', 'раствор', 'поверхность', 'погружать', 'некоторые', 'деталь', 'кулер', 'приготовить']"
1,1,1,1,1,1,1,1,1,1,1,1,0,1,1,1,1,1,0,1,1,0,"['жар', 'горящий', 'подлесок', 'выжечь', 'полог', 'лес', 'сильный', 'тепловой', 'поток', 'облако', 'вызывать', 'таяние', 'мерзлый', 'почва', 'оставлять', 'пейзаж', 'обуглить', 'коряга', 'болото']"
1,1,1,0,1,1,1,1,1,1,1,1,1,1,0,1,1,1,0,1,1,0,"['бачок', 'ветродув', 'помещаться', 'литр', 'гуашевый', 'раствор', 'один', 'человек', 'способный', 'считать', 'минута', 'содержимое']"
1,1,1,1,1,1,1,1,1,1,1,1,1,1,1,1,1,1,0,1,1,0,"['секрет', 'денис', 'ласик', 'субстрат', 'приготовить', 'аппликация', 'винил', 'жидкость', 'винить']"
1,1,1,1,1,1,1,1,1,1,1,1,1,0,1,1,1,1,0,1,1,0,"['окончание', 'жидкость', 'поверхность', 'пленка', 'необходимость', 'нанесение', 'дополнительный', 'виниловый', 'элемент', 'приклеить', 'основной']"
1,1,1,1,1,1,1,1,1,1,1,1,0,1,0,1,1,1,0,1,1,0,"['общий', 'обработка', 'распылитель', 'один', 'двудольный', 'сорняк', 'растворить', 'мл', 'вода', 'л', 'гектар', 'сухой', 'зеленый', 'часть']"
1,1,1,1,1,1,1,1,1,1,1,1,1,1,1,1,1,1,0,1,1,0,"['декоративный', 'цветоводство', 'растение', 'спортивный', 'трава', 'вегетативный', 'период', 'май', 'сентябрь', 'мл', 'вода', 'максимально', 'применение', 'год']"
1,1,0,1,1,1,1,1,1,1,1,1,0,1,1,1,1,1,0,1,1,0,"['дорожка', 'зона', 'деревянный', 'поросль', 'обработка', 'междурядье', 'пропорция', 'мл', 'продукт', 'вода', 'процент-знак', 'раствор', 'применять', 'максимально', 'год']"
1,0,0,1,1,1,1,1,1,1,1,1,0,1,1,1,1,1,0,1,1,0,"['вызвать', 'плохой', 'погода', 'закон', 'природа', 'легкий', 'способ', 'самолет', 'часы', 'большой', 'скученность', 'облако', 'покружить', 'определенный', 'место', 'зависимость', 'направление', 'скорость', 'ветр', 'астомсфера', 'жидкий', 'адсорбент']"
0,0,1,1,0,1,1,0,1,0,0,0,0,1,1,0,0,0,0,0,0,0,"['равномерно', 'дать', 'высохнуть', 'отполировать', 'синтетический', 'губка']"
0,0,0,1,0,0,0,0,0,0,0,0,0,0,1,0,0,0,0,0,0,0,"['определенный', 'точка', 'насадка', 'захват', 'вода', 'очистить', 'внутренний', 'стенка', 'бутылка']"
0,0,0,0,0,0,0,0,0,0,0,0,0,0,0,0,0,0,0,0,0,0,"['водный', 'раствор', 'пилинг', 'добавление', 'витамин', 'наносить', 'лицо', 'специальный', 'аппарат', 'который', 'тонкий', 'струйка', 'высокий', 'давление']"
0,0,0,0,0,0,0,0,0,0,0,0,0,0,0,0,0,0,0,0,0,0,"['почистить', 'ковер', 'метод', 'экстракция', 'смешать', 'мерный', 'ложка', 'литр', 'вода', 'поверхность']"
0,1,0,1,0,0,0,0,0,0,0,0,0,0,1,0,0,0,0,0,0,0,"['книга', 'рассказываться', 'город', 'шелдон', 'штат', 'иллинойс', 'окрестности', 'инсектицид', 'дильдрин', 'избавиться', 'японский', 'хрущик', 'район', 'остановить', 'продвижение', 'вредитель', 'север']"
0,1,0,1,0,0,0,0,0,0,0,0,0,0,1,0,0,0,0,0,0,0,"['пропеллер', 'который', 'ротор', 'подняться', 'вверх', 'газ', 'атмосфера']"
0,0,1,1,0,0,0,0,0,0,0,0,0,1,1,0,0,0,0,0,0,0,"['триполи', 'приходиться', 'часто', 'видеть', 'улица', 'разъезжать', 'машина', 'средство', 'комар', 'похожий', 'облако', 'дым']"
0,0,0,0,0,0,0,0,0,0,0,0,0,0,0,0,0,0,0,0,0,1,"['главное', 'динамичный', 'разнообразный', 'геймпли', 'игра', 'нести', 'стремительный', 'поток', 'локация', 'постоянно', 'сменять', 'друг', 'манера', 'меняться', 'уровень', 'череда', 'сражение', 'интересный', 'сюжетный', 'вставка', 'позволять', 'наскучить', 'самый', 'конец']"
0,0,1,1,0,0,1,0,1,1,1,0,0,1,1,0,1,0,0,0,1,1,"['например', 'один', 'клиент', 'отметить', 'относиться', 'веселый', 'бесшабашный', 'искрить', 'смех', 'праздник', 'торжественный', 'действо', 'отмечать', 'настороженно', 'чинно', 'величественно', 'помпезно', 'превращать', 'детский', 'пародия', 'тяжеловесный', 'средневековый', 'торжество', 'унылый', 'последовательность', 'красивый', 'насыщенный', 'тост', 'приторно', 'несмешной', 'шутка', 'неспешный', 'интеллигентный', 'застольный', 'разговор']"
0,0,1,0,0,0,0,0,0,0,0,0,0,1,1,0,0,0,0,0,0,1,"['усложнить', 'игра', 'рисунок', 'лишний', 'фигура', 'многоугольник', 'неправильный', 'форма', 'знак-кавычки']"
0,1,0,0,0,0,0,0,0,0,0,0,0,0,0,0,0,0,0,0,0,1,"['причудливый', 'уникальный', 'семейство', 'несомненно', 'доставить', 'удовольствие', 'бесконечный', 'проделка', 'блестящий', 'афера', 'любовный', 'искорка', 'нестареющий', 'душещипательный', 'трогательный', 'сцена']"
1,1,1,1,1,1,1,1,1,1,1,1,1,0,0,1,1,1,0,1,1,1,"['гоночный', 'драйв', 'разработчик', 'внедрить', 'возможность', 'подпрыгивать', 'трамплин', 'совершать', 'всевозможный', 'акробатический', 'фигура']"
0,0,0,1,0,0,0,0,0,0,0,0,0,0,1,0,0,0,0,0,0,1,"['здание', 'детский', 'сад', 'сделать', 'древесина', 'внутри', 'отделать', 'дерево', 'яркий', 'цветной', 'вставка']"
0,1,0,0,0,0,0,0,0,0,0,0,0,0,0,0,0,0,0,0,0,1,"['момент', 'вспоминаться', 'строительство', 'верхотура', 'золотиться', 'купол', 'стоять', 'синий', 'биотуалет', 'отлично', 'балтийский', 'мрачный', 'сумерки', 'знак-кавычки']"
1,1,1,0,1,1,1,1,1,1,1,1,0,1,0,1,1,1,0,1,1,1,"['делать', 'ссылка', 'сайт', 'полстраница', 'монитор', 'текст', 'читать', 'форум', 'знать', 'страница', 'банить']"
0,1,1,0,0,0,0,0,0,0,0,0,1,1,0,0,0,0,0,0,0,1,"['зона', 'общение', 'беседка', 'скамейка', 'барбекю']"
0,0,1,1,0,0,0,0,0,0,0,0,0,1,1,0,0,0,0,0,0,1,"['повествование', 'история', 'польский', 'семья', 'взаимоотношение', 'брат', 'описание', 'быт', 'народ']"
0,0,1,0,0,0,0,0,0,0,0,0,0,0,0,0,0,0,0,0,0,1,"['смерть', 'часто', 'хохотать', 'трагический', 'дурацкий', 'везде']"
0,0,0,1,0,0,0,0,0,0,0,0,0,0,1,0,0,0,0,0,0,1,"['превращаться', 'сиамский', 'близнец', 'изображать', 'неразлучник', 'завести', 'знакомство', 'один', 'молодой', 'пара', 'позволить', 'общение']"
0,0,0,0,0,0,0,0,0,0,0,0,0,0,0,0,0,0,0,0,0,1,"['одежда', 'строгий', 'деловой', 'классика', 'интересный', 'цветовой', 'решение']"
0,0,0,0,0,0,0,0,0,0,0,0,0,1,0,0,0,0,0,0,0,1,"['гоанец', 'привыкать', 'смешанный', 'семья', 'португальский', 'колонизатор', 'засесть', 'соседний', 'штат', 'англичанин', 'гнушаться', 'брак', 'местный', 'население', 'индийский', 'кровь', 'европейский']"
0,0,0,0,0,0,0,0,0,0,0,0,0,0,0,0,0,0,0,0,0,1,"['подумывать', 'наладить', 'азбука', 'заметить', 'месяц', 'другой', 'непрошеный', 'свет', 'потемки', 'успеть', 'звук', 'втянуться']"
1,0,0,0,1,1,0,1,0,0,0,1,0,0,0,1,0,1,0,1,0,1,"['кузов', 'предлагать', 'окрасить', 'белый', 'краска', 'черный', 'крыша', 'вставка', 'передний', 'бампер']"
1,0,0,0,1,1,1,1,1,1,1,1,0,0,0,1,1,1,0,1,1,1,"['украсить', 'офисный', 'образ', 'выбрать', 'юбка', 'карандаш', 'пара', 'блуза', 'узкий', 'брюки', 'ультрамодный', 'блейзер']"
1,1,1,1,1,1,1,1,1,1,1,1,0,1,1,1,1,1,0,1,1,1,"['касаться', 'свадебный', 'макияж', 'данный', 'случай', 'использовать', 'называть', 'праздник', 'который', 'нежный', 'светлый', 'тон']"
1,1,0,0,1,1,0,1,0,0,0,1,0,0,0,1,0,1,0,1,0,1,"['разработчик', 'продолжать', 'работа', 'игра', 'бесконечный', 'оптимизация', 'механика', 'изменение', 'баланс', 'графический', 'новшество']"
0,0,1,1,0,0,1,0,1,1,1,0,0,1,1,0,1,0,0,0,1,1,"['кпрф', 'несколько', 'ортодоксальный', 'красный', 'цвет', 'который', 'отпугивать', 'многий', 'оппозиционный', 'настроенный', 'гражданин', 'наоборот', 'сгустить']"
0,0,0,1,0,0,1,0,1,1,1,0,0,0,1,0,1,0,0,0,1,1,"['обильный', 'разнообразие', 'класс', 'способный', 'продумать', 'механизм', 'создание', 'гибридный', 'герой', 'впитать', 'навык', 'ветвь', 'развитие', 'знак-кавычки']"
1,1,0,1,1,1,1,1,1,1,1,1,0,0,1,1,1,1,0,1,1,1,"['стадо', 'посмотреть', 'разный', 'уголочек', 'тема', 'закрыть', 'связь', 'ссылка', 'жестокий', 'видео', 'хотеть', 'скучноватый', 'форум']"
1,1,0,0,1,1,1,1,1,1,1,1,1,1,1,1,1,1,0,1,1,1,"['строгий', 'черный', 'цвет', 'стальной', 'броня', 'гармонично', 'белый', 'лопасть', 'вентилятор', 'знак-кавычки']"
0,1,0,0,0,0,1,0,1,1,1,0,0,0,0,0,1,0,0,0,1,1,"['каждый', 'вещь', 'дом', 'знать', 'место', 'интерьер', 'стильный', 'статуэтка', 'фотография']"
1,0,1,1,1,1,1,1,1,1,1,1,0,1,1,1,1,1,0,1,1,1,"['уверенный', 'простой', 'секс', 'чувство', 'любящий', 'сердце', 'способный', 'залечить', 'душевный', 'рана', 'важный']"
1,0,0,1,1,1,1,1,1,1,1,1,0,0,0,1,1,1,0,1,1,1,"['класно', 'монотонность', 'участник', 'радиот']"
1,1,1,1,1,1,1,1,1,1,1,1,0,1,1,1,1,1,0,1,1,1,"['белый', 'цвет', 'интерьер', 'светлый', 'дерево', 'изменяться', 'оттенок', 'небо', 'знак-кавычки']"
1,0,1,1,1,1,1,1,1,1,1,1,0,1,1,1,1,1,0,1,1,1,"['один', 'понять', 'верить', 'здравый', 'доля', 'скептицизм', 'иметь', 'значение', 'знак-кавычки']"
0,1,1,1,0,0,1,0,1,1,1,0,1,1,1,0,1,0,0,1,1,1,"['выдержать', 'рамка', 'полудокументалистика', 'модный', 'клиповый', 'вставка', 'класс', 'иллюстрация', 'мысль', 'предельно', 'жестокий', 'убедительный', 'изучать', 'микроскоп', 'ущербный', 'общество', 'совершенно', 'правдоподобный', 'деталь', 'словом', 'сэнт', 'слон', 'удавиться', 'знак-кавычки', 'знак-кавычки']"
1,0,0,1,1,1,1,1,1,1,1,1,0,0,1,1,1,1,0,1,1,1,"['европа', 'борьба', 'пробка', 'давно', 'стать', 'автомобильный', 'транспорт', 'велосипедный']"
1,1,1,1,1,1,1,1,1,1,1,1,1,1,1,1,1,1,0,1,1,1,"['большинство', 'бесплатный', 'ссылка', 'эффективный', 'отличный', 'возможность', 'ссылочный', 'масса']"
1,1,1,1,1,1,1,1,1,1,1,1,1,1,1,1,1,1,0,1,1,1,"['единственный', 'текст', 'страница', 'совсем', 'брат', 'близнец']"
1,1,1,1,1,1,1,1,1,1,1,1,1,1,1,1,1,1,0,1,1,1,"['стих', 'повтор', 'рифма', 'размер', 'привычный', 'хлеб', 'камень', 'делаться', 'пища']"
0,1,1,1,1,1,0,1,0,0,0,1,1,1,1,1,0,1,0,1,0,1,"['крой', 'хорошо', 'выбирать', 'четкий', 'структурированный', 'зимний', 'монотонность', 'добавлять', 'блеск', 'сиять', 'ткань', 'аксессуар']"
0,1,1,0,0,0,1,0,1,1,1,0,0,1,0,0,1,1,1,1,1,1,"['переговоры', 'участие', 'вестись', 'месяц', 'группа', 'бояться', 'выступать', 'попсовый', 'действие', 'помочь', 'высказывание', 'пресса', 'год', 'фестиваль', 'альтернативный', 'проект', 'знак-кавычки']"
1,1,1,1,1,1,1,1,1,1,1,1,0,1,1,1,1,1,0,1,1,1,"['никто', 'посягать', 'безопасность', 'блаженный', 'спокойствие', 'поглощать', 'зеленый', 'водоросль', 'ночной', 'тишина', 'сладко', 'запах', 'преть', 'трава', 'стрекот', 'насекомое']"
1,1,0,0,1,1,1,1,1,1,1,1,0,0,0,1,1,1,0,1,1,1,"['багряный', 'листва', 'дуб', 'красный', 'кизильник', 'блестящий', 'сочетание', 'пожелтеть', 'лист', 'клен', 'канадский', 'слегка', 'голубой', 'ель', 'придать', 'осенний', 'сад', 'неповторимый', 'колорит']"
1,1,1,1,1,1,1,1,1,1,1,1,0,1,1,1,1,1,0,1,1,1,"['естественно', 'анкор', 'следовать', 'желательно', 'закупать', 'ссылка', 'небольшой', 'пачка', 'протяжение', 'время', 'один', 'большой', 'куча']"
0,1,0,0,1,0,1,1,1,1,1,0,1,0,0,0,1,0,0,0,1,1,"['мера', 'тишина', 'берег', 'шнырять', 'машина', 'магнитола', 'лететь', 'немереный', 'децибел', 'визг', 'поддатый', 'девица', 'ржание', 'спутник', 'наоборот', 'знак-кавычки']"
1,1,1,1,1,1,1,1,1,1,1,1,0,1,1,1,1,1,0,1,1,1,"['утро', 'следовать', 'день', 'выдаться', 'прозрачный', 'тихий', 'поток', 'морозный', 'синева', 'играть', 'искорка', 'иней', 'отражаться', 'небесный', 'гладь', 'розовый', 'свечение', 'восток']"
1,1,0,0,1,1,1,1,1,1,1,1,1,0,0,1,1,1,0,1,1,1,"['альтернативный', 'предмет']"
1,1,1,1,1,1,0,1,0,1,1,1,0,1,1,1,0,1,0,1,0,1,"['фильм', 'большинство', 'французский', 'работа', 'любовь', 'романтика', 'нотка', 'тонкий', 'юмор', 'капелька', 'мелодрама', 'знак-кавычки']"
0,0,1,1,0,0,0,0,0,0,0,0,0,1,1,0,0,0,0,0,0,1,"['модный', 'цвет', 'темный', 'тон', 'модельер', 'предложить', 'вариант', 'комбинация', 'черный', 'белый']"
0,0,1,1,0,0,0,0,0,0,0,0,0,1,0,0,0,0,0,0,0,1,"['засилие', 'московит', 'плэй', 'офф']"
0,1,1,1,0,0,1,0,1,1,1,0,1,1,1,0,1,0,0,0,1,1,"['отделка', 'интерьер', 'экстерьер', 'содержать', 'черный', 'цвет', 'который', 'место', 'контрастный', 'серебристый', 'деталь']"
0,0,0,0,0,0,0,0,0,0,0,0,0,0,0,0,0,0,0,0,0,1,"['стесняться', 'привыкнуть', 'носить', 'яркий', 'остановиться', 'приглушенный', 'оттенок', 'незаменимый', 'аксессуар', 'платочек', 'бусы', 'пояс', 'знак-кавычки']"
0,0,1,0,0,0,0,0,0,0,0,0,0,0,0,0,0,0,0,0,0,1,"['советовать', 'лес', 'поселение', 'поляна', 'дорога', 'знак-кавычки']"
0,0,0,0,0,0,0,0,0,0,0,0,0,0,0,0,0,0,1,0,0,1,"['подобный', 'ситуация', 'возрождение', 'заслуженный', 'автомарка', 'позволять', 'модельный', 'ряд', 'компания', 'самый', 'индивидуальность', 'который', 'цениться']"
0,0,0,0,0,0,0,0,0,0,0,0,0,0,0,0,0,0,0,0,0,1,"['макияж', 'голубой', 'глаз', 'блондинка', 'предпочтительно', 'выполнять', 'использование', 'светло-малиновый', 'персиковый', 'тон', 'лилейный', 'синий', 'хорошенько', 'прокрасить', 'ресничка', 'пушистенький', 'длинненький']"
0,0,0,0,0,0,0,0,0,0,0,0,0,0,0,0,0,0,0,0,0,1,"['человек', 'который', 'вести', 'обладать', 'хороший', 'чувство', 'юмор', 'неравнодушный', 'происходить', 'мир', 'событие', 'уметь', 'комбинировать', 'качество', 'запись', 'нотка', 'скептицизм']"
0,0,0,0,0,0,0,0,0,0,0,0,0,0,0,0,0,0,0,0,0,1,"['случиться', 'неожиданно', 'флинкс', 'уставиться', 'полный', 'темнота', 'слегка', 'тусклый', 'свет', 'один', 'аляспинский', 'луна']"
0,1,0,0,0,0,0,0,0,0,0,0,0,0,0,0,0,0,0,0,0,1,"['поначалу', 'скучно', 'хотеться', 'спать', 'концовка', 'хорошо', 'начало']"
0,0,0,0,0,0,0,0,0,0,0,0,0,0,0,0,0,0,0,0,0,1,"['современность', 'вопрос', 'определять', 'обстоятельство', 'качество', 'выразитель', 'национальный', 'имущество', 'выступать', 'совсем', 'деньги', 'таковой', 'должно', 'ясно', 'бумажный', 'купюра', 'юридический', 'документ', 'подразумевать', 'потребительский', 'право', 'знак-кавычки', 'знак-кавычки']"
0,0,0,0,0,0,0,0,0,0,0,0,0,0,0,0,0,0,0,0,0,1,"['бояться', 'использовать', 'черный', 'белый', 'добавить', 'разнообразие', 'желтый', 'розовый', 'песочный', 'красный', 'фиолетовый', 'придать', 'дизайн', 'яркий', 'вид']"
0,0,0,0,0,0,0,0,0,0,0,0,0,0,0,0,0,0,0,0,0,1,"['настоящий', 'триллер', 'захватывающий', 'напряженный', 'проформа', 'фирменный', 'самурайский', 'экшен', 'владеть', 'катаный', 'разрешать', 'исход', 'битва']"
0,1,0,0,0,0,0,0,0,0,0,0,1,0,0,0,0,0,0,0,0,1,"['близкий', 'человек', 'рядом', 'помочь', 'серый', 'тренировка', 'интересный', 'разговор', 'веселый', 'шутка']"
0,0,0,0,0,0,0,0,0,0,0,0,0,0,1,0,0,0,0,0,0,1,"['особый', 'субэтнос', 'сформироваться', 'помор', 'век', 'отправиться', 'лучший', 'доля', 'предок', 'нынешний', 'эвенк', 'казак', 'политический', 'ссыльный']"
0,0,0,0,0,0,0,0,0,0,0,0,0,0,0,0,0,0,0,0,0,1,"['гамма', 'запах', 'нотка', 'абрикос', 'лимонный', 'дерево', 'мягко', 'сгустить', 'цветочный', 'аромат', 'вносить', 'парфюм', 'дрожать', 'знак-кавычки']"
0,1,0,0,0,0,0,0,0,0,0,0,1,0,0,0,0,0,0,0,0,1,"['готовый', 'выкладывать', 'продажа', 'платить', 'вовремя', 'вмешаться', 'оказать', 'помощь', 'оформление', 'чуток', 'код', 'рука', 'заодно', 'убедить', 'начать']"
0,0,0,1,0,0,0,0,0,0,0,0,0,0,1,0,0,0,0,0,0,1,"['авг', 'эксперимент', 'никакой', 'небыть', 'ссылка', 'нетематический', 'форум', 'комментирование', 'тематический', 'блог', 'публикация', 'статья', 'проверенный', 'каталог']"
0,0,0,0,0,0,0,0,0,0,0,0,0,0,0,0,0,0,0,0,0,1,"['читать', 'блог', 'здорово', 'старательный', 'обобщать', 'изучить', 'литература', 'очевидный', 'вывод', 'известный', 'пример']"
0,0,0,0,0,0,0,0,0,0,0,0,0,0,0,0,0,0,0,0,0,1,"['выбор', 'стойка', 'ресепшенный', 'дизайнер', 'советовать', 'остановиться', 'закругленный', 'форма', 'который', 'сглаживать', 'строгий', 'атмосфера', 'офис']"
0,0,0,0,0,0,0,0,0,0,0,0,0,0,0,0,0,0,0,0,0,1,"['принцип', 'использовать', 'тон', 'приглушенный', 'ликвидировать', 'излишество', 'широкий', 'растушевка', 'прямоугольный', 'графичный', 'линия']"
0,1,0,0,0,0,0,0,0,0,0,0,0,0,0,0,0,0,1,0,0,1,"['желать', 'помещение', 'придать', 'краска', 'время', 'получить', 'оригинальный', 'авторский', 'презент', 'который', 'обладать', 'изящный', 'представление', 'лучший', 'подарок', 'кролик', 'бэтти', 'найти']"
0,0,0,0,0,0,0,0,0,0,0,0,0,0,0,0,0,0,0,0,0,1,"['обязательно', 'белый', 'синий', 'гамма', 'желтый', 'оранжевый', 'знак-кавычки']"
1,0,0,1,1,0,1,0,1,0,0,1,1,0,1,0,1,1,0,0,1,1,"['главный', 'цель', 'пост', 'взбодрить', 'серый', 'будни', 'вебмастер', 'вебмастерица', 'фрилансер', 'копирайтер', 'дизайнер']"
1,1,0,0,1,1,1,1,1,0,0,1,0,0,0,1,1,1,0,1,1,1,"['новолуние', 'яркий', 'цветок', 'динамика', 'экшено', 'самый', 'дело', 'скучный', 'противно', 'приторный', 'диалог', 'вечный', 'любовь', 'знак-кавычки', 'знак-кавычки']"
0,0,0,1,0,0,0,0,0,0,0,0,0,0,1,0,0,0,0,0,0,1,"['например', 'яндекс', 'выдача', 'сайт', 'тематика', 'ремонт', 'ресурс', 'самоделкин', 'который', 'публиковать', 'рекомендация', 'цикл', 'сделать', 'суть', 'иметь', 'особый', 'вес', 'интернет', 'знак-кавычки', 'знак-кавычки', 'знак-кавычки']"
0,0,0,0,0,0,0,0,0,0,0,0,0,0,0,0,0,0,0,0,0,1,"['дверь', 'сидение', 'обшить', 'серый', 'велюр', 'строгость', 'который', 'центральный', 'консоль', 'иметь', 'форма', 'щит', 'силуэт', 'повторять', 'рельефный', 'линия']"
0,0,0,0,0,0,0,0,0,0,0,0,0,0,0,0,0,0,0,0,0,1,"['тратить', 'жизнь', 'работа', 'офис', 'чуток', 'домашний', 'дело', 'поездка', 'турция']"
0,0,0,0,0,0,1,0,1,0,0,0,0,0,0,0,1,0,1,0,1,1,"['скучный', 'будни', 'убить', 'лишний', 'минутка', 'хорошо', 'остальной', 'занятный', 'офисный', 'флеш', 'игра', 'требовать', 'особый', 'мощность', 'емкость', 'компьютер', 'коллекция', 'который', 'составлять', 'штука']"
0,1,0,0,0,0,0,0,0,0,0,0,0,0,0,0,0,0,0,0,0,1,"['однообразие', 'дорога', 'ехать', 'скучно']"
0,0,0,0,0,0,0,0,0,0,0,0,0,0,0,0,0,0,0,0,0,1,"['серый', 'осень']"
0,0,0,0,0,0,0,0,0,0,0,0,0,0,0,0,0,0,0,0,0,1,"['монолог', 'нейтральный', 'фраза', 'голубой', 'чистый', 'небо', 'помочь', 'программа', 'отличить', 'воспоминание', 'связанный', 'преступление', 'остальной', 'переживание', 'знак-кавычки']"
1,1,0,0,1,0,0,1,1,0,0,0,1,0,0,0,0,0,0,0,0,1,"['чистый', 'прибыль', 'общепринятый', 'принцип', 'бухгалтерский', 'учет', 'третий', 'квартал', 'составить', 'млн', 'доллар', 'сша', 'расчет', 'один', 'обыкновенный', 'акция', 'класс', 'количество', 'обращение', 'миллион', 'штука']"
0,1,0,0,0,0,0,0,0,0,0,0,0,0,0,0,0,0,0,0,0,1,"['скорректировать', 'чистый', 'прибыль', 'учет', 'стандартный', 'ставка', 'налогообложение', 'вычет', 'некоторый', 'судебный', 'расход', 'реструктуризация', 'амортизация', 'собственность', 'составить', 'третий', 'квартал', 'млн', 'доллар', 'сша', 'расчет', 'один', 'обыкновенный', 'акция', 'класс', 'количество', 'обращение', 'миллион', 'штука']"
1,1,0,1,1,1,1,1,1,1,1,1,1,0,1,1,1,1,0,1,1,1,"['телевизор', 'существовать', 'канал', 'скоро', 'инерция', 'остальной', 'открываться']"
1,1,0,1,1,1,1,1,1,0,0,1,0,0,0,1,0,1,0,1,0,1,"['безупречный', 'гитарный', 'забой', 'элизиум', 'решить', 'томный', 'акустика', 'знак-кавычки']"
1,1,0,0,1,1,1,1,1,1,1,1,0,0,0,1,1,1,0,1,1,1,"['алексей', 'подняться', 'снова', 'вглядеться', 'чернота', 'космос', 'свечение', 'оранжевый', 'звезда']"
1,0,0,1,1,1,1,1,1,1,1,1,0,1,1,1,1,1,0,1,1,1,"['одинокий', 'лыжник', 'прохожий', 'искать', 'уединение', 'слегка', 'унылый', 'морозный', 'пейзаж']"
1,1,1,1,1,1,1,1,1,1,1,1,0,1,1,1,1,1,0,1,1,1,"['длина', 'маршрут', 'соизмеримый', 'сила', 'ходовой', 'день', 'дневка']"
1,1,1,1,1,1,1,1,1,1,1,1,1,1,1,1,1,1,0,1,1,1,"['народ', 'основа', 'исторический', 'образованность', 'природный', 'сметка', 'начать', 'фильтровать', 'базар', 'очищаться', 'шум', 'зушумить', 'маргинал', 'мера', 'наркотик', 'парнография', 'прочий', 'социально', 'биологический', 'гаджет', 'знак-кавычки']"
1,0,1,1,1,1,1,1,1,1,1,1,0,1,1,1,1,1,0,1,1,1,"['рекомендовать', 'статья', 'видео', 'аудио', 'контент']"
1,1,0,0,1,1,0,1,0,0,0,1,0,0,0,1,0,1,0,1,0,1,"['подлинно', 'центральный', 'систематический', 'функция', 'получить', 'понятие', 'здравый', 'смысл', 'философия', 'шотландский', 'школа', 'который', 'полемически', 'направить', 'метафизика', 'скептицизм', 'вариант', 'строить', 'новый', 'система', 'основа', 'изначальный', 'естественный', 'суждение', 'томас', 'рид']"
0,1,1,0,0,0,1,1,1,1,1,0,1,0,0,1,1,0,0,1,1,1,"['жалкий', 'воспроизводство', 'создать', 'создание', 'новый', 'существенно', 'основа', 'клонирование', 'знак-кавычки', 'знак-кавычки']"
1,1,1,1,1,1,1,1,1,1,1,1,0,0,1,1,1,1,0,1,1,1,"['крупнейший', 'газета', 'информационный', 'группа', 'агентство', 'энтузиазм', 'развивать', 'тема', 'угроза', 'радикалист', 'фундаменталисткий', 'экстремизм', 'неизменно', 'подчас', 'истеричный', 'перл', 'тревожный', 'сводка', 'силовой', 'структура', 'орган', 'судебный', 'система', 'правоохранительный']"
1,0,0,0,1,1,1,1,0,0,0,1,0,0,0,1,1,0,0,0,1,1,"['наконец', 'объявить', 'церемония', 'награждение', 'выступление', 'артист', 'набить', 'оскомина', 'пафосный', 'речь']"
0,0,1,1,0,0,0,0,0,0,0,0,0,1,1,0,0,0,0,0,0,1,"['хотеть', 'получить', 'точный', 'информация', 'написать', 'вода', 'просто', 'статья', 'кол', 'знак']"
1,1,1,1,1,1,1,1,1,1,1,1,0,1,1,1,1,1,0,1,1,1,"['попытка', 'томаша', 'состоять', 'фактически', 'один', 'стабильный', 'программа', 'который', 'новый', 'трюк']"
1,1,0,0,1,1,1,1,1,1,1,1,0,0,0,1,1,1,0,1,1,1,"['блог', 'другой', 'копирайтер', 'совет', 'сложный', 'ключ', 'предлог', 'знак', 'препинание']"
1,0,1,1,1,1,1,1,1,1,1,1,1,1,1,1,1,1,0,1,1,1,"['скомпилировать', 'основной', 'религия', 'учение', 'смешать', 'популярный', 'нынче', 'буддистский', 'практик', 'медитация', 'умело', 'психотехника', 'влияние', 'сознание']"
1,1,1,1,1,1,1,1,1,1,1,1,1,1,1,1,1,1,0,1,1,1,"['творческий', 'прикладной', 'сообщество', 'заметно', 'глубокий', 'теоретический', 'кафедра']"
1,1,1,1,1,1,1,1,1,1,1,1,0,1,1,1,1,1,0,1,1,1,"['учесть', 'каждый', 'плохой', 'ссылка', 'один', 'нормальный', 'знак-кавычки']"
1,1,1,1,1,1,1,1,1,1,1,1,1,1,1,1,1,1,0,1,1,1,"['хотеться', 'патриархальный', 'тишина', 'птичий', 'щебет']"
1,1,0,0,1,1,1,1,1,1,1,1,1,0,0,1,1,1,0,1,1,1,"['другой', 'удобный', 'познавательный', 'способ', 'созерцание', 'памятник', 'готический', 'архитектура']"
0,1,1,0,0,0,0,0,0,0,0,0,1,1,0,0,0,0,0,0,0,1,"['бесконечно', 'стать', 'бирюзовый', 'небо', 'нестись', 'озеро', 'время', 'переходить', 'вброд']"
1,1,1,0,1,1,1,1,1,1,1,1,1,1,0,1,1,1,0,1,1,1,"['ждать', 'знак', 'век', 'двадцатый', 'тринадцатый']"
1,0,0,0,1,1,1,1,1,1,1,1,0,0,0,1,1,1,0,1,1,1,"['строгость', 'помогать', 'зона', 'отдых', 'уютный', 'беседка', 'летний', 'павильон']"
1,1,1,1,1,1,1,1,1,1,1,1,0,1,1,1,1,1,0,1,1,1,"['цветовой', 'гамма', 'традиционный', 'белый', 'черный', 'красный', 'кремовый', 'оттенок']"
1,1,1,1,1,1,1,1,1,1,1,1,0,1,1,1,1,1,0,1,1,1,"['основной', 'квадратный', 'плитка', 'коллекция', 'прямоугольный', 'размер', 'который', 'вполовину']"
1,1,1,1,1,1,1,1,1,1,1,1,1,1,1,1,1,1,0,1,1,1,"['импульсивный', 'ржиг', 'зрелище']"
1,1,0,1,1,1,1,1,1,1,1,1,1,0,1,1,1,1,0,1,1,1,"['срочно', 'понадобиться', 'победить', 'демократ']"
1,1,0,0,1,1,1,1,1,1,1,1,0,0,0,1,1,1,0,1,1,1,"['задача', 'базовый', 'набор', 'редкий', 'удивительный', 'спасти', 'шоппинг']"
1,1,0,0,1,1,1,1,1,1,1,1,1,0,0,1,1,1,0,1,1,1,"['стоить', 'дерево', 'зеленый', 'мох', 'получить', 'идеальный', 'гармония', 'природа', 'окружать', 'ландшафт', 'знак-кавычки', 'знак-кавычки']"
0,0,0,0,0,0,0,0,0,0,0,0,0,0,0,0,0,0,0,0,0,1,"['тренинг', 'состоять', 'теоретический', 'блок', 'управление', 'проект', 'который', 'успешно', 'деловой', 'игра', 'традиционно', 'обходиться', 'один', 'знак-кавычки']"
1,1,0,0,1,1,1,1,1,1,1,1,1,1,1,1,1,1,0,1,1,1,"['стих', 'писать', 'александр', 'носок', 'удивительно', 'соответствовать', 'фамилия', 'специфический', 'мужицкий', 'концептуализм', 'приг', 'митьковство', 'знак-кавычки', 'знак-кавычки']"
1,1,0,0,1,1,1,1,1,1,1,1,1,0,0,1,1,1,0,1,1,1,"['очевидно', 'последний', 'день', 'начало', 'операция', 'добро', 'даль', 'волнительный', 'обстановка', 'коллектив', 'шахтер', 'спасательный']"
1,1,1,0,1,1,1,1,1,1,1,1,0,0,0,1,1,1,0,1,1,1,"['скоро', 'режиссер', 'решить', 'серый', 'интересный', 'фильм', 'вид', 'спорт', 'привлечь', 'внимание', 'человек', 'который', 'интересоваться', 'время', 'заниматься']"
1,0,1,1,1,1,1,1,1,1,1,1,0,1,1,1,1,1,0,1,1,1,"['упомянуть', 'черный', 'корпус', 'серебристый', 'вставка', 'бок', 'устройство']"
1,0,0,1,1,1,1,0,1,1,1,0,0,0,1,0,1,0,1,0,1,1,"['рискнуть', 'смешать', 'ориентироваться', 'оттенок', 'небо', 'море', 'разный', 'время', 'сутки']"
1,1,1,0,1,1,1,1,1,1,1,1,1,1,0,1,1,1,0,1,1,1,"['оформлять', 'греческий', 'стиль', 'большой', 'холл', 'гостиная', 'удаться', 'расположить', 'немой', 'фальшивый', 'настоящий', 'колонна', 'золотистый', 'гамма', 'белый', 'голубой']"
1,1,1,1,1,1,1,1,1,1,1,1,1,1,1,1,1,1,0,1,1,1,"['захотеться', 'быт', 'яркий', 'праздничный', 'вдвоем', 'быстро', 'найти', 'способ', 'порадовать', 'друг']"
1,1,1,1,1,1,0,1,0,1,1,1,1,1,1,1,0,1,0,1,0,1,"['хотеться', 'повторить', 'текст', 'фотография']"
1,1,1,1,1,1,1,1,1,1,1,1,1,1,0,1,1,1,1,1,1,1,"['выбор', 'цветовой', 'гамма', 'штора', 'классический', 'стиль', 'предпочтение', 'хорошо', 'отдавать', 'естественный', 'тон', 'близкий', 'природный', 'мягкий', 'нежный', 'оттенок', 'зеленый', 'плотный', 'сильно', 'сочный', 'желтый', 'медовый', 'небесно-голубой', 'розовый', 'бежевый', 'коричневый']"
1,1,1,1,1,1,1,1,1,1,1,1,0,1,0,1,1,1,0,1,1,1,"['понимать', 'текст', 'набор', 'слово', 'поисковый', 'запрос']"
1,0,0,1,1,1,1,1,1,1,1,1,0,1,1,1,1,1,0,1,1,1,"['уют', 'утонченный', 'эстетика', 'хотеть', 'скучный', 'планировка', 'экзотика']"
0,0,0,0,0,0,0,0,0,0,0,0,1,0,0,0,0,0,0,0,0,1,"['выбирать', 'вкус', 'настроение', 'забыть', 'веселый', 'игра', 'танец', 'тост', 'минута', 'отдых', 'праздник', 'долгий', 'радостный', 'участник']"
0,1,0,0,0,0,0,0,0,0,0,0,0,0,0,0,0,0,0,0,0,1,"['гамма', 'преимущественно', 'теплый', 'место', 'голубой', 'элемент']"
1,1,0,0,1,1,1,1,1,1,1,1,0,0,0,1,0,1,0,1,1,1,"['хорошо', 'действительно', 'начать', 'литература', 'добавить', 'определенный', 'фильм', 'учебный', 'лукич', 'гандапас', 'многий', 'другой']"
1,0,0,0,1,1,0,1,0,1,0,1,0,0,0,1,0,1,0,1,0,1,"['стих', 'проза', 'глядеть', 'поток', 'нынешний', 'книга', 'который', 'процент-знак', 'назвать', 'чтиво', 'согласиться', 'пример', 'шедевр', 'фэнтези', 'записать', 'лог', 'ролевой', 'игра', 'диалог', 'усмехаться', 'скоро', 'злорадно', 'горько', 'классика', 'знак-кавычки']"
1,1,0,1,1,1,1,1,1,1,1,1,0,1,1,1,1,1,0,1,1,1,"['умолчание', 'предполагаться', 'отсутствие', 'пароль', 'учетный', 'запись', 'администратор', 'активация', 'необходимо', 'создать', 'сложный', 'сочетать', 'цифра', 'буква', 'различный', 'регистр', 'специальный', 'символ']"
1,1,1,1,1,1,0,1,0,0,0,1,0,1,1,1,0,1,0,1,0,1,"['получение', 'прекрасный', 'пастельный', 'тон', 'больший', 'количество', 'вариант', 'цветок', 'краска', 'белоснежный']"
0,0,0,0,0,0,0,0,0,0,0,0,0,0,0,0,0,0,0,0,0,1,"['уровень', 'игра', 'вполне', 'интересный', 'исключать', 'бывать', 'человек', 'который', 'играть', 'паззл', 'мания', 'промежуточный']"
1,1,0,0,1,1,0,1,0,0,0,1,1,0,0,1,0,1,0,1,0,1,"['изрядно', 'теория', 'система', 'другой', 'аналитический', 'метод', 'дилтс', 'создать', 'школа', 'известный', 'системный', 'знак-кавычки']"
1,1,1,1,1,1,1,1,1,1,1,1,0,1,1,1,1,1,0,1,1,1,"['нервозность', 'саммит', 'ес', 'похоже', 'нарастать', 'новость', 'способный', 'опасение', 'участник', 'завтра', 'запланировать']"
1,1,1,1,1,1,1,1,1,1,1,1,1,1,1,1,1,1,0,1,1,1,"['умный', 'следовать', 'дурак']"
1,1,1,1,1,1,1,1,1,1,1,1,1,1,1,1,1,1,0,1,1,1,"['данный', 'комната', 'нейтральный', 'основа', 'который', 'составлять', 'мебель', 'темный', 'дерево', 'кресло', 'цвет', 'слоновый', 'кость', 'бежевый', 'стена', 'аксессуар', 'слива', 'коврик', 'штора', 'подушка', 'одеяло', 'читать', 'полностью', 'знак-кавычки']"
1,1,1,1,1,1,1,1,1,1,1,1,1,1,1,1,1,1,0,1,1,1,"['женский', 'облик', 'должный', 'брутальность', 'пышный', 'цвет', 'цветущий', 'фильм']"
1,1,1,1,1,1,1,1,1,1,1,1,0,1,1,1,1,1,0,1,1,1,"['необходимо', 'разбивать', 'отделенный', 'друг', 'абзац', 'графика']"
1,0,1,1,1,1,1,1,1,1,1,1,0,1,1,1,1,1,0,1,1,1,"['белоствольный', 'береза', 'красиво', 'смотреться', 'рябинка', 'золотой', 'краска']"
1,1,1,1,1,1,1,1,1,1,1,1,1,1,1,1,1,1,0,1,1,1,"['модификация', 'подлежать', 'исключение', 'элемент', 'интерфейс', 'иконка', 'диалоговый', 'окошко', 'стильный', 'полупрозрачный', 'графический', 'схема', 'соответствующий', 'новомодный', 'вист', 'звуковой', 'оформление', 'знак-кавычки']"
1,0,1,1,1,1,1,1,1,1,1,1,0,0,1,1,1,1,0,0,1,1,"['первый', 'день', 'мартин', 'избавить', 'обязательный', 'повинность', 'причина', 'будущий', 'высокий', 'предназначение', 'присутствие', 'зритель', 'сплошь', 'дама']"
1,1,0,0,1,1,1,1,1,1,1,1,1,1,1,1,1,1,0,1,1,1,"['забывать', 'текст', 'качественный', 'отзыв', 'рекомендация', 'победа', 'конкурс', 'забыть', 'упомянуть']"
1,0,1,0,1,1,0,1,0,1,1,1,0,1,0,1,0,1,0,1,1,1,"['вышка', 'мужской', 'коллектив', 'милый', 'женщина']"
1,1,1,1,1,1,1,1,1,1,1,1,1,1,1,1,1,1,0,1,1,1,"['накануне', 'исламист', 'число', 'брат', 'мусульманин', 'либерал', 'провороваться', 'чиновник', 'создать', 'стамбул', 'вариант', 'переходный', 'национальный', 'совет']"
1,1,1,1,1,1,1,1,1,1,1,1,1,1,1,1,1,1,0,1,1,1,"['яндекс', 'точно', 'находка', 'наблюдаться', 'тенденция', 'выдача', 'топ', 'новый', 'сильно', 'раскрутить', 'ресурс']"
1,1,1,1,1,1,1,1,1,1,1,1,0,1,1,1,1,1,0,1,1,1,"['современный', 'невеста', 'предпочитать', 'свадебный', 'наряд', 'который', 'подчеркивать', 'индивидуальность', 'яркий', 'личность', 'особый', 'колебание', 'необходимо', 'белизна', 'платье', 'возможность', 'веселый', 'свет', 'главное', 'переборщить']"
1,1,0,0,1,1,1,1,1,1,1,1,0,1,1,1,1,1,1,1,1,1,"['ослабить', 'вид', 'отдельный', 'удачный', 'место', 'поэтика', 'юрий', 'касянич', 'набор', 'деталь', 'индивидуальный']"
0,0,0,0,0,0,0,0,0,0,0,0,0,0,0,0,0,0,0,0,0,1,"['текст', 'определение', 'замечание', 'тема']"
1,1,0,1,1,1,1,1,1,1,1,1,1,1,1,1,1,1,1,1,1,1,"['человек', 'иметь', 'личный', 'опыт', 'успешный', 'руководство', 'большой', 'коллектив', 'надеяться', 'внушить', 'глупость', 'профессиональный', 'мнение', 'миллион', 'оболванить', 'шахтер', 'доярка', 'получение', 'необходимый', 'результат', 'знак-кавычки']"
0,1,1,0,0,1,1,1,1,0,1,1,1,1,1,1,0,1,1,1,0,1,"['хотеться', 'серьезность', 'данный', 'вопрос', 'замечательный', 'позитивный', 'детский', 'мультик', 'тема', 'разговор']"
1,1,0,1,1,1,1,1,1,1,1,1,1,0,1,1,1,1,1,1,1,1,"['сезон', 'серый', 'совершенно', 'оттенять']"
1,0,0,1,1,1,1,1,1,1,1,1,1,1,1,1,1,1,1,1,1,1,"['хаос', 'требовать', 'включение', 'элемент', 'порядок', 'упорядочить', 'полезно', 'хаотический', 'создавать', 'контраст', 'ритмика', 'гармония']"
0,1,0,0,0,0,0,0,0,0,0,0,1,0,0,0,0,0,1,0,0,1,"['м.', 'кольцов', 'определять', 'особенность', 'метод', 'работа', 'жанр', 'прибавлять', 'искусственный', 'краска', 'факт', 'который', 'смешивать', 'вымысел', 'художественный', 'публицистически', 'оттенить', 'дать', 'резать', 'глаз', 'знак-кавычки']"
0,0,1,0,0,0,0,0,0,0,0,0,1,0,0,0,0,0,1,0,0,0,"['наноситься', 'поверхность', 'концентрированный', 'состояние', 'вода']"
0,0,1,0,0,0,0,0,0,0,0,0,1,1,0,0,0,0,1,0,0,0,"['необходимость', 'нагреть', 'вода', 'холодный', 'требовать', 'температура']"
0,0,1,0,0,0,0,0,0,0,0,0,1,1,0,0,0,0,1,0,0,0,"['апельсиновый', 'сок', 'сильно', 'повезти', 'прийти', 'завтрак', 'поздно', 'лед']"
0,0,0,1,0,0,0,0,0,0,0,0,1,0,1,0,0,0,1,0,0,0,"['полезный', 'компот', 'клюква', 'брусника', 'смородина', 'сухофрукты', 'богатый', 'аскорбиновый', 'кислота', 'сок', 'вода']"
0,1,0,0,0,0,0,0,0,0,0,0,1,0,0,0,0,0,1,0,0,0,"['необходимость', 'первый', 'слой', 'уайт-спирит', 'процент-знак', 'объем']"
1,0,0,1,0,0,0,0,0,0,0,1,0,1,1,1,0,1,1,1,0,0,"['нанесение', 'тонировать', 'лак', 'загрунтовать', 'основание', 'бесцветный', 'уайт-спирит', 'соотношение']"
0,0,1,1,0,0,0,0,0,0,0,0,1,1,1,0,0,0,1,0,0,0,"['убеждать', 'питьевой', 'вода', 'пищеварительный', 'сок', 'делать', 'неэффективный', 'негативно', 'влиять', 'почка']"
0,0,0,0,0,0,0,0,0,0,0,0,1,0,0,0,0,0,1,0,0,0,"['варка', 'клей', 'оказаться', 'чрезмерно', 'густой', 'горячий', 'вода', 'один', 'стакан', 'ведро']"
0,0,0,0,0,0,0,0,0,0,0,0,1,0,0,0,0,0,1,0,0,0,"['вышенаписанный', 'подходить', 'этиловый', 'спирт', 'горючка', 'метиловый', 'последний', 'полезно', 'касторовый', 'масло']"
0,1,0,0,0,0,0,0,0,0,0,0,1,0,0,0,0,0,1,0,0,0,"['сок', 'теплый', 'вода', 'наполовину', 'оставлять', 'пара', 'день', 'тепло', 'место', 'открытый', 'емкость']"
0,0,0,1,0,0,0,0,0,0,0,0,0,0,0,0,0,0,1,0,0,0,"['плас', 'реаль', 'пропустить', 'пара', 'порция', 'голубой', 'джин', 'бомбей', 'сильно', 'тоник', 'знак-кавычки']"
0,0,0,1,0,0,0,0,0,0,0,0,0,0,1,0,0,0,1,0,0,0,"['запить', 'чайный', 'ложка', 'черный', 'тмин', 'пол', 'стакан', 'вода', 'столовый', 'чистый', 'мед', 'принимать', 'минута', 'завтрак', 'ужин']"
1,1,0,0,1,0,0,0,1,1,1,0,1,0,0,0,0,0,1,0,0,0,"['церковь', 'обычный', 'вино', 'понимать', 'использоваться', 'смесь', 'вина', 'хлеб', 'точно', 'знать', 'усложнять', 'уклониться', 'простота', 'христос', 'совсем', 'понятно']"
0,1,0,0,0,0,0,0,0,0,0,0,1,0,0,0,0,0,1,0,0,0,['бензин']
0,0,0,1,0,0,0,0,0,0,0,0,0,0,1,0,0,0,1,0,0,0,"['обжарить', 'угль', 'сарделька', 'горчица', 'белый', 'виноградный', 'вино']"
0,0,0,0,0,0,0,0,0,0,0,0,1,0,0,0,0,0,1,0,0,0,"['наклеить', 'полотно', 'обработать', 'грунтовочный', 'состав', 'дисперсионный', 'клей', 'стеклообои', 'процент-знак', 'вода']"
0,0,0,0,0,0,0,0,0,0,0,0,1,0,0,0,0,0,1,0,0,0,"['напиток', 'чай', 'сок', 'вода', 'отвар', 'шиповник', 'черный', 'смородина']"
0,1,0,0,0,0,0,0,0,0,0,0,1,0,0,0,0,0,1,0,0,0,"['необходимость', 'краска', 'водопроводный', 'вода', 'рабочий', 'вязкость', 'вискозиметр', 'диаметр', 'сопло', 'мм', 'температура', 'с.', 'нанесение', 'краскораспылитель', 'необходимый', 'зависимость', 'требование', 'окрасочный', 'оборудование']"
1,0,1,1,1,1,1,1,1,1,1,1,1,0,1,1,1,1,1,1,1,0,"['простой', 'маринад', 'свинина', 'изготавливаться', 'лимонный', 'сок', 'вода', 'добавлять', 'мясо', 'который', 'класть', 'слой', 'порезать', 'кольцо', 'лук']"
0,1,0,1,0,0,0,0,1,0,0,0,1,0,1,0,0,0,1,0,0,0,"['удаление', 'алюминиевый', 'посуда', 'чернота', 'тщательно', 'протереть', 'поверхность', 'ным', 'раствор', 'уксусный', 'кислота', 'столовый', 'уксус', 'наполовину', 'вода', 'кальцинированный', 'сода', 'промыть', 'горячий']"
0,0,0,0,0,0,0,0,0,0,0,0,1,0,0,0,0,0,1,0,0,0,"['лак', 'необходимый', 'вязкость', 'разбавитель']"
0,0,0,0,0,0,0,0,0,0,0,0,1,0,0,0,0,0,1,0,0,0,"['конический', 'колба', 'вместимость', 'см', 'отбирать', 'треххлористый', 'железо', 'вода', 'нагревать', 'примерно', 'добавлять', 'капля', 'сульфосалициловый', 'индикатор', 'титрировать', 'раствор', 'трилон', 'исчезновение', 'фиолетовый', 'окраска', 'сульфосалицилат']"
0,0,0,0,0,0,0,0,0,0,0,0,1,0,0,0,0,0,1,0,0,0,"['маскировать', 'реагент', 'растворять', 'г', 'фтористый', 'натрий', 'см', 'триэтаноламин', 'вода', 'раствор', 'фильтровать']"
0,1,0,0,0,0,0,0,0,0,0,0,1,0,0,0,0,0,1,0,0,0,"['необходимость', 'томатный', 'сок', 'смешивать', 'вода']"
0,0,0,1,0,0,0,0,0,0,0,0,1,0,0,0,0,0,1,0,0,0,"['древний', 'римлянин', 'знать', 'закон', 'сообщаться', 'сосуд', 'м.', 'учебник', 'история', 'класс', 'лукулл', 'командировка', 'спокойно', 'пить', 'вода', 'вино']"
0,0,0,1,0,0,0,0,0,0,0,0,1,0,0,0,0,0,1,0,0,0,"['продукт', 'вода', 'наполовину', 'иметь', 'больший', 'теплоемкость', 'процент-знак']"
0,0,0,1,0,0,1,0,0,0,0,1,1,1,1,1,1,1,1,1,1,0,"['процедура', 'необходимо', 'проводить', 'неделя', 'мед', 'молоко', 'получение', 'светло', 'золотистый', 'тягучий', 'масса']"
0,0,1,1,0,0,0,0,0,0,0,0,1,1,1,0,0,0,1,0,0,0,"['обедать', 'купаться', 'тепло', 'градус', 'аргут', 'молочно-белый', 'вод', 'который', 'хрустальный', 'чистый', 'бирюзовый', 'вода', 'шавла']"
0,1,0,1,0,0,0,0,0,0,0,0,1,0,0,0,0,0,1,0,0,0,"['высохший', 'тесто', 'матовый', 'цвет', 'твореный', 'золото', 'который', 'пользоваться', 'обыкновенный', 'краска', 'вода', 'знак-кавычки']"
0,1,0,1,0,0,0,0,0,0,0,0,1,0,1,0,0,0,0,0,0,0,"['применение', 'пропитка', 'дерево', 'белинка', 'импрегнант', 'следовать', 'перемешать', 'ничто']"
0,0,0,1,0,0,0,0,0,0,0,0,0,0,1,0,0,0,1,0,0,0,"['приблизительный', 'питьевой', 'меню', 'день', 'утро', 'стакан', 'чистый', 'вода', 'чашка', 'кофе', 'свежевыжатый', 'сок', 'пополам', 'знак-кавычки']"
0,0,0,0,0,0,0,0,0,0,0,0,0,0,0,0,0,0,0,0,0,0,"['подкормка', 'раствор', 'часть', 'вода', 'заливать', 'кол', 'расчет', 'сотка', 'земля', 'требоваться', 'кг', 'сухой', 'птичий', 'помет', 'зола', 'знак-кавычки']"
0,1,0,0,0,0,0,0,0,0,0,0,1,0,1,0,0,0,1,0,0,0,"['соус', 'ст', 'ложка', 'коричневый', 'сахар', 'рисовый', 'уксус', 'куриный', 'бульон', 'чили', 'свежий', 'апельсиновый', 'сок', 'кукурузный', 'мука', 'крахмал', 'вода']"
0,0,0,1,0,0,0,0,0,0,0,0,0,0,1,0,0,0,1,0,0,0,"['кафе', 'добавлять', 'лед', 'чисто', 'сок', 'вода', 'практически', 'довольно', 'густой']"
0,0,0,0,0,0,0,0,0,0,0,0,0,0,0,0,0,0,1,0,0,0,"['фильтр', 'заливать', 'химический', 'стакан', 'вместимость', 'мл', 'смесь', 'равный', 'объем', 'соляной', 'азотный', 'кислота', 'кипятить', 'минута']"
1,0,0,0,1,0,0,0,0,0,0,0,0,0,0,0,0,0,1,0,1,0,"['горячий', 'вода', 'применять', 'получить', 'ополаскиватель', 'мытье', 'голова']"
1,0,1,0,1,1,1,1,1,1,1,1,0,0,0,0,1,1,1,1,1,0,"['уличный', 'наркотик', 'героин', 'стрихнин', 'прочий', 'ядовитый', 'вещество', 'знак-кавычки']"
0,0,1,1,0,0,0,0,0,0,0,0,0,0,0,0,0,0,1,0,0,0,"['чаша', 'вода', 'хлеб', 'принимать', 'слово', 'божий', 'евхаристия', 'становиться', 'тело', 'христос', 'плоть', 'получать', 'сила', 'поддержка', 'результат', 'пресуществление', 'еретик', 'утверждать', 'наследовать', 'дар', 'вечный', 'жизнь', 'который', 'питаться', 'кровь', 'господь', 'отныне', 'стать', 'часть', 'т.е.']"
0,0,0,1,0,0,0,0,0,0,0,0,0,1,1,0,0,0,1,0,0,0,"['сухой', 'белый', 'вино', 'пополам', 'минералка']"
0,0,0,0,0,0,0,0,0,0,0,0,1,0,0,0,0,0,1,0,0,0,"['обязательно', 'десятый', 'доля', 'процент', 'вода', 'называть', 'питьевой', 'крепость', 'обычно', 'ровно', 'процент-знак', 'знак-кавычки']"
0,1,0,0,0,0,0,0,0,0,0,0,1,0,1,0,0,0,1,0,0,0,"['опрыскивание', 'мелкий', 'листогрызть', 'насекомое', 'вдвое', 'добавлять', 'грамм', 'мыло']"
0,1,1,1,0,0,1,0,1,0,1,0,1,1,1,0,1,0,1,0,1,0,"['есть', 'сочный', 'мякоть', 'косточка', 'измельчить', 'кофемолка', 'молоко', 'принимать', 'пара', 'день']"
0,1,0,0,0,0,0,0,0,0,0,0,1,0,0,0,0,0,1,0,0,0,"['дистиллировать', 'вода', 'градус', 'высокий']"
0,0,0,0,0,0,0,0,0,0,0,0,0,0,0,0,0,0,1,0,0,0,"['предварительно', 'размолоть', 'кофемолка', 'однородный', 'масса', 'корм', 'стерилизовать', 'вода']"
0,1,1,1,0,0,0,0,0,0,0,0,1,1,1,0,0,0,1,0,0,0,['растворимость']
0,1,0,0,0,0,0,0,0,0,0,0,1,0,0,0,0,0,1,0,0,0,"['механизированный', 'уборка', 'т.', 'ч.', 'аппарат', 'высокий', 'давление', 'средство', 'необходимо', 'чистка', 'оборудование', 'инструмент', 'вручную', 'применять', 'неразбавленный']"
0,0,0,0,0,0,0,0,0,0,0,0,1,0,0,0,0,0,0,0,0,0,"['получиться', 'закваска', 'использование', 'вода', 'л', 'получить', 'жидкость', 'добавлять', 'спичечный', 'коробок', 'удобрение', 'хорошо', 'комплексный']"
0,0,0,1,0,0,0,0,0,0,0,0,0,0,1,0,0,0,1,0,0,0,"['смешать', 'сок', 'вино', 'минеральный', 'вода', 'равный', 'пропорция']"
1,1,0,1,1,1,1,1,1,1,1,1,1,0,1,1,1,1,1,1,1,0,"['мл', 'л', 'спрайт', 'вкус', 'нравиться']"
0,1,0,0,0,0,0,0,0,0,0,0,1,0,0,0,0,0,1,0,0,0,"['сказать', 'заправка', 'бензин']"
0,0,0,0,0,0,1,0,1,0,0,0,1,0,0,0,1,0,1,0,0,0,"['соответствовать', 'вода', 'пересчет', 'рубль', 'литр', 'натуральный']"
0,1,0,1,0,0,0,0,0,0,0,0,1,0,1,0,0,0,1,0,0,0,"['ценный', 'удобрение', 'являться', 'навозный', 'жижа', 'вода']"
0,1,0,0,0,0,0,0,0,0,0,0,1,0,0,0,0,0,1,0,0,0,"['час', 'выпечка', 'теплый', 'чай', 'посолить']"
0,1,1,0,0,0,0,0,0,0,0,0,1,0,0,0,0,0,1,0,0,0,"['сок', 'вода', 'полоскать', 'каждый', 'день']"
0,0,0,1,0,0,0,0,0,0,0,0,1,0,1,0,0,0,1,0,0,0,"['сок', 'рекомендоваться', 'наполовину', 'вода', 'оказаться', 'неполезный', 'пищеварение']"
0,1,0,0,0,0,0,0,0,0,0,0,1,0,0,0,0,0,1,0,0,0,"['закристаллизоваться', 'мед', 'помощь', 'снижать', 'температура', 'гнездо', 'поддерживать', 'оптимальный', 'влажность', 'воздух']"
0,0,0,0,0,0,0,0,0,0,0,0,1,0,0,0,0,0,1,0,0,0,"['процедить', 'вода', 'соотношение', 'делать', 'спринцевание']"
0,0,0,1,0,0,0,0,0,0,0,0,1,0,1,0,0,0,1,0,0,0,"['пить', 'вода', 'смешивать', 'например', 'морковный', 'сок', 'раздражать', 'слизистая', 'желудок']"
1,0,0,0,1,1,1,1,1,1,1,1,0,0,0,1,1,1,1,1,1,0,"['некоторый', 'лепесток', 'цветок', 'закрасить', 'сильно', 'бирюзовый', 'краска', 'другой', 'темно']"
1,1,0,0,1,0,0,0,0,0,0,1,1,0,0,1,0,0,1,0,0,0,"['тело', 'котенок', 'закрасить', 'темно-коричневый', 'краска']"
1,0,0,0,1,1,1,1,1,1,1,1,0,0,0,0,1,0,1,0,1,0,"['маска', 'теплый', 'вода', 'необходимый', 'количество', 'композиция', 'желаемый', 'консистенция']"
1,1,1,0,1,1,1,1,1,1,1,1,1,1,1,1,1,1,1,1,1,0,"['виниловый', 'рама', 'промыть', 'снаружи', 'мягкий', 'посудомоечный', 'детергент', 'небольшой', 'количество', 'л', 'горячий', 'теплый', 'вода', 'губка', 'тряпка']"
1,1,1,1,1,1,1,1,1,1,1,1,1,1,1,1,1,1,1,1,1,0,"['необходимость', 'холодный', 'вода', 'процент-знак']"
1,1,1,1,1,1,1,1,1,1,1,1,1,1,1,1,1,1,1,1,1,0,"['лето', 'тосол', 'вода', 'рисковать', 'зима', 'запороть', 'двигатель', 'слить', 'залить', 'неразбавленный']"
1,0,0,0,1,1,0,1,0,0,0,0,1,0,0,0,0,0,1,0,0,0,"['холодный', 'вода', 'объем', 'л']"
1,1,1,0,1,1,1,1,1,1,1,1,1,1,0,1,1,1,1,1,1,0,"['слить', 'вода', 'свежий', 'обслуживать', 'аквариум', 'хорошо', 'клиент', 'живой', 'подмена']"
1,1,1,0,1,1,0,1,0,0,0,1,1,1,0,1,0,1,0,1,0,0,"['катафорезной', 'грунтовка', 'изготавливать', 'основа', 'акриловый', 'винильный', 'сополимер', 'эпоксидный', 'полиуретановый', 'полиэфирный', 'другой', 'смола', 'амин', 'аммониевый', 'группа', 'который', 'нейтрализация', 'кислота', 'переводить', 'солевой', 'водорастворимый', 'форма', 'вода', 'получение', 'го', 'раствор']"
1,1,1,1,1,1,1,1,1,1,1,1,0,1,1,1,1,1,1,1,1,0,"['крупный', 'человек', 'получение', 'эффект', 'требоваться', 'больший', 'количество', 'алкоголь', 'кровь', 'сильно']"
1,0,1,1,1,1,1,1,1,1,1,1,1,1,1,1,1,1,1,1,1,0,"['настоящий', 'вино', 'страна', 'купить', 'говорить', 'муж', 'дорогой', 'французский', 'вероятность', 'самагон']"
1,1,1,1,1,1,1,1,1,1,1,1,1,1,1,1,1,1,1,1,1,0,"['вообщий', 'нерестовый', 'выростной', 'особый', 'аквариум', 'растение', 'обычно', 'держать', 'горшок', 'кювет', 'переносной', 'грунт', 'вода', 'брать', 'огромный', 'водопроводный', 'рыба', 'жить', 'временно', 'способ', 'использовать', 'т.е.']"
0,0,1,1,0,0,0,0,0,0,0,0,1,1,1,0,0,0,1,0,0,0,"['раствор', 'готовить', 'непосредственно', 'применение', 'вдвое', 'аммиачный', 'вода']"
0,1,1,0,0,0,0,0,0,0,0,0,1,0,0,0,0,0,1,0,0,0,"['придание', 'жидкий', 'консистенция', 'органический', 'растворитель', 'скипидар', 'уайт-спирит', 'далее']"
1,0,0,0,1,1,1,0,1,1,1,0,0,0,0,0,1,0,1,0,1,0,"['первый', 'основной', 'правило', 'чонг', 'встать', 'утро', 'рано', 'выпить', 'лимонный', 'сок', 'теплый', 'вода']"
1,1,0,0,1,1,1,1,1,1,1,1,1,0,1,1,1,1,1,1,1,0,"['очистить', 'поверхность', 'пол', 'чистить', 'средство', 'вода', 'использовать', 'намочить', 'отжать', 'тряпка', 'швабра']"
0,0,1,1,0,1,0,1,0,0,0,0,1,1,1,0,0,1,1,1,0,0,"['бодяжить', 'дорогой', 'напиток', 'сильно', 'рано', 'заря', 'ресторан', 'знак-кавычки']"
1,1,1,1,1,1,1,1,1,1,1,1,1,1,1,1,1,1,1,1,1,0,"['процедура', 'смазать', 'кожа', 'масло', 'чайный', 'дерево', 'вода']"
1,1,1,1,1,1,1,1,1,1,1,1,1,1,1,1,1,1,1,1,1,0,"['свежевыжатый', 'сок', 'наполовину', 'вода']"
1,1,1,1,1,1,1,1,1,1,1,1,1,1,1,1,1,1,1,1,1,0,"['обычно', 'подавать', 'холодный', 'вода', 'лед']"
1,1,1,1,1,1,1,1,1,1,1,1,1,1,1,1,1,1,1,1,1,0,"['ложка', 'сок', 'стакан', 'вода', 'добавить', 'мед', 'лимонный']"
1,1,1,1,1,1,1,1,1,1,1,1,1,1,1,1,1,1,1,1,1,0,"['пить', 'чай', 'рекомендоваться', 'день', 'минута', 'еда', 'предварительно', 'стакан', 'имбирный', 'лимонный', 'сок', 'теплый', 'вода']"
1,1,1,1,1,1,1,1,1,1,1,1,1,1,1,1,1,1,1,1,1,0,"['примечание', 'использование', 'больший', 'количество', 'сахар', 'сироп', 'чернослив', 'получаться', 'густой', 'приходиться']"
1,1,1,1,1,1,1,1,1,1,1,1,1,1,1,1,1,1,1,1,1,0,"['пластинка', 'мясо', 'сложить', 'миска', 'залить', 'смесь', 'яичный', 'белок', 'крахмал', 'теплый', 'масло', 'перемешать']"
1,1,1,1,1,1,1,1,1,1,1,1,1,0,1,1,1,1,1,1,1,0,"['пористый', 'поверхность', 'прогрунтовать', 'использовать', 'грунтовка', 'акрилатный', 'краска', 'текс', 'латекс', 'вода', 'соотношение', 'знак-кавычки']"
1,0,1,0,1,1,1,1,1,1,1,1,1,0,0,1,1,1,1,1,1,0,"['сначала', 'смешивать', 'песок', 'цемент', 'получить', 'смесь', 'вода', 'нужный', 'густота']"
0,0,0,0,0,0,0,0,0,0,0,0,0,0,0,0,0,0,1,0,0,0,"['один', 'флакон', 'концентрат', 'часть', 'вода', 'желательно', 'кипяченый', 'дистиллят']"
1,1,1,1,1,1,1,1,1,1,1,1,1,1,1,1,1,1,1,1,1,0,"['вода', 'раствор', 'хранить', 'длительный', 'время', 'следовать', 'использовать', 'немедленно', 'приготовление']"
1,1,1,1,1,1,1,1,1,1,1,1,1,1,1,1,1,1,1,1,1,0,"['нанесение', 'убр', 'эмаль', 'растворитель']"
1,0,1,1,1,1,1,1,1,1,1,1,1,1,1,1,1,1,1,1,1,0,"['половина', 'маринад', 'слить', 'чашка', 'остаться', 'часть', 'вода', 'поместить', 'рыба', 'духовка', 'предварительно', 'нагреть', 'градус', 'мина']"
1,1,1,1,1,1,1,1,1,0,1,1,1,1,1,1,1,1,1,1,1,0,"['проверять', 'очищать', 'поверхность', 'начало', 'работа', 'раствор']"
0,1,1,1,0,1,1,1,1,1,1,0,1,1,1,0,1,0,1,0,1,0,"['органический', 'сбалансированный', 'жидкий', 'подкормка', 'повышенный', 'содержание', 'азот', 'микроэлемент', 'распыляться', 'лист', 'сильно', 'служить', 'отличный', 'стимулятор', 'рост']"
1,1,0,0,1,1,0,1,0,0,0,1,1,0,0,1,0,1,0,1,0,0,"['дверь', 'воздушный', 'шлюз', 'закрытый', 'подавать', 'воздух', 'загрязнение', 'поступить', 'наружный', 'коридор', 'выделять', 'присутствующий', 'персонал']"
1,1,0,0,1,1,1,1,1,1,1,1,1,0,0,1,1,1,1,1,1,0,"['раствор', 'дистиллированный', 'вода', 'нагревать', 'температура', 'тело', 'предупреждение', 'кашель']"
1,0,1,1,1,1,1,1,1,1,1,1,1,1,1,1,1,1,1,1,1,0,"['казаться', 'принять', 'густой', 'консистенция', 'получиться', 'аккуратно', 'накрасить', 'ноготь', 'специальный', 'средство']"
1,1,1,1,1,1,1,1,1,1,1,1,1,1,1,1,1,1,1,1,1,0,"['сначала', 'соединить', 'песок', 'цемент', 'сухой', 'вид', 'вода']"
1,1,1,1,1,1,1,1,1,1,1,1,1,1,1,1,1,1,1,1,1,0,"['сухой', 'смесь', 'песок', 'цемент', 'известковый', 'тесто', 'вода', 'получиться', 'известково-цементный', 'раствор']"
0,1,1,1,0,0,1,0,1,0,1,0,0,1,1,0,1,0,1,0,1,0,"['нанесение', 'декоративный', 'шпатлевка', 'тщательно', 'перемешать', 'необходимость', 'вода', 'процент-знак', 'масса', 'требовать', 'вязкость']"
1,1,1,1,1,1,1,1,1,1,1,1,0,1,1,1,1,1,1,1,1,0,"['столяр', 'любитель', 'применять', 'полиэфирный', 'лак', 'марка', 'л.', 'загустевание', 'скипидар', 'рекомендоваться', 'живичный', 'го', 'сорт', 'разбавитель', 'масляный', 'краска']"
1,1,1,1,1,1,1,1,1,1,1,1,1,1,1,1,1,1,1,1,1,0,"['начинка', 'должный', 'средний', 'густота', 'необходимость', 'несколько', 'молоко']"
1,1,1,1,1,1,1,1,1,1,1,1,1,1,1,1,1,1,1,1,1,0,"['спирт', 'пить', 'чистый', 'вода', 'инвайт', 'знак-кавычки']"
1,0,0,1,1,1,0,1,0,1,0,1,1,1,1,1,0,1,1,1,0,0,"['волос', 'нарастить', 'итальянский', 'технология', 'горячий', 'наращивание', 'шампунь', 'мытье', 'голова', 'вода', 'долго', 'держать', 'знак-кавычки']"
1,1,1,1,1,1,1,1,1,1,1,1,1,1,1,1,1,1,1,1,1,0,"['самый', 'дело', 'нарастить', 'волос', 'шик', 'шампунь', 'краска', 'поискать']"
1,1,0,0,1,1,1,1,1,1,1,1,1,0,0,1,1,1,1,1,1,0,"['разжижитель', 'хорошо', 'нитролак', 'нитрокраска', 'нитрошпаклевка', 'смывать', 'старый', 'нитропокрытие']"
1,1,1,1,1,1,1,1,1,1,1,1,0,1,1,1,1,1,1,1,1,0,"['сода', 'жидкость', 'один', 'кисломолочный', 'вода']"
1,1,1,1,1,1,1,1,1,1,1,1,1,1,1,1,1,1,1,1,1,0,"['кисломолочный', 'принцип', 'один', 'вода']"
1,1,1,1,1,1,1,1,1,1,1,1,1,1,1,1,1,1,1,1,1,0,"['кисломолочный', 'вода', 'чуть-чуть', 'лимонка', 'добавить', 'сода', 'погаснуть']"
1,1,1,1,1,1,1,1,1,1,1,1,1,1,1,1,1,1,1,1,1,0,"['настойка', 'календула', 'предварительно', 'прокипятить', 'охладить', 'комнатный', 'температура', 'вода']"
1,1,1,1,1,1,1,1,1,1,1,1,1,1,1,1,1,1,1,1,1,0,"['уран', 'урановый', 'котел', 'графит', 'взрыв']"
1,1,1,1,1,1,1,1,1,1,1,1,1,1,1,1,1,1,1,1,1,0,"['смесь', 'переливать', 'деревянный', 'чашка', 'вода', 'кратный', 'количество', 'объем', 'смотря', 'крепость', 'желать', 'получить', 'травильный', 'жидкость']"
1,1,1,1,1,1,1,1,1,1,1,1,1,1,1,1,1,1,1,1,1,0,"['другой', 'сторона', 'травильный', 'жидкость', 'вода', 'поверхность', 'стекло', 'получиться', 'прозрачный', 'матовый']"
0,0,1,1,0,0,1,0,1,1,0,1,1,1,1,1,1,0,1,0,1,0,"['хорошо', 'подойти', 'сок', 'йогурт', 'кефир', 'чай', 'морс', 'компот']"
1,0,1,1,1,1,1,1,1,1,1,1,1,1,0,1,1,1,1,1,1,0,"['чача', 'получаться', 'крепость', 'дистиллят', 'градус', 'купажировать', 'вода']"
0,0,0,0,0,0,0,0,0,0,0,0,1,0,0,0,0,0,1,0,0,0,"['название', 'американский', 'коктейль', 'старинный', 'рецепт', 'висок', 'вода', 'горький', 'настойка', 'сахар', 'ломтик', 'лимон', 'вишня', 'знак-кавычки']"
0,0,0,0,0,0,0,0,0,0,0,0,1,0,0,0,0,0,1,0,0,0,"['полупостоянный', 'разделитель', 'особенно', 'основа', 'растворитель', 'иметь', 'сбалансированный', 'формула', 'низкий', 'содержание', 'твердый', 'вещество', 'который', 'нарушить', 'попытка', 'материал']"
0,1,1,0,0,0,0,0,0,0,0,0,1,0,0,0,0,0,1,0,0,0,"['совершенствование', 'ионообменный', 'мембрана', 'электролиз', 'раствор', 'проект', 'аспирант', 'факультет', 'химия', 'высокий', 'технология', 'надежда', 'мельник', 'научный', 'консультант', 'письменский', 'знак-кавычки']"
0,1,0,0,1,0,0,0,0,0,0,0,1,0,0,0,0,0,1,0,0,0,"['сок', 'клюква', 'сахар', 'вода', 'вкус', 'пить', 'жаропонижающее', 'жаждоутолять', 'средство', 'орз', 'ангина']"
0,1,0,1,0,0,0,0,0,0,0,0,1,0,1,0,1,0,1,0,1,0,"['период', 'цветение', 'необходимо', 'регулярно', 'поливать', 'подкармливать', 'неделя', 'раствор', 'минеральный', 'удобрение', 'коровяк']"
0,1,0,0,0,0,0,0,0,0,0,0,0,0,1,0,0,0,1,0,0,0,"['готовый', 'рис', 'протереть', 'сито', 'половина', 'стакан', 'горячий', 'молоко', 'добавить', 'соль', 'сахар', 'вкус', 'вскипятить', 'заправить', 'один', 'чайный', 'ложка', 'сливочный', 'масло']"
0,0,1,1,0,0,0,0,0,0,0,0,1,1,1,0,0,0,1,0,0,0,"['г', 'молоко', 'кипяченый', 'вода', 'довести', 'кипение', 'насыпать', 'манный', 'крупа', 'кипятить', 'слабый', 'огнь', 'минута', 'добавить', 'сахар', 'соль', 'вкус', 'сливочный', 'масло', 'снять']"
0,0,0,1,0,0,0,0,0,0,0,0,1,1,0,0,0,0,1,0,0,0,"['обслуживание', 'плохой', 'качество', 'еда', 'соевый', 'соус', 'вода', 'точно', 'сказать', 'вода', 'капля', 'соус', 'ролл', 'плохо', 'скрутить', 'разваливаться']"
1,0,0,1,1,1,1,1,1,1,1,1,0,0,1,1,1,1,1,1,1,0,"['употреблять', 'самостоятельный', 'блюдо', 'заправлять', 'суп', 'готовить', 'жаждоутоляющий', 'напиток', 'эйрэн', 'катык', 'вода']"
0,1,0,0,0,0,0,0,0,0,0,0,1,0,0,0,0,0,1,0,0,0,"['доводить', 'концентрация', 'соль', 'процент-знак', 'подогревать', 'температура', 'с.', 'получаться', 'известный', 'европа', 'целебный', 'вода', 'который', 'избавлять', 'множество', 'болезнь']"
0,1,1,0,0,0,0,0,0,0,0,0,1,0,0,0,0,0,1,0,0,0,"['один', 'столовый', 'ложка', 'смесь', 'стакан', 'кипяченый', 'вода', 'комнатный', 'температура']"
0,0,0,0,0,0,0,0,0,0,0,0,1,0,0,0,0,0,1,0,0,0,"['смыть', 'маска', 'остаться', 'отвар', 'кора', 'предварительно', 'часть', 'вода', 'капнуть', 'капля', 'водка', 'спирт', 'лимонный', 'сок']"
0,0,0,0,0,0,0,0,0,0,0,0,0,0,0,0,0,0,1,0,0,0,"['каждый', 'утро', 'натощак', 'съедать', 'мелко', 'нарубить', 'зубчик', 'чеснок', 'запивать', 'стакан', 'вода', 'яблочный', 'уксус']"
0,0,0,0,0,0,0,0,0,0,0,0,1,0,0,0,0,0,1,0,0,0,"['месяц', 'обычно', 'приходиться', 'вскармливать', 'ребенок', 'коровий', 'молоко', 'добавление', 'сахар']"
0,0,1,1,0,0,1,0,1,1,1,0,0,1,1,0,1,0,1,0,1,0,"['дело', 'эпизод', 'умирать', 'постоянно', 'испытывать', 'боль', 'попросить', 'судья', 'разрешение', 'дать', 'стакан', 'кипяток', 'сухой', 'лапша', 'доширак', 'который', 'питаться', 'знак-кавычки']"
0,0,0,0,0,0,0,0,0,0,0,0,1,0,0,0,0,0,0,0,0,0,"['песчаный', 'почва', 'подойти', 'удобрение', 'навозный', 'жижа', 'вполовину']"
0,0,0,0,0,0,0,0,0,0,0,0,1,1,0,0,0,0,1,0,0,0,"['нанесение', 'порошок', 'вода', 'знак-кавычки']"
0,1,0,0,0,0,0,0,1,0,0,0,1,0,0,0,0,0,1,0,0,0,"['полк', 'самолет', 'установить', 'пушка', 'охлаждение', 'который', 'антифриз', 'заливаться', 'спирт', 'вода']"
0,0,1,0,0,0,0,0,0,0,0,0,0,0,0,0,0,0,1,0,0,0,"['случай', 'препарат', 'добавляться', 'маска', 'основать', 'масло', 'следовать', 'дистиллированный', 'вода', 'разводиться', 'масленая', 'основа', 'разбавление', 'требоваться']"
1,1,0,0,1,1,1,1,1,1,0,1,1,0,0,1,1,1,1,1,1,0,"['использование', 'средство', 'следовать', 'чистый', 'вода', 'зависимость', 'степень', 'поражение', 'см', 'таблица']"
0,1,1,0,0,0,0,0,0,0,0,0,1,0,0,0,0,0,1,0,0,0,"['устранить', 'излишний', 'резкость', 'масло', 'нероли', 'обычно', 'нейтральный', 'растворитель', 'приобретать', 'пряно', 'экзотический', 'аромат', 'большой', 'притягательный', 'сила']"
1,1,0,0,1,0,1,0,1,1,1,0,1,0,0,0,1,0,1,0,1,0,"['розовый', 'масло', 'определенный', 'пропорция', 'давать', 'вода']"
0,0,0,0,0,0,0,0,0,0,0,0,1,0,0,0,0,0,1,0,0,0,"['получение', 'дополнительный', 'прибыль', 'примерно', 'треть', 'героин', 'сахарный', 'пудра', 'различный', 'лекарственный', 'средство']"
0,1,1,0,0,0,0,0,0,0,0,0,1,1,0,0,0,0,1,0,0,0,"['личный', 'мнение', 'достойный', 'качество', 'лак', 'текстура', 'жидкий', 'капля', 'кисточка', 'выглядеть', 'сильно', 'молоко', 'нанесение', 'ногтевой', 'пластина', 'моментально', 'равномерно', 'растекаться', 'один', 'слой', 'предавать', 'ноготь', 'вид', 'отполировать']"
0,1,0,0,0,0,0,0,0,0,0,0,1,0,0,0,0,0,0,0,0,0,"['выпивка', 'оставлять', 'желать', 'лучший', 'дешевый', 'водка', 'дорогой']"
0,1,1,0,0,0,1,1,1,1,1,0,1,1,0,0,1,0,1,0,1,0,"['желток', 'растирать', 'сахар', 'ванилин', 'получить', 'смесь', 'горячий', 'молоко']"
0,1,1,0,0,0,0,0,0,0,0,0,1,1,0,0,0,0,1,0,0,0,"['объект', 'исследование', 'предлагать', 'выпить', 'стакан', 'вода', 'г.', 'сахар']"
1,0,1,0,1,1,0,1,0,0,0,1,1,0,0,1,0,1,1,1,0,0,"['русь', 'виноградный', 'напиток', 'привозиться', 'византия', 'век', 'употребляться', 'вид']"
0,0,0,0,0,0,0,0,0,0,0,0,0,0,0,0,0,0,1,0,0,0,"['обработка', 'помещение', 'проводить', 'опрыскивание', 'капля', 'холка', 'киска', 'норма', 'расход', 'мл', 'кв', 'м', 'обробатывать', 'поверхность', 'знак-кавычки']"
0,0,0,0,0,0,0,0,0,0,0,0,0,0,0,0,0,0,1,0,0,0,"['единообразный', 'еда', 'соевый', 'соус', 'обязательно', 'натуральный', 'естественный', 'брожение', 'т.е.']"
0,0,0,1,0,0,0,0,0,0,0,0,0,0,1,0,0,0,1,0,0,0,"['понадобиться', 'сок', 'корень', 'хрен', 'вода', 'один', 'лимон', 'смешать', 'взбить', 'яичный', 'белок', 'глицерин']"
0,1,1,1,0,0,0,0,0,0,0,0,1,1,1,0,0,0,1,0,0,0,"['рабочий', 'консистенция', 'краска', 'малый', 'порция', 'вода', 'рис']"
0,0,0,0,0,0,0,0,0,0,0,0,0,0,0,0,0,0,1,0,0,0,"['куриный', 'помет', 'гидролизовать', 'кислый', 'условие']"
0,0,0,0,0,0,1,0,1,1,0,0,0,0,0,0,1,0,1,0,1,1,"['первый', 'говорить', 'возможность', 'некультурный', 'пролетариат', 'культурный', 'буржуазия', 'который', 'победить', 'мирно', 'сила', 'тренаж', 'знак-кавычки']"
0,1,0,0,0,0,0,0,0,0,0,0,1,0,0,0,0,0,1,0,0,1,"['позволять', 'каждый', 'достигнуть', 'полный', 'уединение', 'жилой', 'площадь', 'знак-кавычки']"
0,1,0,0,0,0,1,0,1,0,0,1,1,0,0,1,1,1,1,0,1,1,"['экономия', 'частый', 'замена', 'воздушный', 'фильтр', 'постоянный', 'регулировка', 'клапан', 'подбор', 'свеча']"
0,1,1,0,0,0,0,0,0,0,0,0,1,0,0,0,0,0,1,0,0,1,"['отрасль', 'остаться', 'кадровый', 'потенциал', 'компания', 'пытаться', 'прирасти', 'работник', 'другой', 'регион', 'россия', 'знак-кавычки']"
0,0,1,0,0,0,0,0,0,0,0,0,1,1,1,0,0,0,1,0,0,1,"['распечатка', 'страница', 'кривой', 'интернет', 'радио', 'долго', 'кешироваться', 'оперативка', 'медленно', 'грузиться', 'ругаться', 'начало', 'провайдер', 'многое', 'многий', 'другой']"
0,1,0,0,0,0,0,0,0,0,0,0,0,1,0,0,0,0,1,0,0,1,"['многий', 'торрент', 'клиент', 'ценный', 'системный', 'ресурс', 'правило', 'использовать', 'мб', 'память', 'позволять', 'компьютер', 'вооща', 'знак-кавычки', 'как будто']"
0,0,0,0,0,0,0,0,0,0,0,0,0,0,0,0,0,0,1,0,0,1,"['сюжет', 'друг', 'оставаться', 'один', 'витамин', 'знак-кавычки']"
0,0,0,0,0,0,0,0,0,0,0,0,0,0,0,0,0,0,1,0,0,1,"['начало', 'основной', 'результат', 'поиск', 'см', 'скриншот', 'определение', 'дорвей', 'существенно', 'измениться', 'знак-кавычки']"
0,0,1,0,0,0,0,0,0,0,0,1,0,0,0,0,0,1,1,0,0,1,"['главный', 'кусок', 'энергетический', 'бюджет', 'отопление', 'знак-кавычки']"
0,0,1,0,0,0,0,0,0,0,0,0,0,0,0,0,0,0,1,0,0,1,"['высокий', 'тариф', 'прибавка', 'пенсия', 'знак-кавычки']"
0,0,1,0,0,0,0,0,0,0,0,0,0,0,0,0,0,0,1,0,0,1,"['человек', 'сказать', 'должный', 'мешок', 'соль', 'партнер', 'узнать', 'адаптироваться', 'друг']"
0,0,1,1,0,0,0,0,0,0,0,0,1,0,1,0,0,0,1,0,0,1,"['бешеный', 'весенний', 'вода', 'бить', 'весна', 'берег', 'повертывать', 'остаться', 'метр', 'яр', 'деревня', 'знак-кавычки']"
0,1,0,0,0,0,0,0,1,0,1,0,0,0,0,0,0,0,1,0,0,1,"['время', 'родиться', 'ребенок', 'сострадание', 'ненависть', 'солнце', 'снег']"
0,0,0,1,0,0,1,0,1,1,1,0,0,0,0,0,1,0,1,0,1,1,"['ужасный', 'погода', 'знать', 'зима', 'лучик', 'солнце', 'знак-кавычки']"
0,0,1,1,0,0,0,0,0,0,0,0,0,1,1,0,0,0,1,0,0,1,"['ход', 'черные', 'жертвовать', 'камень', 'надеяться', 'взамен', 'важный', 'соперник']"
1,0,0,0,1,0,1,0,1,1,1,0,0,0,0,0,1,0,1,0,1,1,"['данный', 'случай', 'пустой', 'доска', 'белый', 'прижать', 'край']"
1,1,1,1,1,1,1,1,1,1,1,1,1,1,1,1,1,1,1,1,1,1,"['последний', 'шанс', 'разрезать', 'камень', 'соперник', 'центр', 'объединять', 'группа']"
0,0,0,1,0,0,0,0,0,0,0,0,1,0,1,0,0,0,1,0,0,1,"['дело', 'каждый', 'метр', 'подъем', 'вверх', 'приблизительно', 'м', 'длина', 'горизонталь', 'знак-кавычки']"
0,0,0,0,0,0,0,0,0,0,0,0,0,0,0,0,0,0,0,0,0,1,"['нередко', 'повышение', 'удельный', 'капитальный', 'затрата', 'приводить', 'неэффективность', 'автоматизация', 'возрасти', 'амортизационный', 'отчисление', 'экономия', 'снижение', 'расход', 'заработный', 'плата', 'производственный', 'рабочий', 'знак-кавычки']"
0,0,1,0,0,0,0,0,0,0,0,0,1,1,0,0,0,0,1,0,0,1,"['затрата', 'производство', 'образец', 'продукция', 'налаживание', 'серийный', 'часть', 'первоначальный', 'прибыль']"
1,1,0,0,1,0,0,0,1,0,0,1,1,0,0,1,0,1,1,1,0,1,"['стоимость', 'тур', 'необходимо', 'учитывать', 'расход', 'который', 'евро', 'зависимость', 'страна', 'курорт', 'неделя']"
0,0,0,1,0,0,0,0,0,0,0,0,0,0,1,0,0,0,1,0,0,1,"['один', 'казус', 'апрель', 'год', 'плакат', 'жестоко', 'цензор', 'жестокость', 'постер', 'знак-кавычки']"
0,0,0,0,0,0,0,0,0,0,0,0,1,0,1,0,0,0,1,0,0,1,"['один', 'дисплей', 'половина', 'заряд']"
1,0,0,0,1,1,0,1,0,0,0,1,1,0,0,1,0,1,0,1,0,1,"['цена', 'вопрос', 'достаточно', 'адекватный', 'человек', 'программа', 'минимум', 'львиный', 'доля', 'авиаперелет', 'знак-кавычки']"
0,0,1,0,0,0,0,0,0,0,0,0,1,1,0,0,0,0,1,0,0,1,"['подбор', 'мебель', 'учесть', 'яркий', 'красочный', 'интересный', 'время', 'загромождать', 'комната', 'пространство', 'игра', 'знак-кавычки']"
0,0,0,0,0,0,0,0,0,0,0,0,0,0,0,0,0,0,1,0,0,1,"['остальной', 'время', 'работа', 'личный', 'жизнь', 'чтение', 'детектив']"
0,0,0,1,0,0,0,0,0,0,0,0,1,0,1,0,0,0,1,0,0,1,"['считаться', 'ржавчина', 'среднее', 'мм', 'неоцинковать', 'металл', 'год', 'знак-кавычки']"
0,0,0,1,0,0,0,0,0,0,0,0,1,0,1,0,0,0,1,0,0,1,"['начало', 'семинар', 'сотрудник', 'институт', 'провести', 'опрос', 'оказаться', 'многие', 'один', 'проблема', 'связанный', 'заработный', 'плата', 'сделать', 'зарплата', 'прибыль']"
0,0,0,0,0,0,0,0,0,0,0,0,1,0,0,0,0,0,1,0,0,1,"['начало', 'текущий', 'год', 'иностранный', 'валюта', 'сохраняться', 'популярность', 'медленно', 'верно', 'деньги', 'население', 'падение', 'курс', 'доллар', 'евро', 'укрепление', 'рубль', 'знак-кавычки']"
0,0,0,0,0,0,1,0,1,0,0,1,0,0,0,1,1,0,1,0,1,1,"['давать', 'вкратце', 'описать', 'предлагать', 'зарубежный', 'производитель', 'называться', 'собака', 'изготовление', 'всевозможный', 'подогреватель']"
0,0,1,1,0,0,0,0,0,0,0,0,0,1,1,0,0,0,1,0,0,1,"['добавить', 'агрессия', 'оборона', 'усилие', 'когорта', 'американский', 'легионер', 'постепенно', 'кусочек', 'сталь', 'отставание']"
0,0,1,0,0,0,0,0,0,0,0,0,0,1,0,0,0,0,1,0,0,1,"['труба', 'лопаться', 'мороз', 'оставаться', 'отопление', 'тысяча', 'человек', 'плата', 'коммунальный', 'услуга', 'расти', 'инфляция', 'пенсия', 'минимальный', 'зарплата', 'нефть', 'дорожать', 'местный', 'произвол', 'нарастать', 'парень', 'сбежать', 'лес', 'отстреливать', 'мент', 'казаться', 'робингуд']"
1,1,0,0,1,1,1,1,1,1,1,1,1,0,0,1,1,1,1,1,1,1,"['взять', 'калькулятор', 'выясниться', 'каждый', 'минута', 'москва', 'тонна', 'мясо']"
0,0,0,1,0,0,0,0,0,0,0,0,1,0,1,0,0,0,1,0,0,1,"['одиночество', 'постепенно', 'незаметно', 'решить', 'попробовать']"
0,0,0,0,0,0,0,0,0,0,0,0,1,0,0,0,0,0,1,0,0,1,"['результат', 'исследование', 'провести', 'американский', 'ученый', 'показать', 'год', 'женский', 'кожа', 'примерно', 'килограмм', 'токсин', 'знак-кавычки']"
0,0,0,0,0,0,0,0,0,0,0,0,0,0,0,0,0,0,1,0,0,1,"['тара', 'крикнуть', 'ничто', 'делать', 'услышать', 'мать', 'душа', 'ненависть', 'убийца', 'отец', 'повернуть', 'рычаг', 'сторона', 'смерть', 'знак-кавычки']"
0,0,1,0,0,0,0,0,0,0,0,0,0,0,0,0,0,0,1,0,0,1,"['зарплата', 'заполниться', 'настройка', 'значит', 'предыдущий', 'период', 'переплата', 'начислить', 'знак-кавычки']"
0,0,0,0,0,0,0,0,0,0,0,0,0,1,1,0,0,0,1,0,0,1,"['заряд', 'быстро', 'электрод', 'любой', 'материал', 'иметь', 'возможность', 'перепрыгнуть', 'боковой', 'кольцо', 'центр', 'знак-кавычки']"
0,0,1,0,0,0,0,0,0,0,0,0,0,1,0,0,0,0,1,0,0,1,"['результат', 'оказаться', 'шокировать', 'некоторый', 'машина', 'год', 'сумма', 'достаточный', 'купить', 'один', 'автомобиль', 'знак-кавычки']"
1,0,0,0,1,1,1,1,1,1,1,1,0,0,0,1,1,1,1,1,1,1,"['казаться', 'один', 'цитата', 'другой', 'готовый']"
0,0,0,0,0,0,0,0,0,0,0,0,1,0,0,0,0,0,1,0,0,1,"['неизлечимый', 'болезнь', 'первый', 'симптом', 'который', 'проявиться', 'г.', 'больше', 'сила']"
1,1,0,0,1,1,1,1,1,1,1,1,1,0,0,1,1,1,1,1,1,1,"['сожаление', 'упадок', 'русский', 'культура', 'связанный', 'обилие', 'информация', 'медленно', 'духовный', 'опыт', 'человечество', 'знак-кавычки']"
0,0,1,0,0,0,0,0,0,0,0,0,0,0,0,0,0,0,1,0,0,1,"['кредит', 'процент-знак', 'доход', 'гражданин', 'вдвое', 'среднее', 'знак-кавычки']"
0,0,0,0,0,0,0,0,0,0,0,0,0,0,0,0,0,0,1,0,0,1,"['недавний', 'выставка', 'один', 'изготовитель', 'коммерческий', 'булат', 'рассказывать', 'посетитель', 'насколько', 'материал', 'сложный', 'обработка', 'абразивный', 'инструмент', 'знак-кавычки']"
0,1,0,1,0,0,1,0,1,1,1,0,1,0,1,0,1,0,1,0,1,1,"['хотеться', 'другой', 'результат', 'постоянный', 'переделка', 'модуль', 'дизайн', 'изменение', 'настройка', 'оптимизация', 'апгрейд', 'база', 'данные', 'львиный', 'доля', 'время', 'который', 'потратить', 'публикация', 'статья', 'написание']"
0,0,0,1,0,0,0,0,0,0,0,0,0,0,1,0,0,0,1,0,0,1,"['писать', 'явление', 'даниэль', 'бирнбаум', 'последний', 'год', 'художественный', 'стратегия', 'апроприация', 'достигнуть', 'точка', 'напрашиваться', 'вопрос', 'один', 'форма', 'искусство', 'скажем', 'видеоинсталляция', 'другой', 'кино', 'разбирать', 'деталь', 'нужда', 'знак-кавычки']"
0,0,0,0,0,0,0,0,0,0,0,0,1,0,0,0,0,0,1,0,0,1,"['современный', 'автолюбитель', 'хотеть', 'рыбка', 'простить', 'дизайн', 'мотор', 'удобно', 'использовать']"
0,1,0,0,0,0,0,0,0,0,0,0,1,0,0,0,0,0,1,0,0,1,"['милость', 'легко', 'зуб', 'захотеть']"
1,0,0,0,1,0,0,0,0,0,0,1,1,0,0,1,0,1,1,1,0,1,"['хлеб', 'масло', 'хватать', 'каждый', 'день', 'владимирский', 'губерния', 'тонна']"
0,1,0,0,0,0,0,0,0,0,0,0,1,0,0,0,0,0,1,0,0,1,"['деньги', 'позор', 'остаться', 'твердить', 'раневская', 'работа', 'кино', 'знак-кавычки']"
1,1,1,1,1,1,1,1,1,1,1,1,1,1,1,1,1,1,1,1,1,1,"['фолет', 'соретушка', 'камень', 'жар', 'трескаться', 'железо', 'ржавчина']"
1,1,0,0,1,1,1,1,1,1,1,0,1,0,0,0,1,0,1,0,1,1,"['подавлять', 'число', 'книга', 'написать', 'тема', 'самореализация', 'человек', 'перевести', 'иностранный', 'язык', 'результат', 'большой', 'часть', 'смысл', 'перевод', 'далекий', 'понимание', 'суть', 'вопрос', 'знак-кавычки']"
1,1,0,0,1,0,1,0,1,1,0,1,1,0,0,1,1,1,1,1,1,1,"['оказаться', 'определенный', 'точка', 'фишка', 'больше', 'двигаться', 'окружить', 'захватить', 'плен', 'знак-кавычки', 'знак-кавычки']"
1,1,0,1,1,1,1,1,1,1,1,1,1,0,1,1,1,1,1,1,1,1,"['наигранный', 'хамство', 'нередко', 'гармонично', 'вписываться', 'животный', 'желание', 'раздавить', 'слабый', 'знак-кавычки']"
0,0,1,1,0,0,0,0,0,0,0,0,1,1,1,0,0,0,1,0,0,1,"['поездка', 'соревнование', 'львиный', 'доля', 'бюджет', 'комитет', 'физический', 'культура', 'спорт', 'туризм', 'знак-кавычки']"
1,0,1,1,1,1,1,1,1,1,1,1,0,1,1,1,1,1,1,1,1,1,"['достаточно', 'долго', 'работать', 'банкир', 'понимать', 'грань', 'который', 'начать', 'платеж', 'обслуживание', 'внутренний', 'долг']"
1,1,1,1,1,1,1,1,1,1,1,1,1,1,1,1,1,1,1,1,1,1,"['завистливый', 'инна', 'похоже', 'смотреть', 'букашка', 'микроскоп']"
1,1,1,1,1,1,1,1,1,1,1,1,1,1,1,1,1,1,1,1,1,1,"['расходиться', 'сходиться', 'плавать', 'таять', 'голубой', 'свет', 'черный', 'тень', 'сон']"
1,0,1,1,1,1,1,1,0,1,0,1,1,1,1,1,1,1,1,1,0,1,"['обычно', 'требоваться', 'вместе', 'федя', 'один', 'пуд', 'соль', 'признать', 'дружба', 'настоящий', 'жизнь']"
1,0,1,1,1,1,1,1,1,1,1,1,1,1,1,1,1,1,1,1,1,1,"['приносить', 'прибыль', 'часть']"
1,0,1,0,1,1,1,1,1,1,1,1,1,1,0,1,1,1,1,1,1,1,"['требование', 'темп', 'работа', 'москвич', 'иметь', 'объективный', 'причина', 'развитие', 'бизнес', 'петербург', 'выделить', 'определенный', 'материальный', 'ресурс', 'излишний', 'тщательность', 'подход', 'дело', 'неделя', 'обратный', 'сторона', 'прицел', 'подбор', 'персонал', 'обеспечивать', 'попадание', 'яблочко']"
0,0,1,0,0,0,0,0,0,0,0,1,0,1,1,1,0,1,1,1,0,1,"['инвестиционный', 'составлять', 'речь', 'идти', 'прирост', 'ежегодный', 'повышение', 'цена', 'топливо', 'доля', 'затрата', 'соглашаться', 'один', 'крупный', 'генкомпания']"
1,1,0,0,1,1,1,1,1,1,1,1,1,1,0,1,1,1,1,1,1,1,"['приближение', 'весна', 'февраль', 'солнце', 'ветер', 'быстро', 'снег', 'разрушать', 'лед', 'знак-кавычки']"
1,1,1,0,1,1,1,1,1,1,1,1,1,1,0,1,1,1,1,1,1,1,"['касаться', 'ездовой', 'качество', 'машина', 'оказываться', 'высота', 'рассматривать', 'пассажирский', 'подвеска', 'мягкий', 'мелкий', 'неровность']"
0,0,1,1,0,1,1,0,1,1,1,0,1,1,1,0,1,1,1,0,1,1,"['каждый', 'лошадиный', 'двигатель', 'час', 'выпивать', 'грамм', 'солярка', 'закусывать', 'один', 'машинный', 'масло', 'знак-кавычки', 'знак-кавычки', 'знак-кавычки']"
1,0,1,1,1,1,0,1,0,0,0,1,0,1,1,1,0,1,1,1,0,1,"['ужасный', 'полностью', 'постоянно', 'думать', 'объект', 'который', 'хороший']"
1,1,1,1,1,1,1,1,1,1,1,1,1,1,1,1,1,1,1,1,1,1,"['непрочный', 'ствол', 'изнутри', 'гниль', 'хрустнуть', 'обрушиться', 'костер']"
0,0,1,1,0,0,0,0,0,1,1,0,0,1,1,0,1,1,1,1,1,1,"['хорошо', 'известно', 'например', 'сильный', 'свет', 'многочисленный', 'нюанс', 'оттенок', 'цвет', 'делать', 'реальный', 'пейзаж', 'монотонный', 'невыразительный', 'знак-кавычки']"
1,1,1,1,1,1,1,1,1,1,1,1,1,1,1,1,1,1,1,1,1,1,"['регулярный', 'длительный', 'употребление', 'спортивный', 'энергетик', 'существенно', 'повреждать', 'зубной', 'эмаль', 'позволять', 'кислота', 'гладкий', 'покрытие', 'зуб', 'проникать', 'ткань', 'результат', 'размягчаться', 'разрушаться', 'буквально']"
1,0,0,0,1,0,0,0,0,0,0,1,1,0,0,0,0,1,0,1,0,1,"['нынче', 'каждый', 'невеста', 'дом', 'водопровод', 'посмотреть', 'молодой', 'испытать', 'проверить', 'готовый', 'вместе', 'говориться', 'один', 'пуд', 'соль', 'интересно', 'знак-кавычки']"
0,0,0,1,0,0,0,0,0,0,0,0,0,0,1,0,0,0,1,0,0,1,"['правда', 'ровно', 'повышение', 'цена', 'жизнеобеспечение']"
1,0,1,0,1,1,1,1,1,1,1,1,0,1,1,1,1,1,1,1,1,1,"['главный', 'статья', 'расход', 'оставаться', 'затрата', 'корм', 'год', 'миллиард', 'доллар', 'семейный', 'бюджет', 'американец', 'знак-кавычки']"
1,0,1,1,1,1,1,1,1,1,1,1,0,1,1,1,1,1,1,1,1,1,"['сентябрь', 'канун', 'день', 'рождение', 'позвонить', 'девушка', 'предложить', 'познакомиться', 'один', 'общаться', 'думать', 'разводить', 'придтись', 'растаться', 'незнакомка', 'любопытство', 'изнутри', 'решить', 'узнать', 'номер', 'сказать', 'объявление', 'интересный', 'писать', 'никакой', 'проблема', 'знакомство', 'знакомиться', 'одинаково', 'подбирать', 'место', 'встречь', 'делать', 'некоторый', 'сюрприз', 'первый', 'знакомство', 'встретиться', 'банально', 'купить', 'роза', 'признаваться', 'цветок', 'жизнь', 'дарить', 'класс', 'жить', 'км', 'находить', 'время', 'ездить', 'устраивать', 'всякий', 'спешить', 'пожар', 'терлить', 'ложь', 'дело', 'приятно', 'провести', 'вечер', 'готовиться', 'сон', 'увидеть', 'просто', 'находиться', 'рядом', 'парень', 'смс', 'говорить', 'смотреть', 'любимый', 'человек', 'серьезный', 'разговор', 'обещать', 'произойти', 'второй', 'потерять']"
0,1,0,1,0,0,1,0,0,1,1,0,0,1,0,0,1,0,1,0,1,1,"['пресса', 'столица', 'собака', 'антрепризный', 'халтура', 'признать', 'постановка', 'удачный', 'компромисс', 'репертуарный', 'коммерческий', 'театр', 'счесть', 'достойный', 'основательный', 'анализ', 'профессиональный', 'отзыв', 'спектакль', 'ознакомиться', 'сайт']"
0,0,1,1,0,1,1,1,1,1,1,1,0,1,1,1,1,1,1,1,1,1,"['лола', 'тысяча', 'километр', 'везти', 'больший', 'часть', 'прибыль']"
1,0,1,1,1,1,0,1,0,1,0,1,0,1,1,1,0,1,1,1,0,1,"['регламент', 'начало', 'перерыв', 'обед', 'депутат', 'должный', 'успеть', 'докладчик', 'знак-кавычки']"
0,1,0,0,0,0,0,0,0,0,0,0,1,0,1,0,0,0,1,0,0,1,"['индивидум', 'наконец', 'получить', 'больший', 'часть', 'постоянно', 'говорить', 'политический', 'власть', 'вступить', 'партия', 'подсидеть', 'другой', 'слово', 'образ', 'устранить', 'вышестоящий', 'сотрудник', 'занять', 'кресло', 'знак-кавычки', 'знак-кавычки']"
1,1,1,1,1,1,1,1,1,1,1,1,1,1,1,1,1,1,1,1,1,1,"['кружка', 'время', 'порог', 'час', 'знак-кавычки', 'знак-кавычки']"
1,0,1,1,1,1,1,1,1,1,1,1,0,1,1,1,1,1,1,1,1,1,"['россия', 'четверть', 'европейский', 'экспорт', 'масло']"
0,0,1,1,0,0,1,0,1,1,1,0,1,1,1,0,1,1,1,0,1,1,"['любитель', 'активный', 'отдых', 'учеба', 'энергия', 'время', 'хороший']"
1,1,0,0,1,1,1,1,1,1,1,1,1,0,0,1,1,1,1,1,1,1,"['комментарий', 'пугать', 'дистрибутив', 'весить', 'установленный', 'клиент', 'работа', 'мб', 'оперативный', 'память', 'понравиться']"
1,0,1,1,1,1,1,1,1,1,1,1,0,1,1,1,1,1,1,1,1,1,"['проект', 'эшколить', 'актуальный', 'израильский', 'еврейский', 'культура', 'россия', 'рад', 'пригласить', 'второй', 'литературный', 'кулинарный', 'перформанс', 'цикл', 'писатель', 'знак-кавычки', 'знак-кавычки']"
1,1,1,1,1,1,1,1,1,1,1,1,1,1,1,1,1,1,1,1,1,1,"['основной', 'вопрос', 'отчитаться', 'деньги']"
0,0,1,1,0,0,1,0,1,1,1,1,1,1,1,1,1,1,1,1,1,1,"['компульсивный', 'процесс', 'защищать', 'оказывать', 'сказать', 'добрый', 'услуга', 'дорога', 'куча', 'время', 'привести', 'развал', 'лучший', 'часть', 'жизнь']"
0,1,0,0,0,0,0,0,0,0,0,0,1,0,0,0,0,0,1,0,0,1,"['полный', 'окончательный', 'разворот', 'логика', 'мышление', 'должный', 'гегель', 'самый', 'знак-кавычки', 'знак-кавычки']"
1,0,0,1,1,1,1,1,1,1,1,1,0,0,0,1,1,1,1,1,1,1,"['ум', 'человек', 'самый', 'жалкий', 'зрелище', 'противопоставлять', 'эмоционировать', 'псих', 'контроль', 'рефлексия', 'удерж', 'говориться', 'представляться', 'жить', 'сердце', 'выписывать', 'большой', 'аванс', 'знак-кавычки']"
0,1,0,0,0,0,0,0,0,0,0,0,0,0,0,0,1,0,1,0,0,1,"['конформизм', 'математика', 'норма', 'бескомпромиссный', 'перельман', 'дожить', 'доказательство', 'административный', 'научный', 'система', 'возмущаться', 'остро', 'знак-кавычки', 'знак-кавычки']"
0,0,0,0,0,0,1,0,1,1,0,0,0,0,0,0,1,0,1,0,1,1,"['который', 'царь', 'хотеть', 'пушкин']"
0,0,1,1,0,0,1,0,1,1,0,0,0,0,1,0,1,0,1,0,1,1,"['метод', 'обогрев', 'кислород', 'создавать', 'пыль', 'вибрация', 'запах', 'электромагнитный', 'излучение']"
1,1,1,1,1,1,1,1,1,1,1,1,1,1,1,1,1,1,1,1,1,1,"['старина', 'говорить', 'узнать', 'человек', 'пуд', 'соль']"
1,1,1,1,1,1,1,1,1,1,1,1,1,1,1,1,1,1,1,1,1,1,"['доведение', 'конец', 'ненужный', 'неудачный', 'проект', 'обычно', 'деньги', 'сопровождаться', 'скандал', 'увольнение']"
1,1,0,1,1,1,1,1,1,1,1,1,1,0,1,1,1,1,1,1,1,1,"['примерно', 'кбайт', 'память', 'функциональность', 'полезность', 'стоить']"
1,1,1,0,1,1,1,1,1,1,1,1,1,1,1,1,1,1,1,1,1,1,"['конкурент', 'суметь', 'эффективно', 'работать', 'территория', 'знак-кавычки']"
0,0,0,1,0,0,1,0,1,0,0,0,0,0,1,0,1,0,1,0,1,1,"['самый', 'бюрократия', 'который', 'сила', 'дать', 'повод', 'раздор']"
1,1,0,0,1,1,1,1,1,1,1,1,1,0,0,1,1,1,1,1,1,1,"['компенсационный', 'выплата', 'значительный', 'часть', 'фонд', 'оплата', 'труд', 'констатировать', 'директор', 'школа']"
0,0,0,1,0,0,0,0,0,0,0,0,0,0,1,0,0,0,1,0,0,1,"['чудо', 'тайна', 'бесплодный', 'интеллектуальный', 'жесткость']"
1,0,0,1,1,1,1,1,1,1,1,1,1,0,1,1,1,1,1,1,1,1,"['уродливый', 'быт', 'драгоценный', 'человеческий', 'жизнь']"
0,0,1,1,0,0,0,0,0,0,0,0,0,0,1,0,0,0,1,0,0,1,"['просто', 'коллега', 'невозможно', 'нормально', 'работать', 'знак-кавычки']"
1,1,0,1,1,1,1,1,1,1,1,1,1,0,1,1,1,1,1,1,1,1,"['лепта', 'вносить', 'инфляция', 'доход', 'продолжаться', 'рост', 'стоимость', 'жилье', 'знак-кавычки']"
1,1,0,1,1,1,1,1,1,1,1,1,0,0,1,1,1,1,1,1,1,1,"['штанга', 'конструкция', 'облегчать', 'распашной', 'дверь', 'сплошной', 'дсп', 'взгляд', 'эффект']"
1,1,1,1,1,1,1,1,1,1,1,1,1,1,1,1,1,1,1,1,1,1,"['никакой', 'объединение', 'производитель', 'каждый', 'стараться', 'другой', 'уйти', 'рынок', 'положить', 'рука', 'плечо', 'хотеть']"
1,0,1,1,1,1,1,1,1,1,1,1,0,1,1,1,1,1,1,1,1,1,"['железо', 'ржавчина']"
1,0,0,1,1,1,1,1,1,1,1,1,0,1,1,1,1,1,1,1,1,1,"['вместе', 'березовый', 'роща', 'осинник', 'расползтись', 'серый', 'громада', 'микрорайон']"
0,0,1,1,0,0,1,0,1,1,1,0,0,0,1,0,1,0,1,0,1,1,"['лондонский', 'биржа', 'торонтский', 'ехидный', 'эксперт', 'спрашивать', 'поглотить', 'англичанин']"
1,1,0,1,1,1,1,1,1,1,1,0,1,0,0,0,1,0,1,0,1,1,"['понравиться', 'концовка', 'глуповатый', 'конец', 'свет', 'милый', 'игруль', 'нелегкий', 'интересный']"
0,0,0,1,0,0,1,0,1,1,1,0,0,0,0,0,1,0,1,0,1,1,"['оказаться', 'москва', 'неделя', 'порядок', 'тонна', 'устрица']"
1,1,1,1,1,1,1,1,1,1,1,1,1,1,1,1,1,1,1,1,1,1,"['прожорливый', 'автоинформатор', 'больше', 'средство', 'мобильный', 'телефон']"
0,1,1,0,0,0,0,0,0,0,0,0,1,0,0,0,0,0,1,0,0,1,"['вполне', 'иметь', 'право', 'жизнь', 'ряд', 'недостаток', 'место', 'рюкзак', 'костер', 'располагаться', 'пламень', 'уходить', 'мимо']"
1,1,0,1,1,1,1,1,1,1,1,1,1,0,1,1,1,1,1,1,1,1,"['полный', 'беспомощность', 'наблюдать', 'листок', 'лист', 'капуста', 'налоговый', 'выплата', 'фонд', 'предприятие', 'словно']"
1,1,1,1,1,1,1,1,1,1,1,1,1,1,1,1,1,1,1,1,1,1,"['основный', 'причина', 'большой', 'процент', 'инфляция', 'который', 'россия', 'банкир', 'говорить', 'операционный', 'расход', 'оформление', 'кредит', 'знак-кавычки']"
0,1,0,1,0,0,0,0,0,0,0,0,1,0,1,0,0,0,1,0,0,1,"['часто', 'преследователь', 'фаворит', 'давать', 'повторить', 'успех', 'знак-кавычки']"
0,1,1,1,0,0,1,0,1,1,1,0,1,1,1,0,1,0,1,0,1,1,"['сантиметр', 'высота', 'знак-кавычки']"
0,0,1,1,0,0,1,0,0,1,1,0,0,1,1,0,0,0,1,0,1,1,"['один', 'приоритет', 'версия', 'должный', 'стать', 'производительность', 'браузер', 'разработчик', 'говорить', 'быстро', 'запускаться', 'память', 'устойчивый', 'работа', 'различный', 'вид', 'интернет', 'контент']"
1,1,0,1,1,1,1,1,1,1,1,1,1,0,1,1,1,1,1,1,1,1,"['собственный', 'точка', 'продажа', 'становиться', 'операционный', 'затрата', 'поддержание', 'работа', 'сеть', 'начинать', 'львиный', 'доля', 'доход']"
0,1,0,0,0,0,0,0,0,0,0,0,1,0,0,0,0,0,1,0,0,1,"['героиня', 'реклама', 'оперативный', 'управление', 'незначительный', 'часть', 'расход']"
0,0,1,1,0,0,1,0,1,1,1,0,0,1,1,0,1,0,1,0,1,1,"['далее', 'торговля', 'становиться', 'убыточный', 'доход', 'аренда', 'зарплата', 'сотрудник']"
0,0,0,1,0,0,0,0,0,0,0,0,0,0,0,0,0,0,1,0,0,1,"['работа', 'семейный', 'дело', 'куча', 'время', 'оставаться', 'тратить', 'написание', 'публикация', 'заметка']"
0,1,0,0,1,0,0,0,0,1,1,0,1,0,0,0,0,0,1,0,0,1,"['сладкий', 'приготовить', 'один', 'самый', 'известный', 'картина', 'классика', 'немецкий', 'кинематограф', 'райнер', 'вернер', 'фассбиндер', 'страх', 'душа', 'приз', 'фипресси', 'мкф', 'канна', 'знак-кавычки']"
0,0,0,1,0,0,0,0,0,0,0,0,0,0,1,0,0,0,1,0,0,1,"['реструктурировать', 'задолженность', 'позволить', 'зарплата', 'просто', 'сократиться', 'выплата', 'ипотека', 'большой', 'часть', 'совокупный', 'доход', 'семья', 'знак-кавычки']"
0,1,0,0,0,0,0,0,0,0,0,0,1,0,0,0,0,0,1,0,0,1,"['усталость', 'время', 'отрывок', 'жизнь', 'знак-кавычки']"
0,0,0,1,0,0,0,0,0,0,0,0,0,0,0,0,0,0,1,0,0,1,"['день', 'заранее', 'душа', 'уныние', 'знак-кавычки']"
0,0,0,0,0,0,0,0,0,0,0,0,0,0,0,0,0,0,1,0,0,1,"['нередко', 'вопрос', 'останавливать', 'предпринимательский', 'инициатива', 'человек', 'наслушаться', 'жалоба', 'знакомый', 'бизнесмен', 'тяжесть', 'налоговый', 'бремя', 'прибыль', 'налог']"
0,0,0,0,0,0,0,0,0,0,0,0,1,0,0,0,0,0,1,0,0,1,"['прибыль', 'итог', 'процесс', 'ликвидация', 'мощность']"
0,1,0,0,0,0,0,0,0,0,0,0,1,0,0,0,0,0,1,0,0,1,"['хорошо', 'узнать', 'человек', 'обязательно', 'пуд', 'соль', 'насолить']"
0,1,0,0,0,0,0,0,0,0,0,0,1,0,0,0,0,0,1,0,0,1,"['интернет', 'постепенно', 'мозг', 'начинать', 'быстро', 'находить', 'решение', 'разучиваться', 'проявлять', 'эмоция']"
0,0,0,0,0,0,1,0,1,1,0,0,0,0,0,0,1,0,1,0,1,1,"['узнать', 'человек', 'обязательно', 'пуд', 'соль', 'достаточно', 'насолить']"
0,1,0,0,0,0,0,0,0,0,0,0,1,0,0,0,0,0,1,0,0,1,"['плесень', 'стафилококк', 'кожа', 'заживо']"
0,1,0,0,0,0,0,0,0,0,0,0,1,0,0,0,0,0,1,0,0,1,"['новый', 'направление', 'постепенно', 'прибыль', 'старый', 'знак-кавычки']"
0,0,0,1,0,0,1,0,0,1,1,0,0,1,1,0,1,0,1,0,1,1,"['любить', 'дожить', 'девчонка', 'пуд', 'соль', 'знак-кавычки']"
0,0,0,1,0,0,0,0,0,0,0,0,0,0,0,0,0,0,1,0,0,1,"['бот', 'серверный', 'лог', 'отдых', 'собираться', 'пора', 'действительно', 'писать', 'ита', 'сайт', 'день', 'куча', 'страница', 'знак-кавычки']"
0,1,0,0,0,0,0,0,0,0,0,0,1,0,0,0,0,0,1,0,0,1,"['создатель', 'новый', 'анимационный', 'фильм', 'семья', 'сталь', 'рисковать', 'игра', 'приурочить', 'аккурат', 'выход', 'картина', 'разрабатывать', 'человек', 'собака', 'качественный', 'экшены', 'знак-кавычки']"
0,1,0,1,0,0,0,0,0,0,0,0,1,0,0,0,0,0,1,0,0,1,"['покой', 'чувствовать', 'собственный', 'жизнь', 'мед', 'который', 'отдавать', 'пространство', 'обирать', 'пыль', 'лучший', 'цвет', 'ров', 'самый', 'цветок', 'топтать', 'корень']"
1,0,0,0,1,1,1,1,1,1,1,1,1,0,0,1,1,1,1,1,1,1,"['медленный', 'канал', 'модем', 'различие', 'скорость', 'полный', 'отсутствие', 'ограничение', 'сервер', 'знак-кавычки']"
0,0,0,0,0,0,1,0,1,0,0,0,0,0,0,0,1,0,1,0,0,1,"['стабильно', 'приносить', 'достаточно', 'деньги', 'минимум', 'время', 'нерв', 'расти', 'прибыль', 'желательно', 'бизнес', 'доставлять', 'удовольствие', 'давать', 'повод', 'гордиться']"
0,1,0,0,0,0,0,0,0,0,0,0,1,0,0,0,0,0,1,0,0,1,"['деньги', 'перестройщик', 'искусственный', 'девальвация', 'деноминация', 'инфляция', 'ммм', 'траст']"
0,1,1,1,0,0,0,0,0,0,0,0,0,1,1,0,0,0,1,0,0,1,"['хозяйство', 'держать', 'большой', 'налог', 'знак-кавычки']"
0,0,0,0,0,0,1,0,1,0,0,0,0,0,0,0,1,0,1,0,1,1,"['издержки', 'чистый', 'вид', 'прибыль']"
0,0,0,0,0,0,1,0,0,0,0,0,1,0,0,0,0,0,1,0,0,1,"['люк', 'пространство', 'голова', 'знак-кавычки']"
0,1,0,0,0,0,0,0,0,0,0,0,0,0,0,0,0,0,1,0,0,1,"['озадачиться', 'вопрос', 'место', 'винт', 'старый', 'ядро', 'знак-кавычки']"
1,1,0,0,1,1,0,1,1,0,0,1,1,0,0,1,0,0,0,0,0,1,"['молодой', 'самонадеянный', 'казаться', 'сказать', 'желание', 'выразить', 'знак-кавычки']"
0,0,0,0,0,0,0,0,0,0,0,0,0,0,0,0,0,0,1,0,0,1,"['звук', 'думать', 'тоска']"
0,0,0,0,0,0,0,0,0,0,0,0,0,0,0,0,0,0,1,0,0,1,"['предполагаться', 'ненасытный', 'черный', 'дыра', 'деньги', 'население', 'бюджет', 'наконец', 'превратиться', 'привлекательный', 'среда', 'развитие', 'малый', 'средний', 'бизнес', 'знак-кавычки']"
0,0,1,1,0,0,0,0,0,0,0,0,1,1,1,0,0,0,1,0,0,1,"['негативный', 'чувство', 'который', 'человек', 'день', 'конфликт', 'нестабильность', 'тревога', 'стресс', 'беспокойство', 'душа', 'тело', 'знак-кавычки']"
0,0,0,1,0,0,0,0,0,0,0,0,1,0,1,0,0,0,1,0,0,1,"['телефонный', 'будка', 'говорить', 'служба', 'последний', 'монета', 'знак-кавычки']"
0,0,0,0,0,0,0,0,0,0,0,0,1,0,0,0,0,0,1,0,0,1,"['необходимый', 'операция', 'замещение', 'рак', 'кость', 'онкологический', 'эндопротез']"
0,0,0,0,0,0,0,0,0,0,0,0,0,0,0,0,0,0,1,0,0,1,"['понять', 'огромный', 'количество', 'внешний', 'внутренний', 'жизнь']"
0,1,0,0,0,0,0,0,0,0,0,0,1,0,0,0,0,0,1,0,0,1,"['время', 'работа', 'задерживаться', 'пора', 'выходной', 'работать']"
0,1,0,0,0,0,0,0,0,0,0,0,1,0,0,0,0,0,1,0,0,1,"['стена', 'общий', 'коридор', 'грибок', 'советовать', 'очистить', 'кирпич', 'оклейка', 'обои', 'обработать', 'антигрбиков', 'раствор', 'погрунтовать', 'после', 'клеить', 'знак-кавычки']"
0,1,0,1,0,0,0,0,0,0,0,0,1,0,1,0,0,0,1,0,0,1,"['очередной', 'порция', 'работа', 'остановиться', 'отдышаться']"
1,1,0,0,1,0,0,0,0,0,0,0,1,0,0,0,0,0,1,0,0,1,"['жить', 'городской', 'суета', 'день', 'твой', 'укорачивать', 'век']"
0,0,0,0,0,0,0,0,0,0,0,0,1,0,0,0,0,0,1,0,0,1,"['инфляция', 'каждый', 'год', 'накопление', 'знак-кавычки']"
0,0,0,0,0,0,1,0,1,1,1,0,1,0,0,0,1,0,1,0,1,1,"['сегодня', 'коммунальный', 'платеж', 'процент-знак', 'мизерный', 'доход', 'знак-кавычки']"
0,0,0,0,0,0,0,0,0,0,0,0,1,0,0,0,0,0,1,0,0,1,"['современный', 'условие', 'российский', 'рынок', 'недвижимость', 'рост', 'цена', 'жилье', 'инфляция', 'иметься', 'гражданин', 'сбережение', 'покупка', 'квартира', 'большинство', 'представляться', 'сложный', 'задача']"
0,0,0,1,0,0,0,0,0,0,0,0,0,0,0,0,0,0,1,0,0,1,"['удаться', 'решить', 'земельный', 'вопрос', 'располагать', 'самый', 'радужный', 'арифметика', 'построить', 'комплекс', 'средство', 'оплата', 'коммунальный', 'платеж', 'налог', 'пользоваться', 'особый', 'спрос', 'предприниматель', 'знак-кавычки']"
0,0,0,0,0,0,0,0,0,0,0,0,0,0,0,0,0,0,1,0,0,1,"['встречный', 'дрейф', 'ежедневно', 'несколько', 'миля', 'труд', 'отвоевать', 'ледовитый', 'океан', 'знак-кавычки']"
0,0,0,0,0,0,0,0,0,0,0,0,0,0,0,0,0,0,1,0,0,1,"['полет', 'долина', 'гейзер', 'среднее', 'обходиться', 'тысяча', 'рубль', 'львиный', 'доля', 'сумма', 'транспортный', 'расход']"
0,0,0,0,0,0,0,0,0,0,0,0,0,0,0,0,0,0,1,0,0,1,"['миф', 'самый', 'дело', 'современный', 'звукоизоляционный', 'материал', 'позволять', 'сохранить', 'площадь', 'помещение', 'см', 'знак-кавычки']"
0,0,0,0,0,0,0,0,0,0,0,0,0,0,0,0,0,0,1,0,0,1,"['например', 'большинство', 'интерактивный', 'решение', 'строиться', 'создание', 'дорогой', 'трафик', 'лишенный', 'контент', 'анимационный', 'сайт']"
0,0,0,0,0,0,0,0,0,0,0,0,0,0,0,0,0,0,1,0,0,1,"['льгота', 'заменить', 'называть', 'компенсация', 'который', 'инфляция', 'знак-кавычки']"
0,0,0,0,0,0,0,0,0,0,0,0,0,0,0,0,0,0,1,0,0,1,"['последний', 'время', 'количество', 'качество', 'знак-кавычки']"
0,0,0,0,0,0,0,0,0,0,0,0,0,0,0,0,0,0,1,0,0,1,"['работник', 'правило', 'затравливать', 'выживать']"
0,0,0,0,0,0,0,0,0,0,0,0,0,0,0,0,0,0,0,0,0,1,"['машина', 'нормальный', 'угол', 'установка', 'колесо', 'проверить', 'диагностический', 'стенд', 'передний', 'шина', 'край', 'значит', 'владелец', 'предпочитать', 'активный', 'манера', 'вождение', 'знак-кавычки']"
0,0,0,0,0,0,0,0,0,0,0,0,1,0,0,0,0,0,1,0,0,1,"['средство', 'стабилизационный', 'фонд', 'бюджетный', 'профицит', 'использоваться', 'лежать', 'центральный', 'банк', 'рублевый', 'счет', 'министерство', 'финансы', 'всякий', 'польза', 'начисляться', 'процент-знак', 'доход', 'который', 'избыток', 'инфляция']"
0,0,0,0,0,0,0,0,0,0,0,0,0,0,0,0,0,0,1,0,0,1,"['безрадостно', 'видеть', 'горе']"
0,0,0,0,0,0,0,0,0,0,0,0,0,0,0,0,0,0,1,0,0,1,"['согласиться', 'маша', 'саша', 'англ', 'получиться', 'написать', 'комп', 'виноватый', 'трудно', 'ждать', 'продолжение', 'нетерпение', 'знак-кавычки', 'знак-кавычки']"
0,0,0,0,0,0,1,0,1,0,0,0,0,0,0,0,1,0,1,0,0,1,"['случаться', 'прожить', 'брак', 'время', 'супруга', 'остывать', 'друг', 'чувство', 'притупляться', 'быт']"
0,0,0,1,0,0,0,0,0,0,0,0,0,0,1,0,0,0,1,0,0,1,"['жалованье', 'текущий', 'квартал', 'задолжать', 'карта', 'трактир', 'портной']"
0,1,0,0,0,0,0,0,0,0,0,0,1,0,0,0,0,0,1,0,0,1,"['учесть', 'месяц', 'выращивание', 'помет', 'расход', 'корм', 'витамин', 'вакцинация', 'стоимость', 'один', 'щенок']"
0,0,0,0,0,0,0,0,0,0,0,0,0,0,0,0,0,0,1,0,0,1,"['последний', 'время', 'придтись', 'посидеть', 'постный', 'харчи', 'подготовка', 'защита', 'любой', 'возможность', 'заработать', 'целое', 'нормально']"
0,0,0,0,0,0,0,0,0,0,0,0,0,0,0,0,0,0,1,0,0,1,"['нередко', 'свободный', 'время']"
0,0,0,0,0,0,0,0,0,0,0,0,0,0,0,0,0,0,1,0,0,1,"['допустить', 'утрата', 'конкурентный', 'преимущество', 'акула', 'один', 'проблема', 'постоянно', 'присутствовать', 'большинство', 'предприятие', 'знак-кавычки']"
0,0,0,0,0,0,0,0,0,0,0,0,0,0,0,0,0,0,0,0,0,1,"['мероприятие', 'ориентировать', 'результат', 'процент-знак', 'бюджет', 'знак-кавычки']"
0,0,0,1,0,0,0,0,0,0,0,0,0,0,0,0,0,0,1,0,0,1,"['трасса', 'передний', 'привод', 'литр', 'каждый', 'сотня', 'тратиться', 'городской', 'цикл', 'знак-кавычки']"
0,0,0,1,0,0,0,0,0,0,0,0,0,0,0,0,0,0,0,0,0,1,"['пара', 'год', 'назад', 'стоять', 'биржа', 'труд', 'получать', 'копейка', 'пособие', 'ежедневно', 'распиливать', 'престарелый', 'родитель', 'который', 'стать', 'поздний', 'долгожданный', 'радость']"
0,0,0,1,0,0,0,0,0,0,0,0,0,0,1,0,0,0,1,0,0,1,"['семейный', 'бюджет', 'позволять', 'увеличить', 'ежемесячный', 'выплата', 'кредит', 'обратить', 'внимание', 'предусмотреть', 'комиссия', 'досрочный', 'погашение', 'выгода', 'заранее', 'провести', 'платеж', 'знак-кавычки']"
0,0,0,1,0,0,0,0,0,0,0,0,0,0,0,0,0,0,1,0,0,1,"['вполне', 'уместный', 'корректный', 'понятный', 'технический', 'аналогия', 'один', 'автомобиль', 'л', 'бензин', 'км', 'путь', 'другой', 'условие', 'знак-кавычки']"
1,1,0,1,1,1,1,1,1,1,1,1,1,0,1,1,1,1,1,1,1,1,"['время', 'который', 'тратиться', 'переход', 'выпуск', 'один', 'партия', 'продукция', 'другой', 'переключение', 'проект', 'процент-знак', 'производственный', 'период']"
1,1,0,0,1,0,1,0,1,1,1,1,1,0,0,1,1,0,0,0,1,1,"['далее', 'карта', 'заниматься', 'банк', 'который', 'день', 'должный', 'предоставить', 'новый', 'карточка', 'знак-кавычки']"
1,1,1,0,1,1,1,1,1,1,1,1,0,0,0,1,1,1,0,1,1,1,"['неумолимый', 'эрозия', 'потихоньку', 'пирамида', 'египет', 'песчинка', 'унести', 'небытие', 'мягкий', 'порода', 'обнажить', 'столб', 'базальт', 'сформироваться', 'жерло', 'древний', 'вулкан']"
1,1,0,0,1,1,1,1,1,1,1,1,1,0,0,1,1,1,0,1,1,1,"['помнить', 'говорить', 'земля', 'красить', 'цветок', 'человек', 'знание', 'завидовать', 'зависть', 'знак-кавычки', 'знак-кавычки']"
1,1,1,1,1,1,1,1,1,1,1,1,1,1,1,1,1,1,0,1,1,1,"['предлагать', 'возможный', 'ужастик', 'северный', 'кавказ', 'львиный', 'доля', 'российский', 'бюджет', 'знак-кавычки']"
0,1,0,1,1,0,0,0,0,1,0,1,0,1,1,1,0,1,0,1,0,1,"['дело', 'установка', 'пластиковый', 'панель', 'часто', 'пространство', 'помещение', 'знак-кавычки']"
1,1,0,0,1,1,1,1,1,1,1,1,1,0,0,1,1,1,0,1,1,1,"['добавить', 'отображать', 'счетчик', 'трафик']"
1,1,1,1,1,1,1,1,1,1,1,1,1,1,1,1,1,1,1,1,1,1,"['инвестированный', 'капитал', 'мгновенье', 'око']"
1,0,1,1,1,1,1,1,1,1,1,1,1,1,1,1,1,1,0,1,1,1,"['прятаться', 'специальный', 'емкость', 'закрепить', 'обратный', 'сторона', 'крышка', 'багажник', 'практически', 'полезный', 'объем', 'знак-кавычки']"
1,1,1,1,1,1,1,1,1,1,1,1,0,1,1,1,1,1,0,1,1,1,"['основной', 'преимущество', 'функциональность', 'невидимый', 'пространство', 'знак-кавычки']"
1,0,1,1,1,1,1,1,1,1,1,1,1,1,1,1,1,1,0,1,1,1,"['новый', 'необходимый', 'ресурс', 'внутренний', 'страх', 'внутри', 'способный', 'потенциал']"
1,0,1,1,1,1,1,1,1,1,1,1,0,0,1,1,1,1,0,1,1,1,"['закупка', 'подарок', 'еда', 'украшение', 'начисто', 'денежный', 'запас', 'самый', 'большой', 'трата', 'оказаться', 'бессмысленный', 'магазин', 'подкладывать', 'залежалый', 'товар', 'просрочить', 'срок', 'годность']"
1,1,1,0,1,1,1,1,1,1,1,1,1,1,0,1,1,1,0,1,1,1,"['практически', 'время', 'оформление', 'официальный', 'бумага', 'организационный', 'вопрос', 'прочее']"
1,0,1,1,1,1,1,1,1,1,1,1,0,1,1,1,1,1,0,1,1,1,"['создание', 'новый', 'верфь', 'специально', 'авианосец', 'занять', 'минимум', 'год', 'львиный', 'доля', 'бюджет', 'проект', 'знак-кавычки', 'знак-кавычки']"
0,0,0,1,0,0,1,0,1,1,1,0,0,1,1,0,1,0,0,0,1,1,"['организм', 'входить', 'состояние', 'кетоз', 'расщеплять', 'мышечный', 'ткань', 'энергетический', 'потребность', 'труд', 'достигнуть', 'знак-кавычки']"
1,1,1,1,1,1,1,1,1,1,1,1,1,1,1,1,1,1,0,1,1,1,"['балансировать', 'светофильтр', 'серия', 'понижать', 'цветовой', 'температура', 'нежелательный', 'холодный', 'синеватый', 'оттенок', 'появляться', 'завысить', 'освещение', 'который', 'вестись', 'съемка', 'знак-кавычки']"
1,1,0,1,1,1,1,1,1,1,1,1,0,1,1,1,1,1,0,1,1,1,"['правда', 'мнение', 'александр', 'ульянов', 'петербуржец', 'особо', 'откладывать', 'процент-знак', 'зарплата', 'питание', 'оплата', 'коммунальный', 'услуга', 'покупка', 'одежда', 'знак-кавычки']"
1,0,1,1,1,1,1,1,1,1,1,1,0,1,1,1,1,1,0,1,1,1,"['хардтейл', 'довольно', 'резвый', 'старт', 'сидя', 'просаживаться', 'часть', 'энергия']"
1,0,1,1,1,1,1,1,1,1,1,1,0,1,1,1,1,1,0,1,1,1,"['коллега', 'жить', 'одинаковый', 'оклад', 'оставаться', 'разный', 'ступенька', 'съемный', 'квартира', 'семья', 'холостой', 'значительный', 'часть', 'сбережение', 'содержание', 'породистый', 'кот', 'аллергия', 'знак-кавычки']"
1,1,0,1,1,1,1,1,1,1,1,1,1,0,1,1,1,1,0,1,1,1,"['праздник', 'стадо', 'белый', 'слоник', 'захватывать', 'пространство', 'квартира', 'безжалостно', 'полезный', 'площадь', 'заставлять', 'хозяин', 'изобретать', 'новый', 'система', 'хранение']"
0,0,1,1,0,1,1,1,1,1,1,1,1,1,1,1,1,1,0,1,1,1,"['собака', 'довестись', 'хороший', 'смысл', 'слово', 'экспериментировать', 'комбинация', 'лампа', 'транзистор', 'биполярный', 'полевой', 'наверно', 'один', 'страдать']"
1,0,1,0,1,1,1,1,1,1,1,1,0,1,1,1,1,1,0,1,1,1,"['неподвижность', 'твой', 'энергия', 'любой', 'активность', 'заряжать']"
1,0,1,0,1,1,1,1,1,1,1,1,0,0,0,1,1,1,0,1,1,1,"['признание', 'девелопер', 'расход', 'подключение', 'центральный', 'коммуникация', 'электросеть', 'газопровод', 'канализация', 'часто', 'половина', 'стоимость', 'проект', 'знак-кавычки']"
0,0,0,1,0,0,1,0,1,1,1,1,0,1,1,1,1,1,0,1,1,1,"['самый', 'больший', 'часть', 'сумма', 'необходимый', 'путешествие', 'бали', 'авиаперелет']"
1,0,0,0,1,1,0,1,0,0,0,0,0,0,0,0,1,0,0,0,0,1,"['бюджетник', 'прекратиться', 'индексация', 'инфляция', 'доход', 'увеличение', 'произойти', 'замечать', 'зубаревич', 'знак-кавычки', 'знак-кавычки']"
1,0,1,0,1,1,0,1,0,1,0,1,0,1,0,1,0,1,0,1,0,1,"['одновременно', 'открыто', 'десяток', 'вкладка', 'веб', 'приложение', 'крутиться', 'видеоролик', 'анимация', 'потоковый', 'аудио', 'вычислительный', 'ресурс', 'компьютер', 'начать', 'безбожно', 'тормозить']"
0,0,1,0,0,0,0,0,0,0,0,0,1,0,0,0,0,0,0,0,0,1,"['гарантия', 'жалоба', 'пролежать', 'суд', 'довольно', 'долго', 'стать', 'ценный', 'день', 'отвести', 'обжалование', 'знак-кавычки']"
1,0,0,1,1,1,1,1,1,1,1,0,0,0,1,0,1,0,0,0,1,1,"['существенный', 'доля', 'финансирование', 'огромный', 'объем', 'снос']"
0,0,1,0,0,0,0,0,0,0,0,0,0,1,0,0,0,0,0,0,0,1,"['приспособление', 'получиться', 'надежный', 'легковой', 'автомобиль', 'уключина', 'личинка', 'домкрат', 'короб', 'жигули', 'быстро', 'коррозия', 'знак-кавычки']"
0,0,0,0,0,0,0,0,0,0,0,0,0,0,0,0,0,0,0,0,0,1,"['поиск', 'совет', 'выбор', 'наиболее', 'стабильный', 'ответственный', 'контора', 'естественно', 'хорошо', 'обратиться', 'игрок', 'собака', 'ставка', 'спорт', 'знак-кавычки']"
0,0,1,0,0,0,0,0,0,0,0,0,0,0,0,0,0,0,0,0,0,1,"['следовать', 'отметить', 'актуально', 'ветхий', 'жилье', 'достаточно', 'новый', 'здание', 'квт', 'кв', 'м', 'знак-кавычки', 'знак-кавычки']"
1,0,1,0,1,1,1,1,1,1,1,1,1,0,0,1,1,1,0,1,1,1,"['экземпляр', 'младший', 'уровень', 'передний', 'задний', 'подвеска', 'вполне', 'способный', 'часть', 'усилие', 'ездок', 'нажатие', 'педаль', 'работа', 'амортизатор']"
1,0,0,0,1,1,1,1,1,1,1,1,1,0,0,1,1,1,0,1,1,1,"['приводить', 'например', 'выполнение', 'команда', 'каталог', 'миллион', 'файл', 'внутри', 'гигабайт', 'озу']"
0,0,0,0,0,0,0,0,0,0,0,0,0,0,0,0,0,0,0,0,0,1,"['решать', 'первый', 'проблема', 'модернизация', 'жкх', 'капитальный', 'ремонт', 'прибавка', 'процент-знак', 'поставлять', 'тепло', 'электричество']"
0,0,0,0,0,0,0,0,0,0,0,0,0,0,0,0,0,0,0,0,0,1,"['поставлять', 'тепло', 'электричество', 'прибавка', 'газ']"
1,1,1,0,1,1,0,1,0,0,1,1,1,1,0,1,0,1,0,1,0,1,"['налить', 'любой', 'пластиковый', 'бутылка', 'керосин', 'хорошо', 'бензин', 'лить', 'абсолютно', 'грязь']"
1,0,1,0,1,1,0,1,0,0,0,0,1,0,0,0,0,0,0,1,0,1,"['инфляция', 'пенсионный', 'деньги', 'занизить', 'сумма', 'сбережение', 'указанный', 'извещение', 'воровство', 'знак-кавычки', 'знак-кавычки']"
0,0,1,1,0,0,0,0,0,0,0,0,0,0,0,0,0,0,0,0,0,1,"['каждый', 'кг', 'вес', 'один', 'лошадиный', 'сила', 'знак-кавычки']"
1,0,1,0,1,1,1,1,1,1,1,0,0,0,0,0,1,0,0,0,1,1,"['причина', 'являться', 'неуместный', 'коридор', 'который', 'драгоценный', 'пространство', 'малый', 'количество', 'окно', 'свет', 'воздух']"
0,0,0,0,0,0,0,0,0,0,0,0,0,0,0,0,0,0,0,0,0,1,"['некоторый', 'специалист', 'собака', 'перевод', 'фильм', 'считать', 'деятельность', 'обладать', 'виртуозный', 'родной', 'речь', 'знак-кавычки']"
0,1,1,0,0,0,0,0,0,0,0,0,1,0,0,0,0,0,0,0,0,1,"['соблюдение', 'условие', 'комфортно', 'жить', 'расход', 'отопление', 'значительный', 'часть', 'бюджет', 'владелец', 'знак-кавычки']"
0,1,0,1,0,0,0,0,0,0,0,0,1,0,0,0,0,0,0,0,0,1,"['электричество', 'например', 'холодильник', 'писать']"
0,0,0,0,0,0,0,0,0,0,0,0,0,0,0,0,0,0,0,0,0,1,['ревность']
1,0,0,0,1,1,1,1,1,1,1,0,0,0,0,0,1,1,0,0,1,1,"['работа', 'здоровье', 'небольшой', 'отпуск', 'брать', 'каждый', 'день']"
0,0,0,0,0,0,0,0,0,0,0,0,1,0,0,0,0,0,0,0,0,1,"['правильно', 'выбрать', 'набор', 'промой', 'оборудование', 'увеличить', 'продажа', 'рекламный', 'бюджет']"
0,0,0,0,0,0,0,0,0,1,1,0,1,0,0,0,0,0,0,0,0,1,"['медведик', 'целенаправленно', 'идти', 'смотреть', 'равный', 'килограммовый', 'торт', 'масляный', 'крем', 'запивать', 'чай', 'поначалу', 'вкусно', 'конец', 'первый', 'треть', 'хотеться', 'убиться', 'искусство', 'кукла', 'заинтересовать']"
1,0,1,0,1,1,0,1,0,0,0,0,0,0,0,0,0,0,0,0,0,1,"['вакханалия', 'церковный', 'строительство', 'бешеный', 'деньги']"
1,0,1,0,1,1,0,1,0,0,0,0,0,0,0,0,0,0,0,0,0,1,"['огромный', 'давление', 'скорость', 'движение', 'топливо', 'абразивный', 'частица', 'металл', 'нарушать', 'геометрия', 'выходной', 'отверстие', 'распылитель', 'буквально']"
1,0,1,1,0,1,0,1,0,0,0,0,0,1,1,0,0,1,0,0,0,1,"['один', 'малый', 'потребление', 'оперативный', 'память', 'компьютер', 'данный', 'проигрыватель', 'использовать', 'половина', 'количество', 'оперативка', 'который', 'любой', 'остальной', 'плеер']"
1,1,0,0,1,0,1,0,1,1,1,0,0,0,0,0,1,0,0,0,1,1,"['молча', 'утро', 'рассвет']"
0,0,1,0,0,0,0,0,0,0,0,0,0,0,0,0,0,0,0,0,0,1,"['каждый', 'лишний', 'день', 'задержка', 'груз', 'таможня', 'постепенно', 'деньги']"
0,0,1,1,0,0,0,0,0,0,0,0,1,1,1,0,0,0,0,0,0,1,"['учесть', 'реечный', 'подвесной', 'потолок', 'см', 'высота', 'некоторый', 'случай', 'знак-кавычки']"
0,0,0,0,0,0,0,0,0,0,0,0,0,0,0,0,0,0,0,0,0,1,"['умный', 'голосовой', 'ассистент', 'огромный', 'часть', 'ресурс', 'процессор', 'знак-кавычки']"
1,1,1,0,1,1,0,1,0,0,0,0,1,1,0,0,0,0,0,0,0,1,"['раздвижной', 'межкомнатный', 'дверь', 'пространство', 'экономить', 'важный', 'небольшой', 'квартира']"
1,1,0,0,1,1,0,1,0,0,0,0,1,0,0,0,0,0,1,0,0,1,"['поделиться', 'знание', 'который', 'получить', 'самостоятельно', 'проба', 'ошибка', 'набить', 'масса', 'шишка', 'один', 'собака']"
1,1,0,0,1,1,0,1,0,0,0,0,1,0,0,0,0,0,0,0,0,1,"['последний', 'расположенный', 'багажный', 'отсек', 'сожаление', 'значительный', 'часть', 'объем']"
1,0,1,1,1,1,1,1,1,1,1,1,1,0,0,1,1,1,0,1,1,1,"['инновационный', 'позволять', 'максимально', 'быстро', 'регулировать', 'температура', 'помещение', 'различный', 'площадь', 'экономить', 'электроэнергия', 'полезный', 'пространство', 'далее', 'знак-кавычки']"
1,1,0,1,1,1,1,1,1,1,1,1,1,0,1,1,1,1,0,1,1,1,"['запустить', 'клиент', 'новый', 'пользователь', 'зачастую', 'выходить', 'интернет', 'хаб', 'который', 'мгновенно', 'трафик']"
1,0,1,0,1,1,0,1,0,0,0,1,0,1,0,1,0,1,0,1,0,1,"['правда', 'некоторый', 'часть', 'полноразмерный', 'запаска', 'знак-кавычки', 'знак-кавычки']"
1,1,1,1,1,1,1,1,1,1,1,1,1,1,1,1,1,1,0,1,1,1,"['выступать', 'слушатель', 'пережевывать', 'текст', 'начало', 'конец', 'слово', 'заменять', 'один', 'звук', 'другой', 'объединять', 'отдельный', 'бессмысленный', 'сочетание']"
1,1,1,1,1,1,1,1,1,1,1,1,1,1,1,1,1,1,0,1,1,1,"['результат', 'прибыль', 'накопить', 'торговля', 'канал', 'один', 'мощный', 'движение', 'открытый', 'позиция', 'знак-кавычки']"
1,1,1,1,1,1,1,1,1,1,1,1,1,0,1,1,1,1,1,1,1,1,"['женатый', 'мужчина', 'лох', 'позволить', 'знак-кавычки']"
1,1,1,1,1,1,1,1,1,1,1,1,1,1,1,1,1,1,0,1,1,1,"['германия', 'австровенгрия', 'попробовать', 'россия', 'англофранция', 'возмутиться', 'объявить', 'война', 'центральный', 'держава', 'признать', 'скрипеть', 'зуб', 'новый', 'российский', 'правительство']"
1,1,1,1,1,1,1,1,1,1,1,1,1,1,1,1,1,1,0,1,1,1,"['вовремя', 'остановиться', 'ремонт', 'грозить', 'тянуться', 'бесконечно', 'иметься', 'средство', 'знак-кавычки']"
1,0,1,0,1,1,1,1,1,1,1,1,0,1,0,1,1,1,0,1,1,1,"['фигура', 'соперник', 'просто', 'простой', 'достаточно', 'поставить', 'чужой', 'знак-кавычки']"
1,1,1,0,1,1,0,1,0,0,0,1,0,1,0,1,0,1,0,1,0,1,"['игра', 'защита', 'фигура', 'знак-кавычки']"
1,1,1,0,1,1,1,1,1,1,1,1,0,1,0,1,1,1,0,1,1,1,"['установка', 'сайт', 'запросто', 'ресурс', 'хороший', 'сервер']"
1,1,1,1,1,1,0,1,0,0,0,1,1,1,0,1,0,1,0,1,0,1,"['недостаток', 'цикличный', 'сайт', 'являться', 'этап', 'получение', 'прибыль', 'серверный', 'ресурс']"
1,1,1,1,1,1,1,1,1,1,1,1,0,1,1,1,1,1,0,1,1,1,"['девушка', 'положительный', 'качество', 'артистка', 'наоборот', 'казаться', 'человек', 'мешать', 'творчески', 'развиваться']"
0,0,1,0,0,0,0,0,0,0,0,0,0,1,0,0,0,0,0,0,0,1,"['владимир', 'путин', 'председатель', 'правительство', 'рф', 'представлять', 'дело', 'россия', 'собираться', 'действовать', 'один', 'известный', 'художественный', 'произведение', 'утащить', 'хозяйский', 'кухня', 'вкусный', 'кусочек', 'технология', 'одеяло', 'тихо', 'стараться', 'чавкать', 'переправить', 'знак-кавычки']"
1,1,1,1,1,1,1,1,1,1,1,1,0,1,1,1,1,1,0,1,1,1,"['мультимедиа', 'пролагать', 'дорога', 'прогрессивный', 'разработка', 'портить', 'удобство', 'потребление', 'первопричина', 'содействовать', 'выход', 'свет', 'отвратительный', 'дизайн', 'вступать', 'противоречие', 'основательный', 'принцип', 'взаимодействие', 'юзер', 'ресурс', 'который', 'иметь', 'возможность', 'применить']"
1,1,1,1,1,1,1,1,1,1,1,1,0,1,1,1,1,1,0,1,1,1,"['медстраховка', 'дорогой', 'жилье', 'принцип', 'жизнь']"
1,1,0,0,1,1,1,1,1,1,1,1,1,0,0,1,1,1,0,1,1,1,"['оставлять', 'визитка', 'потенциальный', 'партнер', 'который', 'вид', 'загадочный', 'носитель', 'любопытство', 'свободный', 'минутка', 'обязательно', 'вставлять', 'компьютер', 'чудо', 'заинтересовываться', 'великолепный', 'презентация', 'заключать', 'сделка', 'жизнь']"
1,1,1,0,1,1,0,1,1,0,0,1,1,1,0,1,1,1,0,1,0,1,"['постройка', 'следовать', 'располагать', 'нависать', 'ветка', 'дерево', 'крона', 'некоторый', 'часть', 'солнечный', 'свет', 'тепличный', 'растение', 'иметь', 'необходимость', 'повышенный', 'уровень', 'освещенность']"
1,0,1,1,1,1,1,1,1,1,1,1,1,1,1,1,1,1,0,1,1,1,"['ксенон', 'намного', 'эффективно', 'галогеновый', 'лампа', 'мощность', 'потребление', 'составлять', 'вт', 'галогенка', 'теплоотдача', 'процент-знак', 'потреблять', 'энергия', 'достигать']"
1,1,0,1,1,1,1,1,1,1,1,1,0,0,1,1,1,1,0,1,1,1,"['материальный', 'жизнь', 'интернет', 'полно', 'нелепый', 'занятие', 'моль', 'драгоценный', 'время', 'знак-кавычки']"
1,1,0,0,1,1,1,1,1,1,1,1,1,0,0,1,1,1,0,1,1,1,"['удивление', 'видеть', 'старый', 'академик', 'страх']"
1,1,1,1,1,1,1,1,1,1,1,1,0,1,1,1,1,1,0,1,1,1,"['последний', 'неделя', 'заниматься', 'время', 'подготовка', 'закрытие', 'отчетный', 'период', 'празднование', 'новый', 'год', 'свободный']"
1,0,1,0,1,1,1,1,0,1,1,1,0,1,0,1,1,1,1,1,1,1,"['озеро', 'который', 'образовываться', 'площадка', 'запросто', 'краска', 'металл', 'акумулятор', 'помогать', 'начинать', 'ржаветь']"
1,1,1,1,1,1,1,1,1,1,1,1,1,1,1,1,1,1,0,1,1,1,"['путешествие', 'блог', 'безумный', 'количество', 'время', 'раздел', 'избранный', 'пухнуть']"
1,0,0,1,1,1,1,1,1,1,1,1,0,1,1,1,1,1,0,1,1,1,"['дома', 'стирка', 'халат', 'стиральный', 'машина', 'резиновый', 'деталь', 'бактерия']"
1,1,1,0,1,1,1,1,1,1,1,1,1,1,0,1,1,1,0,1,1,1,"['правило', 'каско', 'страховка', 'дорогостоящий', 'потенциальный', 'заемщик', 'выиграть', 'процентный', 'ставка', 'стоимость', 'знак-кавычки']"
1,1,0,0,1,1,1,1,1,1,1,1,1,0,0,1,1,1,0,1,1,1,"['цифра', 'расход', 'называть', 'просто', 'изумительный', 'один', 'случай', 'двигатель', 'объем', 'слово', 'клиент', 'литр', 'трасса', 'город', 'знак-кавычки', 'знак-кавычки', 'знак-кавычки']"
1,1,1,1,1,1,1,1,1,1,1,1,1,1,1,1,1,1,0,1,1,1,"['любой', 'случай', 'придтись', 'приподнимать', 'душевая', 'поддон', 'самый', 'часть', 'высота', 'помещение', 'делать', 'ступенька', 'знак-кавычки']"
1,1,1,1,1,1,1,1,1,1,1,1,1,1,1,1,1,1,0,1,1,1,"['функционирование', 'каждый', 'работник', 'часть', 'оперативка', 'знак-кавычки']"
1,1,0,1,1,1,1,1,1,1,1,1,1,0,1,1,1,1,0,1,1,1,"['родина', 'уходить', 'один', 'другой', 'эшелон', 'демобилизованный', 'почувствовать', 'сердце', 'истосковаться', 'мирный', 'труд', 'месяц', 'заниматься', 'разминирование', 'побережье', 'морской', 'фарватер', 'товарищ', 'оружие', 'добрый', 'пуд', 'соль', 'разделить', 'последний', 'осьмушка', 'махорка', 'подрываться', 'фашистский', 'мина']"
1,1,1,1,1,1,1,1,1,1,1,1,1,1,1,1,1,1,0,1,1,1,"['сожаление', 'самый', 'популярный', 'браузер', 'иметь', 'индивидуальный', 'технический', 'предпочтение', 'один', 'сайт', 'отображаться', 'полностью', 'другой', 'загрузиться', 'кривой', 'частично', 'исказить', 'изображение', 'большой', 'фрагмент', 'текст', 'знак-кавычки', 'знак-кавычки']"
1,1,1,1,1,1,1,1,1,1,1,1,1,1,1,1,1,1,1,1,1,1,"['расти', 'квадратный', 'метр', 'цена', 'время', 'способный', 'переплата', 'знак-кавычки']"
1,0,1,1,1,1,1,1,1,1,1,1,0,1,1,1,1,1,0,1,1,1,"['начинать', 'вторник', 'посетитель', 'сайт', 'фонд', 'прочесть', 'ответ', 'публикация', 'ар', 'информация', 'момент', 'создание', 'процент-знак', 'миллиард', 'доллар', 'коррупция']"
1,0,1,1,1,1,0,1,0,0,0,0,0,0,0,0,0,0,0,0,0,1,"['выгодно', 'товар', 'занимать', 'место', 'прилавок', 'значит', 'часть', 'арендный', 'плата', 'расходовать', 'электроэнергия', 'затрачивать', 'освещение', 'вентиляция', 'витрина', 'продажа', 'должный', 'рентабельный', 'знак-кавычки']"
0,0,0,0,0,0,0,0,0,0,0,0,0,1,0,0,0,0,0,0,0,1,"['очки', 'прилично', 'сумма', 'оставаться', 'достаточно', 'комфортный', 'просмотр', 'знак-кавычки']"
0,0,0,1,0,0,0,0,0,0,0,0,0,0,0,0,0,0,0,0,0,1,"['важно', 'качество', 'телефонный', 'связь', 'высокий', 'расход', 'оплата', 'междугородный', 'международный', 'соединение', 'значительный', 'часть', 'прибыль']"
0,0,1,0,0,0,0,0,0,0,0,0,0,0,0,0,0,0,0,0,0,1,"['прийти', 'время', 'осознание', 'болезнь', 'боль', 'пройти', 'перетерпеть', 'излечить', 'верность', 'пошлость', 'затереть', 'формула', 'убедиться', 'собственный', 'шкура', 'следовательно', 'знать', 'наверняка', 'далеко', 'смерть', 'существовать', 'дать', 'понять', 'дожить', 'дотянуть', 'твой', 'последний', 'день', 'жизнь', 'несомненно', 'легко']"
0,1,0,1,0,0,0,0,0,0,0,0,0,0,1,0,1,0,0,0,0,1,"['учесть', 'твой', 'хлопец', 'потребоваться', 'проявить', 'недюжинный', 'актерский', 'способность', 'убедить', 'целый', 'консилиум', 'врач', 'изрядный', 'свора', 'собака', 'дело', 'раскалывание', 'липовый', 'больной']"
1,0,0,0,1,1,1,1,1,1,1,1,0,0,0,1,1,1,0,1,1,1,"['время', 'соответственно', 'деньги', 'компетентный', 'профессионал']"
1,1,0,1,1,1,1,1,1,1,1,1,1,0,1,1,1,1,0,1,1,1,"['одностворчатый', 'прозрачный', 'штора', 'ванна', 'позволять', 'скрывать', 'прелесть', 'выполнить', 'ремонт', 'шторка', 'длинн', 'напротив', 'закрывать', 'плитка', 'рекомендоваться', 'установка', 'малогабаритный', 'ванный', 'комната', 'объем', 'помещение', 'знак-кавычки']"
0,0,0,0,0,0,0,0,0,0,0,0,0,0,0,0,0,0,0,0,0,1,"['любой', 'бизнес', 'требовать', 'развитие', 'рост', 'затрата', 'прибыль', 'знак-кавычки']"
0,0,0,0,0,0,0,0,0,0,0,0,0,0,0,0,0,0,1,0,0,1,"['учитывать', 'инфляция', 'заработный', 'плата', 'год', 'значит', 'ситуация', 'вынужденный', 'менять', 'работа', 'индексировать', 'работодатель']"
0,1,0,0,1,0,1,0,1,1,1,0,1,0,0,0,1,0,0,0,1,1,['знак-кавычки']
1,1,0,1,1,1,1,1,1,1,1,0,1,0,1,0,1,0,0,0,1,1,"['натяжение', 'спица', 'важно', 'плохо', 'натянутый', 'самопроизвольно', 'появиться', 'восьмерка', 'обод', 'сила', 'педалирование', 'выдержать', 'наезд', 'неожиданный', 'препятствие', 'знак-кавычки']"
1,1,0,0,1,1,1,1,1,0,1,1,1,0,0,1,1,1,0,1,1,1,"['составлять', 'секрет', 'факт', 'один', 'главный', 'афишировать', 'причина', 'нынешний', 'атака', 'муаммар', 'каддафи', 'являться', 'млрд', 'ливийский', 'доллар', 'благополучно', 'кризисный', 'гг', 'знак-кавычки']"
0,0,0,0,0,0,0,0,0,0,0,0,0,0,0,0,0,0,0,0,0,1,"['стать', 'боковик', 'говорить', 'популярный', 'термин', 'пила', 'который', 'капитал', 'давать', 'заработать', 'движение', 'начинаться', 'вскоре', 'останавливаться', 'совершать', 'разворот', 'развиваться', 'масштабный', 'тренд']"
0,1,0,0,0,0,0,0,0,0,0,0,1,0,0,0,0,0,0,0,0,1,"['зачастую', 'нерв', 'жених']"
0,0,0,0,0,0,0,0,0,0,0,0,0,0,0,0,0,0,0,0,0,1,"['машина', 'ненасытно', 'послушно', 'километр']"
1,0,1,1,1,1,1,1,1,1,1,1,1,0,1,1,1,1,0,1,1,1,"['другой', 'стенка', 'ничто', 'объем']"
0,0,1,0,0,0,0,0,0,0,0,0,0,0,0,0,0,0,0,0,0,1,"['обитаемый', 'средство', 'большой', 'часть', 'масса', 'габарит', 'необходимость', 'введение', 'состав', 'система', 'жизнеобеспечение', 'человек', 'многократный', 'резервирование', 'различный', 'модуль', 'изделие', 'знак-кавычки']"
0,1,0,1,0,0,1,0,1,0,1,0,1,0,0,0,1,0,0,0,1,1,"['оговориться', 'обычно', 'масло', 'цвет', 'знак-кавычки']"
0,0,1,0,0,0,0,0,0,0,0,0,0,1,0,0,0,0,0,0,0,1,"['говориться', 'еда', 'разговорный', 'речь', 'значит', 'выпить']"
0,0,0,0,0,0,0,0,0,0,0,0,0,1,0,0,0,0,0,0,0,1,"['моющий', 'средство', 'процент-знак', 'затрата', 'знак-кавычки']"
0,1,0,0,0,0,0,0,0,0,0,0,1,0,0,0,0,0,0,0,0,1,"['переезд', 'квартира', 'офисный', 'москва', 'вызывать', 'затруднение', 'минимальный', 'объем', 'перевозить', 'мебель', 'который', 'значительный', 'требовать', 'привлечение', 'услуга', 'грузчик']"
0,0,0,0,0,0,0,0,0,0,0,0,1,0,0,0,0,0,0,0,0,1,"['учить', 'галочка', 'формально', 'бюджет']"
1,0,1,0,1,1,0,1,0,0,0,1,0,1,0,1,0,1,0,1,0,1,"['разработчик', 'специально', 'отказаться', 'электрический', 'отопитель', 'салон', 'аккумулятор', 'знак-кавычки']"
0,0,1,0,0,0,0,0,0,0,0,0,0,0,0,0,0,0,1,0,0,1,"['главное', 'страница', 'график', 'даром', 'нужный', 'легковесомый', 'трафик', 'практически', 'открываться', 'быстро']"
0,0,1,0,0,0,0,0,0,0,0,0,0,0,0,0,0,0,0,0,0,1,"['пропадать', 'смысл', 'аренда', 'квартира', 'ресторанный', 'пища', 'средство', 'сэкономить', 'стоимость', 'проживание', 'отель', 'знак-кавычки']"
0,0,0,0,0,0,0,0,0,0,0,0,0,0,0,0,0,0,0,0,0,1,"['денежный', 'товарооборот', 'начало', 'г.', 'расширение', 'емкость', 'рынок', 'продажа', 'деньги', 'часть', 'продукция', 'государственный', 'промышленность', 'который', 'рано', 'распределяться', 'безденежный', 'натуральный', 'вид', 'сильно', 'возрасти', 'платность', 'коммунальный', 'услуга', 'введение', 'налог', 'увеличение', 'продукт', 'кустарный', 'уравновесить', 'быстрота', 'оборот']"
0,0,1,0,0,0,0,0,0,0,0,0,0,0,0,0,0,0,0,0,0,1,"['похоже', 'год', 'назад', 'компания', 'победить', 'всякий', 'случай', 'российский', 'офис']"
1,1,0,0,1,0,0,0,0,0,0,1,1,0,0,1,0,1,0,1,0,1,"['знать', 'львиный', 'доля', 'средство', 'жкх']"
0,1,0,0,0,0,0,0,0,0,0,0,1,0,0,0,0,0,0,0,0,1,"['пара', 'собака', 'посыпать', 'пуд', 'соль', 'дело', 'сотоварищ', 'попытаться', 'составить', 'краткий', 'инструкция', 'перенос', 'блог']"
0,0,1,1,0,0,0,0,0,0,0,0,0,0,1,0,0,0,0,0,0,1,"['сердце', 'ярость']"
0,0,0,0,0,0,0,0,0,0,0,0,0,0,0,0,0,0,0,0,0,1,"['больший', 'часть', 'коммунальный', 'услуга', 'оплата', 'отопление']"
0,0,0,0,0,0,0,0,0,0,0,0,0,0,0,0,0,0,0,0,0,1,"['настройка', 'автоматически', 'обновляться', 'соответственно', 'деньги', 'счет']"
1,1,1,0,1,1,1,1,1,1,1,1,1,0,0,1,1,1,0,1,1,1,"['время', 'узнавать', 'проблема', 'существовать', 'отдел', 'продажа', 'опасный', 'бизнес', 'быстро', 'прибыль', 'поделиться', 'опыт', 'решение']"
0,0,1,1,0,0,0,0,0,0,0,0,1,1,1,0,0,0,0,0,0,1,"['примерно', 'р.', 'ежемесячно', 'уплата', 'налог', 'ведение', 'учет', 'нанимать', 'бухгалтер', 'целый', 'день', 'аутсорсинг', 'лучший', 'решение']"
1,1,1,1,1,1,1,1,1,1,1,1,1,1,1,1,1,1,0,1,1,1,"['быстро', 'честолюбие']"
1,1,1,1,1,1,1,1,1,1,1,1,1,1,1,1,1,1,0,1,1,1,"['выглядеть', 'намного', 'старый', 'манхэттен', 'который', 'вынужденный', 'постоянно', 'молодеть', 'понемногу', 'кусок', 'бывший', 'юность']"
1,0,1,1,1,1,1,1,1,1,1,1,0,1,1,1,1,1,0,1,1,1,"['речь', 'идти', 'область', 'далеко', 'везти', 'материал', 'невыгодно', 'транспортный', 'расход']"
1,1,1,1,1,1,1,1,1,1,1,1,1,1,1,1,1,1,0,1,1,1,"['сначала', 'пуд', 'соль', 'карман', 'начать', 'падать', 'монета', 'различный', 'достоинство']"
0,0,1,1,0,1,1,1,1,1,1,1,0,1,1,1,1,1,1,1,1,1,"['павел', 'хорошилов', 'заместитель', 'министр', 'культура', 'резюмировать', 'общество', 'готовый', 'род', 'музей', 'знак-кавычки']"
1,1,1,1,1,1,1,1,1,1,1,1,1,1,1,1,1,1,0,1,1,1,"['действующий', 'лицо', 'тип', 'понимать', 'разумный', 'граница', 'власть', 'поддаться', 'соблазн', 'знак-кавычки']"
1,1,1,1,1,1,0,1,1,1,1,1,1,1,1,1,0,1,0,1,0,1,"['исполнить', 'решение', 'еспча', 'современный', 'человек', 'гнилой', 'мясо', 'использовать', 'красноречивый', 'фраза', 'валерий', 'зорькин', 'знак-кавычки']"
1,1,1,1,1,1,0,1,1,0,1,1,1,1,1,1,0,1,0,1,0,1,"['бок', 'ограниченный', 'колесный', 'арка', 'сверху', 'каркас', 'прочность', 'который', 'практически', 'верхний', 'угол']"
1,1,1,0,1,1,1,1,1,1,1,1,1,1,1,1,1,1,0,1,1,1,"['мнение', 'коген', 'высокий', 'налог', 'год', 'отбивать', 'работник', 'стремление', 'продолжительный', 'трудный', 'работа', 'практически', 'дополнительный', 'заработок', 'знак-кавычки']"
0,1,1,1,0,1,1,1,1,1,1,1,1,1,1,1,1,1,1,1,1,1,"['батарея', 'день', 'ничто', 'делать', 'телефон']"
0,1,1,1,0,1,1,1,1,1,1,0,1,1,1,1,1,1,1,1,1,1,"['единовременный', 'комиссия', 'инфляция', 'знак-кавычки']"
1,1,1,1,1,1,1,1,1,1,1,1,1,1,1,1,1,1,1,1,1,1,"['зависть', 'подобный', 'моль', 'одежда', 'сердце', 'который', 'зародиться']"
1,0,1,1,1,1,1,1,1,1,1,1,1,1,1,1,1,1,1,1,1,1,"['жена', 'мучаться', 'муж', 'собака', 'кость', 'выбросить', 'жалко', 'оставаться', 'один', 'отрада', 'грызть']"
1,1,1,1,1,1,1,1,1,1,1,1,1,1,1,1,1,1,1,1,1,1,"['безусловно', 'человек', 'принимать', 'наркотик', 'год', 'полностью', 'печень', 'почка', 'посадить', 'сердце', 'иметься', 'тяжелый', 'заболевание', 'гепатит', 'туберкулез', 'легкое', 'хорошо', 'геройствовать', 'применять', 'способ', 'знак-кавычки']"
1,1,1,1,1,1,1,1,1,1,1,1,1,1,1,1,1,1,1,1,1,1,"['единственный', 'выйти', 'строй', 'клавиатура', 'который', 'попросту', 'дорожка', 'знак-кавычки']"
1,0,1,1,1,1,1,1,1,1,1,1,0,1,1,1,1,1,1,1,1,1,"['первый', 'впк', 'ужасный', 'жуткий', 'который', 'чудовищный', 'ресурс']"
1,1,1,0,1,1,0,1,0,0,0,1,1,1,0,1,0,1,0,1,0,1,"['понимать', 'господин', 'шлыков', 'компетенция', 'абсолютно', 'верить', 'сказать', 'военно-промышленный', 'комплекс', 'процент-знак', 'ввп', 'правильно']"
1,1,1,1,1,1,1,1,1,1,1,1,1,1,1,1,1,1,1,1,1,1,"['покраска', 'аэрограф', 'грунт', 'необходимый', 'зависимость', 'вид', 'краска', 'ложиться', 'поверхность', 'излет', 'малый', 'порция', 'хватить', 'сила', 'нормально', 'пластик', 'приклеиться', 'знак-кавычки', 'знак-кавычки', 'знак-кавычки']"
1,1,1,1,1,1,1,1,1,1,1,1,1,1,1,1,1,1,1,1,1,1,"['индексирование', 'дополнительный', 'дисковый', 'пространство', 'знак-кавычки']"
1,1,1,1,1,1,1,1,1,1,1,1,1,1,1,1,1,1,1,1,1,1,"['плоть', 'израильский', 'общество', 'преуспевающий', 'казаться', 'бизнесмен', 'неожиданно', 'заговорить', 'бизнес', 'давать', 'развиваться', 'время', 'пытаться']"
1,1,1,1,1,1,1,1,1,1,1,1,1,1,1,1,1,1,1,1,1,1,"['замечательный', 'пирог', 'должный', 'один', 'конец', 'проблема', 'завод', 'построить']"
1,1,1,1,1,1,1,1,1,1,1,1,1,1,1,1,1,1,1,1,1,1,"['некоторые', 'объект', 'становиться', 'пламенно', 'красный', 'друг', 'друг', 'ил', 'страна', 'столкновение', 'небесный', 'наблюдаться', 'апрель', 'г.', 'район', 'петербург', 'знак-кавычки']"
1,1,1,0,1,1,1,1,1,1,1,1,1,1,0,1,1,1,1,1,1,1,"['каждый', 'осиротеть', 'сокет', 'примерно', 'кб', 'память', 'который', 'сбросить', 'своп']"
1,1,1,1,1,1,1,1,1,1,1,1,1,1,1,1,1,1,1,1,1,1,"['сильный', 'свет', 'цвет', 'предмет', 'знак-кавычки']"
1,1,0,0,1,1,0,1,1,0,0,1,1,1,1,1,0,1,1,1,0,1,"['цель', 'сдвижной', 'конструкция', 'предпочтительно', 'пространство']"
0,1,1,1,0,0,0,0,0,0,0,0,1,1,1,0,0,0,1,0,0,1,"['рубль', 'месяц', 'знак-кавычки']"
0,1,1,1,0,0,0,0,0,1,0,0,1,1,1,0,0,0,1,0,0,1,"['избыток', 'кортизол', 'поднимать', 'уровень', 'сахар', 'кровь', 'ослаблять', 'иммунный', 'система', 'безжалостно', 'наработать', 'мускулатура']"
1,0,1,1,1,1,1,1,1,1,1,1,1,1,1,1,1,1,1,1,1,1,"['название', 'объект', 'собственно', 'имя', 'ничто', 'выделяться', 'поток', 'другой', 'коммуникативный', 'плотность', 'большой', 'процесс', 'выделение', 'должный', 'иметься', 'ресурс']"
0,0,1,1,0,0,0,0,0,0,0,0,0,1,1,0,0,0,1,0,0,1,"['трата', 'колесо', 'металлический', 'барьер', 'должный', 'большинство', 'деньги', 'остаться', 'знак-кавычки', 'знак-кавычки']"
0,0,0,1,0,0,0,0,0,0,0,0,0,0,0,0,0,0,1,0,0,1,"['бояться', 'полностью', 'наполнять', 'багажник', 'седан', 'петля', 'крышка', 'полезный', 'объем', 'знак-кавычки']"
0,0,0,1,0,0,0,0,0,0,0,0,1,1,1,0,0,0,1,0,0,1,"['индустрия', 'мобильный', 'связь', 'уверенно', 'двигаться', 'сторона', 'смартфон', 'доля', 'простой', 'телефон']"
0,0,0,1,0,0,0,0,0,0,0,0,1,0,1,0,0,0,1,0,0,1,"['рыбка', 'карьера', 'семья', 'ребенок', 'муж', 'делать', 'мир', 'нога']"
0,1,0,1,0,0,0,0,0,0,0,0,1,0,1,0,0,0,1,0,0,1,"['постоянный', 'авиаперелет', 'являться', 'составлять', 'бизнес', 'считать', 'львиный', 'доля', 'прибыль', 'компания']"
0,1,1,1,0,0,0,0,0,0,0,0,1,1,1,0,0,0,1,0,0,1,"['копить', 'цена', 'недвижимость', 'повышаться', 'накопление', 'низкий', 'процентный', 'ставка', 'предлагать', 'стройсберкасса', 'знак-кавычки']"
1,1,0,1,1,1,0,1,0,0,0,1,1,0,0,1,0,1,0,1,0,1,"['топливо', 'знак-кавычки']"
0,1,0,1,0,0,1,0,0,1,0,0,1,0,0,0,1,0,1,0,1,1,"['наконец', 'маршрут', 'следовать', 'один', 'сдвижка', 'время', 'возврат', 'фактически', 'разница', 'группа', 'дятлов', 'согрин', 'семен', 'золотарев', 'упоминать', 'мама', 'оставаться', 'знак-кавычки']"
0,0,0,1,0,0,0,0,0,0,0,0,0,0,0,0,0,0,1,0,0,1,"['масса', 'пример', 'один', 'розничный', 'оператор', 'другой', 'дистрибутор', 'поставлять', 'товар', 'привязать', 'конкретный', 'розница', 'ничто', 'терять', 'знак-кавычки']"
0,0,0,1,0,0,0,0,0,0,0,0,1,0,1,0,0,0,1,0,0,1,"['неделя', 'заниматься', 'физический', 'упражнение', 'хорошо', 'развитый', 'мышца', 'процент-знак', 'жир', 'знак-кавычки']"
0,0,0,0,0,0,0,0,0,0,0,0,0,0,0,0,0,0,1,0,0,1,"['некоторый', 'событие', 'доход', 'букмекер', 'месяц', 'сезон']"
0,0,0,1,0,0,0,0,0,0,0,0,1,0,1,0,0,0,1,0,0,1,"['самый', 'время', 'волочиться', 'покрытие', 'пол', 'портьера', 'визуально', 'уменьшать', 'помещение', 'свободный', 'пространство', 'знак-кавычки']"
0,0,0,0,0,0,0,0,0,0,0,0,1,0,0,0,0,0,1,0,0,1,"['деньги', 'дармоед', 'построить', 'один', 'новый', 'судно']"
0,0,0,0,0,0,0,0,0,0,0,0,0,0,0,0,0,0,1,0,0,1,"['вразумиться', 'делать', 'беззаконие', 'народ', 'есть', 'хлеб', 'призывать', 'бог']"
0,1,1,1,0,0,1,1,1,1,1,1,1,1,1,1,1,1,1,1,1,1,"['хорошо', 'видно', 'деталь', 'сложный', 'здание', 'тонко', 'проработать', 'контрастный', 'переход', 'ярко', 'осветить', 'крест', 'фон', 'черный', 'небо', 'знак-кавычки']"
0,0,1,0,0,0,0,0,0,0,0,0,1,1,1,0,0,0,1,0,0,1,"['смущать', 'выглядеть', 'приемный', 'устройство', 'кнопка', 'хорошо', 'поискать', 'другой', 'банкомат', 'случай', 'мошенничество', 'переоборудовать', 'мошенник', 'аппарат', 'карточка', 'самостоятельно', 'снимать', 'деньги', 'счет', 'далеко', 'редкость', 'знак-кавычки']"
0,0,0,0,0,0,0,0,0,0,0,0,1,0,0,0,0,0,1,0,0,1,"['александр', 'пятигорский', 'сказать', 'пользователь', 'интернет', 'блог', 'моск', 'знак-кавычки']"
1,0,0,0,1,1,0,1,0,0,0,1,1,0,0,1,0,1,1,1,0,1,"['пятно', 'полностью', 'предмет']"
0,0,0,0,0,0,0,0,0,0,0,0,1,0,0,0,1,0,1,0,1,0,"['грамм', 'помада', 'женщина', 'мужчина']"
0,0,0,0,0,0,0,0,0,0,0,0,0,1,1,0,0,0,1,0,0,0,"['уж', 'устроить', 'организм', 'зима', 'холод', 'непогода', 'время', 'стараться', 'отложить', 'запас', 'знак-кавычки']"
0,0,0,1,0,0,1,0,1,1,1,0,1,0,1,0,1,0,1,0,1,0,"['многий', 'случаться', 'садиться', 'диета', 'диетический', 'период', 'бороться', 'приступ', 'дикий', 'голод', 'душить', 'корень', 'желание', 'кусочек', 'аппетитный', 'доступный', 'тортик', 'знак-кавычки']"
0,1,0,0,0,0,0,0,0,0,0,0,1,0,0,0,0,0,1,0,0,0,"['говорить', 'разъяренный', 'шаман', 'человек']"
0,1,0,0,0,0,0,0,0,0,0,0,1,0,0,0,0,0,0,0,0,0,"['вкусный', 'конфетка', 'понравиться', 'замедлить', 'баночка', 'знак-кавычки']"
0,0,0,0,0,0,0,0,0,0,0,0,0,0,0,0,0,0,1,0,0,0,"['аквариумист', 'вмешаться', 'малек', 'старший', 'младший', 'брат', 'сестра']"
0,1,0,1,0,0,0,0,0,0,0,0,1,0,0,0,0,0,1,0,0,0,"['нападать', 'дженни', 'пытаться']"
0,1,0,0,0,0,0,0,0,0,0,0,1,0,0,0,0,0,1,0,0,0,"['сворачивать', 'пользоваться', 'ложка', 'окончание', 'трапеза']"
0,1,0,1,0,0,0,0,1,0,0,0,1,0,1,0,0,0,1,0,0,0,"['женщина', 'порция', 'салат', 'день', 'остановиться']"
1,0,0,1,1,1,1,1,1,1,0,1,1,0,0,1,1,1,1,0,1,0,"['знать', 'повторяться', 'линька', 'пример', 'многие', 'выражаться', 'озерный', 'лягушка', 'год', 'частичка', 'кожа']"
1,1,0,0,1,1,1,1,1,1,1,1,1,0,0,1,1,1,1,1,1,0,"['количество', 'день', 'жир', 'растительный', 'должно', 'превышать', 'грамм']"
0,0,0,0,0,0,1,0,1,0,0,0,1,0,0,0,1,0,1,0,1,0,"['овощ', 'хорошо', 'сырой', 'пропарить', 'сочетать', 'вареный', 'например', 'свежий', 'салат', 'суп']"
1,0,0,0,1,1,1,1,1,1,1,1,1,1,0,1,1,1,1,1,1,0,"['случай', 'каша', 'получиться', 'хороший', 'полностью']"
1,1,1,1,1,1,1,1,1,1,1,1,1,1,1,1,1,1,1,1,1,0,"['прекратить', 'состояние', 'запой', 'подряд', 'чайный', 'ложка', 'мед', 'интервал', 'минута', 'каждый']"
1,1,0,1,1,1,1,1,1,1,1,1,1,0,0,1,1,1,1,1,1,0,"['запретить', 'сладость', 'пойти', 'почистить', 'зуб']"
0,1,1,1,1,1,1,1,1,1,1,0,1,1,1,1,1,1,1,1,1,0,"['начало', 'конфета', 'самый', 'сложный', 'урок', 'разглаживать', 'ладошка', 'фольга', 'сильно', 'стараться', 'неровность', 'добавить', 'шарм', 'изделие']"
0,1,1,1,0,0,0,0,0,0,0,1,1,1,1,1,0,1,1,1,0,0,"['процесс', 'приготовление', 'повар', 'подавать', 'кусочек', 'фуга', 'строго', 'определенный', 'порядок', 'постепенно', 'повышать', 'концентрация', 'яд', 'следить', 'состояние', 'гость', 'позволить', 'большой', 'безопасный', 'норма']"
1,1,1,1,1,1,1,1,1,1,1,1,1,1,1,1,1,1,1,1,1,0,"['опасность', 'таиться', 'маленький', 'рыбка', 'каждый', 'год', 'японец', 'тыс', 'тонна', 'фуга', 'заметно', 'превышать', 'естественный', 'концентрация', 'рыба', 'море', 'наталкивать', 'мысль', 'искусственный', 'разведение', 'заниматься']"
1,1,0,1,1,1,1,1,1,1,1,1,1,1,1,1,1,1,1,1,1,0,"['столовая', 'ложка', 'мед', 'день', 'развести', 'стакан', 'теплый', 'вода', 'фрукт']"
1,1,0,1,1,1,1,1,1,1,1,1,1,1,1,1,1,1,1,1,1,0,"['столовая', 'ложка', 'мед', 'день', 'развести', 'стакан', 'теплый', 'вода', 'фрукт']"
0,1,1,0,0,0,1,0,1,1,1,0,1,1,0,0,1,0,1,0,1,0,"['день', 'прием']"
1,1,0,0,1,1,1,1,1,1,1,0,1,0,0,0,1,0,1,1,1,0,"['порция', 'утро', 'натощак']"
1,0,0,1,1,1,0,1,0,0,1,1,1,1,1,1,0,1,1,1,0,0,"['казнь', 'осужденный', 'должный', 'палец', 'любовница']"
1,0,1,1,1,1,1,1,1,1,1,1,1,1,1,1,1,1,1,1,1,0,"['достаточно', 'покладистый', 'послушный', 'верить', 'взрослый', 'единый', 'крошка', 'огромный', 'тарелка']"
1,0,0,0,1,1,1,1,1,1,1,1,1,1,1,1,1,1,1,1,1,0,"['каждый', 'прием', 'пища', 'требоваться', 'столовый', 'ложка', 'отнимать', 'организм', 'сила', 'борьба', 'заболевание']"
1,1,0,1,1,1,1,1,1,1,1,1,1,0,1,1,1,1,1,1,1,0,"['пацифист', 'отшельник', 'брат']"
1,1,0,1,1,1,1,1,1,1,1,1,1,1,1,1,1,1,1,1,1,0,"['натуральный', 'йогурт', 'творог', 'сыр', 'кефир', 'вареный', 'яйцо', 'омлет', 'постный', 'мясо', 'рыба', 'орех', 'диетолог', 'советовать', 'первый', 'дело', 'белковый', 'хотеться', 'сладкий']"
1,1,1,1,1,1,1,1,1,1,1,1,1,1,1,1,1,1,1,1,1,0,"['шоколад', 'помочь', 'день', 'ананас', 'кг', 'мякоть', 'разрезать', 'кубик', 'прием', 'вечер', 'дыня', 'фруктовый', 'желе']"
1,1,0,0,1,1,1,1,1,1,1,1,1,1,0,1,1,1,1,1,1,0,"['обед', 'кусок', 'торт', 'желание', 'один', 'настигнуть', 'полчаса']"
1,1,1,1,1,1,1,1,1,1,1,1,1,1,1,1,1,1,1,1,1,0,"['время', 'леконт', 'рекомендовать', 'выбор', 'один', 'небольшой', 'пирожное', 'кусочек', 'торт', 'фруктовый', 'сорбет', 'мороженое', 'г', 'горький', 'шоколад', 'печеный', 'яблоко', 'мед', 'кленовый', 'сироп']"
1,0,0,1,1,1,0,1,1,1,1,1,1,1,1,1,1,1,1,1,1,0,"['среднестатистический', 'россиянин', 'мнение', 'чиновник', 'должный', 'г', 'хлеб', 'макароны', 'день']"
1,1,1,1,1,1,1,1,1,1,1,1,1,1,1,1,1,1,1,1,1,0,"['абрикосовый', 'зернышко', 'день', 'месяц']"
1,0,0,1,1,0,1,0,1,1,1,0,1,1,1,0,1,0,1,0,1,0,"['любить', 'запасать', 'продукт', 'часто', 'предпочитать', 'семья', 'вполне', 'обойтись', 'половинный', 'размер', 'литр']"
1,1,1,0,1,1,1,1,1,1,1,1,1,1,0,1,1,1,1,1,1,0,"['избавиться', 'запах', 'петрушка']"
1,1,1,1,1,1,1,1,1,1,1,1,1,1,1,1,1,1,1,1,1,0,"['каждый', 'день', 'дополнение', 'составить', 'диета', 'закуска']"
1,1,1,1,1,1,1,1,1,1,1,1,1,1,1,1,1,1,1,1,1,0,"['утро', 'выпивать', 'натощак', 'стакан', 'апельсиновый', 'грейпфрутовый', 'сок', 'вечер', 'долька', 'чеснок', 'салат', 'лук']"
1,0,1,1,1,1,1,1,1,1,1,1,0,1,1,1,1,1,1,1,1,0,"['часы', 'бить', 'удар', 'необходимо', 'виноградинка', 'добро', 'согласие', 'процветание', 'мир', 'сопровождать', 'месяц']"
1,1,0,1,1,1,1,1,1,1,1,1,1,1,1,1,1,1,1,1,1,0,"['час', 'отвар', 'кончик', 'нож', 'размолоть', 'мускатный', 'орех', 'жевать', 'корень', 'аир']"
0,1,1,1,0,1,0,1,0,0,0,0,1,1,1,0,0,1,1,1,0,0,"['стасик', 'активно', 'худеть', 'порция', 'каша', 'добавка', 'сладость', 'отказываться']"
1,1,0,0,1,0,1,0,1,1,1,0,1,0,0,0,1,0,1,0,1,0,"['итог', 'довольный', 'мама', 'который', 'ребенок', 'худеть', 'порция', 'стасик', 'сидеть', 'диета', 'знак-кавычки']"
1,0,1,1,1,1,1,1,1,1,1,1,1,1,1,1,1,1,1,1,1,0,"['ежедневно', 'кусок', 'черный', 'хлеб', 'маргарин', 'яблоко', 'чай', 'сахар']"
1,1,0,1,1,1,1,1,1,1,1,1,1,1,1,1,1,1,1,1,1,0,"['зря', 'древний', 'охотник', 'верить', 'печень', 'воин', 'обретать', 'сила']"
1,1,1,1,1,1,1,1,1,1,1,1,1,1,1,1,1,1,1,1,1,0,"['стоянка', 'черника', 'голубика', 'сев', 'услышать', 'здоровье', 'стакан', 'ягода', 'покорно', 'пойти', 'пастись', 'доложить', 'исполнение', 'назначение']"
0,1,0,0,0,0,0,0,1,1,1,0,1,0,0,0,0,0,1,0,0,0,"['волк', 'украсть', 'маленький', 'теленочек', 'принести', 'домой']"
1,0,1,1,1,1,1,1,1,1,1,1,1,1,1,1,1,1,1,1,1,0,"['запах', 'рот', 'свидетельствовать', 'пища']"
1,1,1,1,1,1,1,1,1,1,1,1,1,1,1,1,1,1,1,1,1,0,"['застолье', 'жирный', 'вариант', 'бутерброд', 'щедро', 'намазать', 'сливочный', 'масло', 'пресловутый', 'салат', 'оливье', 'который', 'традиция', 'заправлять', 'майонез', 'желудок', 'образоваться', 'защитный', 'пленка', 'препятствовать', 'быстрый', 'впитывание', 'алкоголь', 'знак-кавычки']"
1,0,1,1,1,1,1,1,1,1,1,1,1,1,1,1,1,1,1,1,1,0,"['глотка', 'крупный', 'спиртное', 'проваливаться', 'желудок', 'взаимодействовать', 'ранее', 'закуска', 'см', 'высокий', 'частично', 'расщепляться', 'фермент', 'впитываться', 'стенка', 'кружный', 'путь', 'кровеносный', 'система', 'добираться', 'мозг', 'знак-кавычки', 'знак-кавычки']"
1,0,0,0,1,1,1,1,1,1,1,1,1,0,0,1,1,1,1,1,1,0,"['например', 'группа', 'американский', 'исследователь', 'один', 'мышка', 'родиться', 'шестой', 'поколение', 'мама']"
1,1,1,1,1,1,1,1,1,1,1,1,1,1,1,1,1,1,1,1,1,0,"['критерий', 'здоровый', 'аппетит', 'сильный', 'желание']"
1,1,1,1,1,1,1,1,1,1,1,1,1,1,1,1,1,1,1,1,1,0,"['болезнь', 'желчный', 'пузырь', 'следовать', 'ежедневно', 'натощак', 'груша', 'пить', 'компот', 'дикий', 'сахар']"
1,1,1,1,1,1,1,1,1,1,1,1,1,1,1,1,1,1,0,1,1,0,"['ежедневно', 'воспаление']"
1,1,1,1,1,1,1,1,1,1,1,1,1,1,1,1,1,1,0,1,1,0,"['получить', 'заветный', 'счастье', 'удача', 'полагаться', 'цветок']"
1,1,1,0,1,1,1,1,1,1,1,1,1,1,0,1,1,1,0,1,1,0,"['смесь', 'ночь']"
1,0,1,1,1,1,1,1,1,1,1,1,0,1,0,1,1,1,0,1,1,0,"['овощ', 'фрукт', 'возраст', 'давать', 'натереть', 'мелкий', 'терка', 'отдельный', 'маленький', 'кусочек', 'мес', 'целый', 'порция', 'ребенок', 'поздно', 'улучшение', 'жевание']"
1,0,1,1,1,1,0,1,0,1,1,1,0,1,1,1,0,1,0,1,0,0,"['профилактика', 'авитаминоз', 'достаточно', 'ягода', 'день', 'лечение', 'необходимо', 'увеличить', 'норма']"
1,1,1,1,1,1,1,1,1,1,1,1,0,1,1,1,1,1,0,1,1,0,"['каждый', 'час', 'пища', 'содержать', 'природный', 'сахар', 'долька', 'апельсин', 'один', 'штучка', 'курага', 'четвертинка', 'банан', 'кусочек', 'яблоко', 'полчайный', 'ложка', 'мед']"
1,1,1,0,1,1,1,1,1,1,1,0,1,0,0,0,1,0,0,0,1,0,"['вывести', 'организм', 'токсин', 'каждый', 'день', 'чайный', 'ложка', 'молотый', 'пшеничный', 'отруби', 'г', 'обогатить', 'клетчатка', 'хлебец']"
1,0,1,1,1,1,1,1,1,1,1,1,0,1,1,1,1,1,0,1,1,0,"['оставить', 'крошка', 'хлеб', 'считаться', 'грех', 'сметать', 'ладонь', 'жадность', 'знак', 'глубокий', 'уважение', 'продукт', 'олицетворять', 'нелегкий', 'труд', 'землепашец']"
1,1,1,1,1,1,1,1,1,1,1,1,0,1,1,1,1,1,0,1,1,0,"['группа', 'пирожок', 'оседать', 'ближайший', 'кафе', 'ожидание', 'эффект']"
1,1,1,1,1,1,1,1,1,0,0,1,1,1,1,1,1,1,0,1,1,0,"['ежедневно', 'житель', 'сша', 'гектар', 'пицца']"
1,1,1,1,1,1,1,1,1,1,1,1,0,1,1,1,1,1,0,1,1,0,"['сегодня', 'побить', 'рекорд', 'расстояние', 'день', 'час', 'путь', 'цать', 'выпить', 'вода', 'придорожный', 'мат', 'пыль', 'натереть', 'задница', 'количество', 'антон']"
1,0,1,1,1,1,1,1,1,1,1,1,1,1,1,1,1,1,0,1,1,0,"['круглосуточно', 'огромный', 'полуведерный', 'порция', 'салат', 'гора', 'картошка', 'здоровенный', 'кусок', 'мясо']"
0,0,1,1,0,0,0,0,0,1,0,0,0,1,1,0,0,0,0,0,0,0,"['нежный', 'вкус', 'мед', 'сметанный', 'кислинка', 'оттенять', 'невозможно', 'блин', 'другой']"
0,0,1,1,0,0,0,0,0,1,0,0,0,1,1,0,0,0,0,0,0,0,"['приходить', 'домой', 'борщ', 'койка']"
1,1,1,0,1,1,1,1,1,1,1,1,1,1,0,1,1,1,0,1,1,0,"['кора', 'мелкий', 'веточка', 'остаться', 'строить', 'новый', 'плотина']"
0,1,1,1,0,1,1,1,1,1,1,1,1,1,1,1,1,1,0,1,1,0,"['завтрак', 'генрих', 'валентинович', 'обычно', 'бутерброд', 'выпивать', 'полулитровый', 'кружка', 'крепчайший', 'приторный', 'кофе']"
1,1,1,0,1,1,1,1,1,0,1,1,1,1,0,1,1,1,0,1,1,0,"['заходить', 'обед', 'стоять', 'рядом', 'молча', 'наблюдать', 'знак-кавычки']"
1,1,1,1,1,1,1,1,1,1,1,1,0,1,1,1,1,1,0,1,1,0,"['улучшать', 'усвоение', 'кальций', 'сырой', 'тыквенный', 'семечко', 'штука', 'день', 'месяц', 'орех', 'говяжий', 'печень', 'рыбий', 'жир', 'теша', 'жирный', 'порода', 'рыба']"
1,1,1,1,1,1,1,1,1,1,1,1,1,1,1,1,1,1,0,1,1,0,"['заболевание', 'печень', 'желчевыводящий', 'путь', 'рекомендоваться', 'натощак', 'ежедневно', 'г', 'свежий', 'сырой', 'свекла', 'выпивать', 'стакан', 'день', 'мина', 'еда', 'смесь', 'сок', 'морковь', 'огурец']"
1,1,1,1,1,1,1,1,1,1,1,1,0,1,1,1,1,1,0,1,1,0,"['кусочек', 'день', 'полный', 'безболезненный', 'исчезновение', 'геморрой']"
0,0,0,0,0,0,1,0,1,0,0,0,0,1,0,0,1,0,0,0,1,0,"['завтрак', 'каша', 'запивать', 'обезжирить', 'ным', 'кефир']"
1,1,1,1,1,1,1,1,1,1,1,0,1,1,1,0,1,0,0,0,1,0,"['получиться', 'стакан', 'готовый', 'каша', 'первый', 'день', 'скоро', 'гречка']"
0,0,1,1,0,0,0,0,0,0,0,0,0,1,1,0,0,0,0,0,0,0,"['говорить', 'серьезный', 'заболевание', 'выпивать', 'огромный', 'количество', 'лекарство', 'быстро', 'прийти', 'форма']"
1,1,1,1,1,1,1,1,1,1,1,1,1,0,0,1,1,1,0,1,1,0,"['каждый', 'женщина', 'мечтать', 'красивый', 'стройный', 'отказывать', 'удовольствие', 'пара', 'шоколадка', 'выпить', 'молочный', 'коктейль']"
0,0,1,1,0,0,0,0,0,0,0,0,0,1,1,0,0,0,0,0,0,0,"['приготовить', 'мясо', 'общий', 'трапеза', 'раздавать', 'сосед', 'неимущий', 'жертва', 'идха', 'совершаться', 'аллах', 'должный', 'принести', 'польза', 'нуждающийся', 'награда', 'жертвователь', 'жизнь', 'будущий']"
0,1,1,0,1,1,1,1,1,1,1,1,1,1,0,1,1,1,0,1,1,0,"['спешить', 'каша', 'торопиться', 'насладиться', 'лакомство']"
1,0,1,1,1,1,1,1,1,1,1,1,0,0,0,1,1,1,0,1,1,0,"['молча', 'зайти', 'именинник', 'вручить', 'подарок', 'оливье', 'селедка', 'шуба', 'торт', 'уйти', 'восвояси']"
1,0,1,0,1,1,1,1,1,1,1,1,0,1,1,1,1,1,0,1,1,0,"['мочекаменный', 'болезнь', 'растворение', 'камень', 'полезный', 'ежедневно', 'яблоко', 'выпивать', 'стакан', 'смесь', 'морковный', 'свекольный', 'огуречный', 'сок']"
1,0,1,1,1,1,1,1,1,1,1,1,0,1,1,1,1,1,0,1,1,0,"['собрать', 'ядрышко']"
1,1,1,1,1,1,1,1,1,1,1,1,0,1,1,1,1,1,0,1,1,0,"['дробить', 'камень', 'почка', 'совершенно', 'безболезненный', 'приятный', 'способ', 'кг', 'мандарин', 'каждый', 'день', 'неделя']"
0,0,1,1,0,1,1,1,1,1,1,1,0,1,1,1,1,1,1,1,1,0,"['цветок', 'завянуть', 'шоколадка', 'первый', 'радостный', 'эмоция', 'пройти', 'украшение', 'остаться', 'радовать', 'долгий', 'время']"
1,1,1,1,1,1,1,1,1,1,1,1,1,1,1,1,1,1,0,1,1,0,"['накладывать', 'детский', 'тарелка', 'еда', 'больше', 'ребенок', 'состояние']"
1,0,1,1,1,1,1,1,1,1,1,1,0,1,1,1,1,1,1,1,1,0,"['дорогой', 'забывать', 'польза', 'приносить', 'еда', 'удовольствие']"
1,1,1,1,1,1,1,1,1,1,1,1,1,1,1,1,1,1,0,1,1,0,"['насильственно', 'заставлять', 'большой', 'объем', 'пища']"
0,0,1,1,0,0,0,0,0,0,0,0,1,1,1,0,0,0,0,0,0,0,"['кен', 'эдвардс', 'великобритания', 'делать', 'один', 'минута', 'таракан', 'фестиваль', 'лондон', 'март', 'год']"
0,0,1,1,0,1,1,0,1,1,1,1,0,1,1,1,1,1,0,1,1,0,"['день', 'ягода', 'чернослив', 'положительно', 'сказаться', 'кожа']"
0,1,0,0,0,0,0,0,0,0,0,0,0,0,0,0,0,0,0,0,0,0,"['стоить', 'беременный', 'соленый', 'поваренный', 'соль', 'основной', 'поставщик', 'ион', 'натрий', 'организм', 'выпить', 'обычно', 'вода', 'отек', 'дать', 'знать']"
1,1,1,1,1,1,1,1,1,1,1,1,0,1,1,1,1,1,0,1,1,0,"['замечательный', 'противоотечный', 'эффект', 'обладать', 'арбуз', 'который', 'рекомендоваться', 'целиком', 'один', 'разгрузочный', 'день']"
0,1,1,1,0,0,0,0,0,0,0,1,1,1,1,1,0,1,0,1,0,0,"['поесть', 'например', 'один', 'желание', 'достаточно', 'иметь', 'пища', 'возможность', 'взять', 'разжевать']"
0,0,1,1,0,1,0,1,0,0,0,1,0,1,1,1,0,1,0,1,0,0,"['сила', 'борьба', 'сопротивление', 'голод', 'жгучий', 'желание', 'быстро']"
0,0,1,0,0,0,0,0,0,0,0,0,0,1,0,0,0,0,0,0,0,0,"['рисовый', 'каша', 'прием', 'утро', 'вечер', 'запивать', 'компот', 'разделить', 'утренний', 'вечерний', 'один', 'стакан']"
1,0,1,0,1,1,1,1,1,1,1,1,0,1,1,1,1,1,0,1,1,0,"['желание', 'порция', 'другой', 'морской', 'капуста', 'закусить', 'мидия', 'обусловить', 'дефицит', 'йод']"
0,0,0,0,0,0,0,0,0,0,0,0,0,1,0,0,0,0,0,0,0,0,"['например', 'приложить', 'лед', 'шея', 'полежать', 'темнота', 'горький', 'шоколад']"
0,1,0,0,0,0,0,0,0,0,0,0,0,1,0,0,0,0,0,0,0,0,"['порция', 'приправа', 'соль']"
0,0,0,0,0,0,1,0,1,0,1,0,0,0,0,0,1,0,0,0,1,0,"['наступить', 'холод', 'жаркий', 'день', 'хотеться', 'холодный', 'утолять', 'голод', 'жажда']"
0,0,0,0,0,0,0,0,0,0,0,0,0,0,0,0,0,0,0,0,0,0,"['мякоть', 'кг', 'день']"
0,1,0,0,0,0,0,0,0,1,1,0,0,0,0,0,0,0,0,0,0,0,"['каша', 'остынуть']"
0,0,0,0,0,0,0,0,0,0,0,0,0,0,0,0,0,0,0,0,0,0,"['после', 'иметь', 'смысл', 'яблоко', 'вариант', 'сидеть', 'жесткий', 'диета']"
0,0,1,1,0,0,0,0,0,0,0,0,0,1,1,0,0,0,0,0,0,0,"['ожидать', 'разгон', 'скорость', 'обмен', 'вещество', 'произойти', 'запросто', 'полный', 'состав', 'уйти', 'лишний', 'вес']"
1,1,1,1,1,1,1,1,1,1,1,1,1,1,1,1,1,1,0,1,1,0,"['итог', 'заблудиться', 'лес', 'медведь']"
0,0,0,0,0,0,0,0,0,0,0,0,0,0,0,0,0,0,0,0,0,0,['торт']
0,0,0,0,0,0,1,0,1,1,1,0,0,0,1,0,1,0,0,0,1,0,"['история', 'возникновение', 'блюдо', 'уходить', 'глубь', 'тысячелетие', 'древний', 'греция', 'хозяйственный', 'грек', 'научиться', 'запекать', 'тесто', 'разный', 'приправа', 'служить', 'всевозможный', 'съедобный', 'припасы', 'который', 'успевать', 'догадаться', 'сегодня', 'новый', 'рецепт', 'пицца', 'домашний', 'колбаса', 'нравиться', 'ребеночек', 'печь', 'довольно', 'часто']"
0,0,0,0,0,0,0,0,0,0,0,0,0,0,0,0,0,0,0,0,0,0,"['верить', 'статистика', 'каждый', 'швед', 'ежегодно', 'кг', 'сахар']"
1,1,0,0,1,1,0,1,0,0,0,1,1,1,0,1,0,1,0,1,0,0,"['окрошка', 'суп', 'брокколи', 'клубный', 'сэндвич', 'который', 'иметь', 'удивительный', 'свойство', 'часто', 'заказывать', 'начинать', 'раздражать']"
0,0,0,0,0,0,0,0,0,0,0,0,0,0,0,0,0,0,0,0,0,0,"['девушка', 'знать', 'поддержание', 'стройный', 'фигура', 'вовремя']"
0,0,1,0,0,0,0,0,0,0,0,0,0,1,0,0,0,0,0,0,0,0,"['пригодиться', 'утро', 'каша', 'голодный', 'желудок', 'плохо', 'анестезировать']"
0,1,1,0,0,0,0,0,0,0,0,0,0,1,0,0,0,0,0,0,0,0,"['нормальный', 'работа', 'человек', 'год', 'должный', 'кг', 'зелень']"
0,0,0,0,0,0,0,0,0,0,0,0,0,0,0,0,0,0,0,0,0,0,"['суть', 'показатель', 'который', 'определять', 'изменение', 'содержание', 'глюкоза', 'сахар', 'кровь', 'показывать', 'насколько', 'возрастать', 'зависимость', 'продукт']"
0,1,0,0,0,0,0,0,0,0,0,0,1,0,0,0,0,0,0,0,0,0,"['высоко', 'гликемический', 'индекс', 'продукт', 'высокий', 'поступление', 'организм', 'подняться', 'уровень', 'сахар', 'кровь', 'очередь', 'повлечь', 'выработка', 'мощный', 'порция', 'инсулин', 'который', 'углевод', 'запасти', 'гликоген', 'печень', 'мышца', 'отправить', 'главный', 'образ', 'жировой', 'депо']"
0,0,1,0,0,0,0,0,0,0,0,0,0,1,0,0,0,0,0,0,0,0,"['снимать', 'кожица', 'пользоваться', 'нож', 'вилка', 'помощь', 'отрезать', 'кусочек']"
0,1,0,0,0,0,0,0,1,1,1,0,1,0,0,0,0,0,0,0,1,0,"['виноград', 'правило', 'целиком']"
1,0,1,0,0,1,0,1,0,0,0,0,0,1,0,1,0,1,0,1,0,0,"['качество', 'жизнь', 'человек', 'зависеть', 'фрукт', 'овощ', 'день']"
0,1,1,1,0,0,0,0,0,0,0,0,1,1,1,0,0,0,0,0,0,0,"['желтый', 'красный', 'яблоко', 'человек', 'легко', 'зеленый', 'плохо']"
0,0,1,0,0,0,0,0,0,0,0,0,0,0,0,0,0,0,0,0,0,0,"['набрасываться', 'дача', 'зелень', 'хорошо', 'сначала', 'попробовать']"
0,0,0,0,0,0,0,0,0,0,0,0,0,0,0,0,0,0,0,0,0,0,"['клубника', 'зима', 'организм', 'примета', 'запланировать']"
1,0,0,0,1,0,1,0,0,0,0,1,0,0,0,0,1,0,0,0,0,0,"['рыба', 'спать']"
0,1,0,0,0,0,0,0,0,0,0,0,0,0,0,0,0,0,0,0,0,0,"['считаться', 'убить', 'укусить', 'бешеный', 'животное', 'сырой', 'вид', 'мозг', 'печень', 'болезнь', 'развиваться']"
1,0,0,0,1,1,0,1,0,0,0,1,1,0,0,1,0,1,0,1,0,0,"['укус', 'истолочь', 'порошок', 'один', 'корешок', 'посыпать', 'хлеб', 'намазать', 'коровий', 'масло']"
1,0,1,0,1,1,0,1,0,1,1,1,0,1,0,1,0,1,0,1,1,0,"['например', 'часто', 'обращаться', 'диабетик', 'вопрос', 'килограмм', 'хлебец', 'день', 'совершенно', 'забывать', 'любой', 'продукт', 'пойти', 'польза', 'соблюдать', 'мера', 'употребление']"
0,0,0,1,0,0,0,0,0,0,0,0,0,0,1,0,0,0,0,0,0,0,"['повсюду', 'развесить', 'баранка', 'который', 'каждый', 'желающий']"
0,0,0,0,0,0,0,0,0,1,0,0,0,1,0,0,0,0,0,0,0,0,"['позволять', 'расслабиться', 'пара', 'мандарин']"
0,0,0,0,0,0,0,0,0,0,0,0,0,0,0,0,0,0,0,0,0,0,"['люсси', 'бродяга', 'южный', 'широта', 'остаться', 'зуб']"
0,1,1,1,0,0,0,0,0,0,0,0,1,1,1,0,0,1,0,1,0,0,"['плохой', 'высококалорийный', 'продукт', 'вместе', 'салат', 'овощ', 'некоторый', 'фрукт', 'прием', 'пища']"
0,0,0,1,0,0,1,0,0,0,0,0,0,1,1,0,1,0,0,0,1,0,"['кофе', 'чай', 'добавляться', 'сахар', 'допустимый', 'чайный', 'ложечка', 'мед']"
1,0,0,0,1,0,0,0,0,0,0,1,1,0,0,1,0,0,0,0,0,0,"['кусок', 'ржаной', 'хлеб', 'обед', 'позволить', 'бокал', 'сухой', 'вино']"
0,1,0,0,0,0,0,0,0,0,0,0,0,0,0,0,0,0,0,0,0,0,"['сформировать', 'зуб', 'род', 'защитный', 'барьер', 'уменьшить', 'уровень', 'пигментация', 'салат', 'латук', 'брокколи', 'предотвратить', 'появление', 'пятно', 'эмаль', 'практически', 'невозможно']"
0,1,0,0,0,0,0,0,0,0,0,0,1,1,0,0,0,0,0,0,0,0,"['основать', 'яблоко', 'который', 'каждый', 'час']"
0,0,0,0,0,0,0,0,0,0,0,0,0,0,0,0,0,0,0,0,0,0,"['утро', 'тарелка', 'хлопья', 'высокий', 'содержание', 'клетчатка', 'избавить', 'острый', 'чувство', 'голод', 'день']"
0,1,0,1,0,0,0,0,0,0,0,0,1,0,0,0,0,0,1,0,0,0,"['один', 'исследование', 'показать', 'человек', 'первый', 'тарелка', 'суп', 'сметана', 'правило', 'употреблять', 'калория']"
0,0,1,0,0,0,0,0,0,0,0,0,0,1,0,0,0,0,0,0,0,0,"['страдать', 'серьезный', 'похмелье', 'утро', 'должный', 'иметь', 'ночь', 'пить', 'минеральный', 'вода', 'становиться', 'ложка', 'мед', 'крепкий', 'кофе']"
0,1,1,1,0,1,0,1,1,1,1,1,0,1,1,1,0,1,0,1,1,0,"['марафон', 'судорога', 'хороший', 'средство', 'шт', 'курага', 'залить', 'ночь', 'полстакана', 'кипяток', 'утро', 'натощак', 'выпить', 'настой']"
0,0,0,0,0,0,0,0,0,0,0,0,0,0,0,0,0,0,0,0,0,0,"['ежедневно', 'достаточно', 'г', 'волоконный', 'пища', 'зерновой', 'фрукт', 'овощ', 'пищевой', 'добавка']"
1,1,0,0,1,0,0,0,0,0,0,0,0,0,0,0,0,0,0,0,0,0,"['день', 'чувствовать', 'полный', 'энергия', 'желательно', 'мясной', 'свежий', 'овощ', 'кусочек', 'хлеб', 'иметь', 'значение', 'белый', 'серый', 'черный']"
1,1,0,1,1,1,1,1,1,1,1,1,1,1,1,1,1,1,1,1,1,0,"['обед', 'стоить', 'отказываться', 'один', 'шанс', 'пополнить', 'организм', 'энергия', 'вкусненький', 'совместить', 'полезный', 'приятный', 'посветить', 'обеденный', 'часы', 'употребление', 'печеный', 'картофель', 'спагетти', 'возможный', 'каша', 'манный']"
1,0,0,1,1,1,1,1,1,1,1,1,1,0,1,1,1,1,1,1,1,0,"['исключение', 'правило', 'являться', 'бутерброд', 'который', 'тонкий', 'слой', 'масло', 'обильный', 'покров', 'колбаса', 'сыр', 'варенье']"
1,0,1,1,1,1,1,1,1,1,1,1,1,1,1,1,1,1,1,1,1,0,"['добыча', 'пища', 'лев', 'выходить', 'соединиться', 'группа', 'констатировать', 'иметься', 'возможность', 'умертвить', 'крупный', 'животное', 'например', 'жираф', 'вести', 'охота', 'избегать', 'получение', 'серьезный', 'травма']"
1,0,1,1,1,1,1,1,1,1,1,1,1,1,1,1,1,1,1,1,1,0,"['установить', 'существовать', 'постоянный', 'баланс', 'углевод', 'зависеть', 'количество']"
1,0,0,1,1,1,1,1,1,1,1,1,0,1,1,1,1,1,1,1,1,0,"['значить', 'баланс', 'положительный', 'сутки', 'углевод', 'окислить', 'меньший', 'количество', 'употребить', 'следующий', 'день']"
1,0,1,1,1,1,1,1,1,1,1,1,0,1,1,1,1,1,1,1,1,0,"['частный', 'случай', 'испечь', 'пирожок']"
1,0,1,1,1,1,1,1,1,1,1,1,0,1,1,1,1,1,1,1,1,0,"['принести', 'блюдо', 'зверский', 'аппетит', 'замечать', 'морщинистый', 'щека', 'материнский', 'лицо', 'растекаться', 'узкий', 'горный', 'ручей', 'тихий', 'слеза']"
1,0,1,0,1,1,1,1,1,1,0,1,1,1,1,1,1,1,1,1,1,0,"['рост', 'щенок', 'приобретать', 'способность', 'один', 'прием', 'следовательно', 'увеличить', 'порция', 'число', 'кормление', 'необходимо', 'уменьшить']"
1,0,1,1,1,1,1,1,1,1,1,1,1,1,1,1,1,1,1,1,1,0,"['египтянин', 'тайцы', 'ужин', 'сидеть', 'подушечка', 'низкий', 'стол']"
1,1,1,1,1,1,1,1,1,1,1,1,1,1,1,1,1,1,1,1,1,0,"['синий', 'посуда', 'темно-голубой', 'скатерть', 'помочь', 'меньший', 'порция']"
1,0,1,1,0,1,1,1,1,1,1,1,1,1,0,1,1,1,1,1,1,0,"['британский', 'ученый', 'выяснить', 'телевизионный', 'реклама', 'пищевой', 'продукт', 'заставлять', 'выбирать', 'вредный', 'фигура']"
1,0,1,1,1,1,1,1,1,1,1,1,0,1,1,1,1,1,1,1,1,0,"['недостаток', 'сон', 'способствовать', 'возникновение', 'неконтролируемый', 'аппетит', 'постоянный', 'желание', 'сладкое']"
1,0,1,1,1,1,1,1,1,1,1,1,1,1,1,1,1,1,1,1,1,0,"['грамм', 'белый', 'хлеб', 'день', 'обеспечивать', 'суточный', 'норма', 'кальций', 'фосфор', 'магний', 'железо', 'процент-знак']"
1,1,1,1,1,1,0,1,0,0,0,1,1,1,1,1,0,1,1,1,0,0,"['японский', 'кухня', 'пряность', 'использовать', 'нейтрализация', 'вкус', 'суша']"
1,1,1,0,1,1,0,1,0,0,0,1,1,1,0,1,0,1,1,1,0,0,"['например', 'знаменитый', 'нападающий', 'бостон', 'год', 'дерек', 'сандерсон', 'печь', 'игра', 'шоколадный', 'печенье', 'орех', 'легендарный', 'ред', 'келли', 'каждый', 'отправляться', 'рыбалка', 'ги', 'лефлер', 'матч', 'курить', 'исключительно', 'ментоловый', 'сигарета', 'джо', 'ньюиндайк', 'непременно', 'тост', 'арахисовый', 'масло', 'игрок', 'рейнджерс', 'рон', 'дагуэй', 'расчесывать', 'длинный', 'локон', 'ровно', 'перерыв', 'период', 'знак-кавычки', 'знак-кавычки', 'знак-кавычки']"
1,1,1,1,1,1,1,1,1,1,1,1,1,1,1,1,1,1,1,1,1,0,"['посмотреть', 'радость', 'сильно', 'захотеться', 'сперва', 'поджарить']"
0,1,1,0,0,0,0,0,0,0,0,0,1,0,0,0,0,0,1,0,0,0,"['настойка', 'чеснок', 'капля', 'небольшой', 'количество', 'вода', 'день', 'вечер', 'зубчик', 'смена', 'головка', 'репчатый', 'лук', 'отсутствие', 'противопоказание', 'например', 'болезнь', 'печень', 'почка']"
0,0,1,0,0,0,0,0,0,0,0,0,0,0,0,0,0,0,1,0,0,0,"['получить', 'кашица', 'утро', 'завтрак', 'тщательно', 'пережевывать']"
0,1,1,0,0,1,1,1,1,1,1,1,1,1,1,1,1,1,1,1,1,0,"['полезно', 'ежедневно', 'прием', 'один', 'стакан', 'ядро', 'грецкий', 'орех', 'запивать', 'козий', 'молоко']"
0,0,1,0,0,0,0,0,0,0,0,0,0,0,0,0,0,0,1,0,0,0,"['ежедневно', 'ложка', 'салат', 'свежий', 'корень', 'пастернак', 'тушеный', 'подать', 'гарнир', 'мясо', 'выпивать', 'полстакана', 'теплый', 'настой', 'семя']"
0,0,1,1,0,1,0,1,0,0,0,1,1,1,1,1,0,1,1,1,0,0,"['открыть', 'сухой', 'паек', 'клык', 'долго', 'думать', 'резко', 'голод', 'прижать', 'первый', 'попасться', 'рука']"
0,1,1,0,0,0,0,0,0,0,0,0,1,1,0,0,0,0,0,0,0,0,"['овсяный', 'каша', 'завтрак', 'благотворно', 'повлиять', 'дальнейший', 'настроение', 'условие', 'удовольствие']"
0,1,0,1,0,0,0,0,0,0,0,0,1,1,1,0,0,0,1,0,0,0,"['гусеница', 'птица', 'другой', 'насекомое']"
0,1,1,0,0,0,0,0,0,0,0,0,1,0,0,0,0,0,1,0,0,0,"['время', 'питание', 'один', 'личинка', 'хвоинка', 'верхушка', 'дерево', 'высыхать']"
1,1,0,0,1,1,0,1,0,0,0,1,1,0,0,1,0,1,1,1,0,0,"['успеть', 'авокадо', 'мясной', 'блюдо', 'непереводимый', 'название']"
0,0,0,0,0,0,0,0,0,0,0,0,1,1,0,0,0,0,1,0,0,0,"['вдруг', 'приспичить']"
0,1,1,0,0,0,0,0,0,0,0,0,1,1,0,0,0,0,1,0,0,0,"['захотеться', 'сделать']"
0,1,1,0,0,0,0,0,0,0,0,0,1,0,0,0,0,0,1,0,0,0,"['большой', 'количество', 'пиво', 'соленый', 'сухарик', 'доказать', 'возбуждать', 'аппетит']"
1,0,1,1,1,1,1,1,1,1,1,1,0,1,0,1,1,1,1,1,1,0,"['автор', 'изыскание', 'предполагать', 'один', 'мысль', 'нездоровый', 'пища', 'способный', 'подавлять', 'чувство', 'голод', 'справиться', 'переедание']"
1,0,1,0,1,1,1,1,1,1,1,1,1,0,0,1,1,1,1,1,1,0,"['муравей', 'призрак', 'видно', 'стенка', 'тело']"
0,0,1,0,0,0,0,0,0,0,0,0,1,0,0,0,0,0,1,0,0,0,"['пребывать', 'состояние', 'грусть', 'печаль', 'наслаждение', 'один', 'шоколадка', 'другой']"
1,1,1,0,1,1,1,1,1,1,1,1,0,1,1,1,1,1,1,1,1,0,"['грамм', 'обезжиренный', 'творог', 'выдать', 'организм', 'целый', 'набор', 'полезный', 'аминокислота', 'минеральный', 'вещество', 'витамин']"
1,0,1,1,1,1,1,1,1,1,1,1,1,1,1,1,1,1,1,1,1,0,"['мясо', 'возникнуть', 'отравление']"
0,0,1,0,0,0,0,0,0,0,0,0,1,0,0,0,0,0,1,0,0,0,['клетчатка']
0,0,1,0,0,0,1,0,1,1,1,0,0,0,0,0,1,0,1,0,1,0,"['птичка', 'обирать', 'самый', 'спелый', 'сочный', 'зерно', 'кофе', 'оставлять', 'мелкий', 'дробь']"
0,0,1,0,0,0,0,0,0,0,0,0,1,0,0,0,0,0,1,0,0,0,"['килограмм', 'овощ', 'дополнение', 'бульон', 'грудка', 'получить', 'ккал', 'сумма']"
1,1,1,1,1,1,1,1,1,1,1,0,1,1,0,0,1,1,1,1,1,0,"['часть', 'доброволец', 'стать', 'питаться', 'день', 'другой', 'точно', 'пища', 'прием']"
1,1,1,1,1,1,1,1,1,1,1,0,1,1,0,0,1,0,1,0,1,0,"['группа', 'студент', 'ккал', 'день', 'питаться', 'редко', 'усваиваться', 'больше', 'подсчитать', 'величина', 'замедление', 'обмен', 'вещество']"
0,0,1,0,0,0,0,0,0,0,0,0,1,0,0,0,0,0,1,0,0,0,"['взрослый', 'яйцо']"
0,0,1,1,0,0,0,0,0,0,0,0,0,0,0,0,0,0,1,0,0,0,"['успеть', 'попить', 'кофеек', 'набережная', 'пицца', 'камень', 'старый', 'город']"
0,0,1,0,0,0,0,0,0,0,0,0,0,0,0,0,0,0,1,0,0,0,"['котэ', 'долго', 'принюхиваться', 'мясо', 'итог', 'кусочек']"
0,0,1,0,0,0,0,0,0,0,0,0,1,0,0,0,0,0,1,0,0,0,"['нужный', 'один', 'вареный', 'яйцо', 'полдень', 'грамм', 'отварной', 'мясо', 'час', 'нежирный', 'сыр']"
0,0,0,0,0,0,0,0,0,0,0,0,0,1,0,0,0,0,0,0,0,0,"['верить', 'статистика', 'женщина', 'жизнь', 'использовать', 'тюбик', 'губной', 'помада', 'среднее', 'килограмм']"
0,0,1,0,0,1,0,0,0,0,0,0,0,1,0,0,0,1,1,0,0,0,"['статистика', 'говорить', 'мужчина', 'четверть', 'количество', 'кг', 'гр']"
0,1,1,0,0,0,0,0,0,0,0,0,1,0,0,0,0,0,1,0,0,0,"['половина', 'десерт']"
0,1,1,0,0,0,0,0,0,0,0,0,0,0,0,0,0,0,1,0,0,0,"['усвоение', 'обязательно', 'жирный', 'пища']"
0,0,1,1,0,0,0,0,0,0,0,0,1,1,1,0,0,0,1,0,0,0,"['следующий', 'день', 'записывать', 'фиксировать', 'ощущение', 'связанный', 'еда']"
1,1,0,0,1,1,1,1,1,1,1,1,1,0,0,1,1,1,1,1,1,0,"['разжечь', 'костер', 'вскипятить', 'вода', 'быстросуп', 'отважиться', 'денис']"
1,1,1,1,1,1,1,1,1,1,1,1,1,1,1,1,1,1,1,1,1,0,"['один', 'величайший', 'король', 'людовик', 'святой', 'прислуживать', 'нищий', 'стол', 'ежедневно', 'сажать', 'любовь', 'остаток', 'пища']"
1,1,1,1,1,1,1,1,1,1,1,1,1,1,1,1,1,1,1,1,1,0,"['достаточно', 'г', 'креветка', 'ежедневно', 'память', 'знак-кавычки']"
1,0,1,1,1,1,1,1,1,1,1,1,1,1,1,1,1,1,1,1,1,0,"['случаться', 'пегас', 'цветок', 'красный', 'белый', 'люцерна', 'выбирать', 'самый', 'сладкий']"
0,1,0,0,0,0,0,0,0,0,0,0,1,0,0,0,0,0,1,0,0,0,"['дама', 'должно', 'прием', 'пища', 'следовать', 'небольшой', 'количество', 'еда']"
1,1,1,1,1,1,1,1,1,1,1,1,1,1,1,1,1,1,1,1,1,0,"['жар', 'ребенок', 'меньший', 'кол', 'еда', 'стул', 'порядок', 'равный', 'стоить', 'показаться', 'педиатр']"
1,0,1,1,1,1,1,1,1,1,1,1,1,1,1,1,1,1,1,1,1,0,"['простой', 'рецепт', 'довольно', 'быстро', 'готовиться', 'рыбка', 'получаться', 'вкусный', 'сок', 'обмакнуть', 'кусочек', 'хлеб']"
1,1,1,1,1,1,1,1,1,1,1,1,1,1,1,1,1,1,1,1,1,0,"['кусочек', 'сыр', 'творог', 'выпить', 'стакан', 'йогурт']"
1,0,1,1,1,1,1,1,1,1,1,1,1,1,1,1,1,1,1,1,1,0,"['производитель', 'детский', 'молочная', 'смесь', 'рекомендовать', 'каждый', 'готовить', 'ровно', 'питание', 'ребенок', 'способный', 'один', 'прием']"
1,1,0,1,1,1,1,1,1,1,1,1,1,1,1,1,1,1,1,1,1,0,"['день', 'один', 'яблоко', 'морковка', 'лист', 'капуста', 'вечер', 'ужин', 'хороший', 'салат', 'зеленый', 'овощ', 'создать', 'необходимый', 'предпосылка', 'устранение', 'геморрой']"
1,1,1,1,1,1,1,1,1,1,1,1,1,1,1,1,1,1,1,1,1,0,"['время', 'уборка', 'никто', 'позволить', 'больше', 'один', 'горсточка']"
1,1,1,1,1,1,1,1,1,1,1,1,1,1,1,1,1,1,1,1,1,0,"['яблоко', 'обед', 'ничто']"
0,1,0,0,0,0,0,0,0,0,0,0,1,0,0,0,0,0,1,0,0,0,"['один', 'особенность', 'ребенок', 'порция', 'еда', 'спокойно', 'сидеть', 'стол']"
1,1,0,0,1,1,0,1,0,0,0,1,0,0,0,1,0,1,0,1,0,0,"['клубника', 'оказывать', 'благотворный', 'антистрессовый', 'действие', 'помогать', 'поддерживать', 'хороший', 'настроение', 'г', 'ягода', 'быстро', 'нейтрализовать', 'отрицательный', 'эмоция']"
0,1,1,1,0,0,1,0,1,1,1,0,1,1,1,0,1,0,1,0,1,0,['яблоко']
0,1,1,0,0,0,0,0,0,0,0,0,1,1,0,0,0,0,1,0,0,0,"['день', 'позволительный', 'кг', 'пища', 'обязательно', 'включить', 'рацион', 'пункт', 'меню', 'знак-кавычки']"
1,1,0,0,1,1,1,1,1,1,1,1,1,0,1,1,1,1,1,1,1,0,"['эксперт', 'рекомендовать', 'женщина', 'гр', 'клетчатка', 'мужчина', 'ежедневно']"
0,1,1,1,0,1,1,1,1,1,1,1,1,1,1,1,1,1,1,1,1,0,"['нечто', 'больший', 'заведение', 'мусака', 'баклажан', 'мясо', 'запечь', 'соус', 'цацик', 'йогурт', 'огурец', 'чеснок', 'центр', 'деревенский', 'жизнь']"
1,1,1,0,1,1,1,1,1,1,1,1,1,1,0,1,1,1,1,1,1,0,"['приглашение', 'считаться', 'принятый', 'пара', 'кусочек']"
1,1,1,1,1,1,1,1,1,1,1,1,1,1,1,1,1,1,1,1,1,0,"['выходить', 'кормежка', 'ночь', 'подминать', 'овес', 'верхушка', 'растение']"
1,1,1,1,1,1,0,1,1,1,1,1,1,1,1,1,0,1,1,1,0,0,"['утро', 'лето', 'вставать', 'зима', 'час', 'выпивать', 'ежедневно', 'обязательный', 'порядок', 'стакан', 'кефир', 'слабить', 'слива', 'компот', 'огурец', 'тертый', 'терка', 'зуб', 'хорошо', 'небольшой', 'количество', 'маложирный', 'сметана', 'добавлять', 'долька', 'чеснок']"
1,1,1,1,1,1,1,1,1,1,1,1,1,1,1,1,1,1,1,1,1,0,"['стараться', 'каждый', 'день', 'граммулечек']"
0,1,1,1,0,0,0,0,0,0,0,0,1,1,1,0,0,1,1,1,0,0,"['обманывать', 'ст', 'ложка', 'сахар', 'кончик', 'четвертый', 'чуть-чуть', 'сахарок', 'мед']"
1,1,1,1,1,1,1,1,1,1,1,1,1,1,1,1,1,1,1,1,1,0,"['время', 'устраивать', 'разгрузочный', 'калиевый', 'день', 'полкило', 'курага', 'сухой', 'персик']"
0,0,1,0,0,1,1,1,1,1,1,1,1,1,0,0,1,1,1,1,1,0,"['оказываться', 'день', 'г', 'любой', 'ягода']"
0,0,1,0,0,0,0,0,0,0,0,0,1,0,0,0,0,0,1,0,0,0,"['ужин', 'заменить', 'салат', 'ягода', 'йогурт', 'любой', 'количество', 'потеря', 'вес', 'впечатлять']"
1,1,1,0,1,1,1,1,1,1,1,1,1,1,0,1,1,1,1,1,1,0,"['некоторый', 'болезнь', 'например', 'сахарный', 'диабет', 'аппетит', 'повышаться', 'целое', 'прослеживаться', 'вполне', 'четкий', 'тенденция', 'приводить', 'уменьшение', 'затрата', 'энергия', 'ребенок', 'двигаться', 'отражаться', 'количество', 'еда']"
0,0,1,1,0,1,1,1,1,1,1,0,1,1,1,0,1,1,1,1,1,0,"['иметь', 'значение', 'еда', 'ребенок', 'усвоиться', 'хватить', 'усвоить', 'знак-кавычки']"
1,1,0,0,1,1,1,1,1,1,1,1,1,0,0,1,1,1,1,1,1,0,"['накопиться', 'желудочный', 'кишечный', 'сок', 'управиться', 'работа', 'печень', 'поджелудочный', 'железа', 'освободиться', 'больший', 'часть', 'тонкий', 'кишечник', 'аппетит', 'появиться']"
0,0,1,1,0,1,1,1,1,1,1,0,1,1,1,0,1,0,1,0,1,0,"['следствие', 'очевидно', 'значительный', 'часть', 'аппетит', 'толком', 'перевариваться', 'усваиваться']"
1,1,0,0,1,1,0,1,0,0,0,1,1,0,0,1,0,1,0,1,0,0,"['ребенок', 'захотеть', 'обедать', 'отсутствовать', 'естественный', 'потребность', 'пища', 'охотно', 'согласиться', 'сладенький', 'вкусненький']"
1,1,1,1,1,1,1,1,1,1,1,1,1,1,1,1,1,1,1,1,1,0,"['продукт', 'море', 'многий', 'человек', 'оставаться', 'деликатес', 'заставить', 'морской', 'гад']"
1,1,0,0,1,1,1,1,1,1,1,1,1,0,0,1,1,1,1,1,1,0,"['подавать', 'большой', 'порция', 'паста', 'уменьшить', 'посетитель', 'привести', 'пример', 'знак-кавычки']"
1,0,0,0,1,1,1,1,1,1,1,1,0,0,0,1,1,1,1,1,1,0,"['кг', 'свежий', 'плод', 'добавить', 'селедка', 'лук', 'изгнать', 'солитер']"
1,1,1,1,1,1,0,1,0,0,0,1,1,1,1,1,0,1,1,1,0,0,"['вериться', 'настать', 'день', 'хлеб', 'хотеться']"
1,1,1,1,1,1,0,1,0,0,1,1,1,1,1,1,0,1,1,1,0,0,"['обед', 'простой', 'салат', 'заправка', 'фрукт']"
1,1,1,1,1,1,0,1,1,0,1,1,1,0,0,1,0,1,1,1,0,0,"['хотеться', 'грызть', 'лед', 'мясо']"
1,1,1,1,1,1,1,1,1,1,1,1,1,1,1,1,1,1,1,1,1,0,"['увидеть', 'ребенок', 'захотеть']"
0,0,0,0,0,0,0,0,0,0,0,0,0,0,0,0,0,0,1,0,0,0,"['последний', 'неделя', 'мучить', 'изжога', 'еда', 'оказываться', 'основной', 'унитаз']"
1,0,1,0,1,1,1,1,0,1,0,1,1,1,0,1,1,1,1,1,1,0,"['день', 'ягода', 'рябина']"
0,0,1,0,0,0,0,0,0,0,0,0,1,1,0,0,0,0,1,0,0,0,"['остаться', 'печень', 'убитый', 'враг']"
0,0,0,0,0,0,0,0,0,0,0,0,0,0,0,0,0,0,0,0,0,0,"['утро', 'маленький', 'ломтик', 'черный', 'хлеб', 'свеженький', 'огурчик', 'понадобиться', 'штучка']"
0,0,0,0,0,0,0,0,0,0,0,0,1,0,0,0,0,0,0,0,0,0,"['опытный', 'гид', 'знать', 'маршрут', 'наизусть', 'подсказать', 'экзотический', 'диетический', 'вкусненький']"
1,0,1,0,1,1,1,1,1,1,1,0,1,0,0,0,1,0,1,0,1,0,"['посидеть', 'настоящий', 'шумный', 'англичанин', 'плевать', 'иностранец', 'гость', 'столица', 'попить', 'хороший', 'пивко', 'кусок', 'жареный', 'цыпленок', 'картошка', 'стоить', 'доллар', 'человек']"
0,0,0,0,0,0,0,0,0,0,0,0,0,0,0,0,0,0,1,0,0,0,"['сначала', 'варан', 'зуб', 'вспарывать', 'мертвый', 'животный', 'брюхо', 'погрузить', 'голова', 'брюшной', 'полость', 'минута', 'быстро', 'внутренность']"
0,0,0,0,0,0,0,0,0,0,0,0,1,0,0,0,0,0,1,0,0,0,"['редко', 'анализировать', 'день', 'самочувствие', 'физический', 'форма', 'далекий', 'идеал']"
0,1,0,0,0,0,0,0,0,0,0,0,0,0,0,0,0,0,1,0,0,0,"['дан', 'просто', 'голодать', 'пить', 'вода', 'фрукт']"
0,0,0,0,0,0,0,0,0,0,0,0,0,0,0,0,0,0,1,0,0,0,"['допустимый', 'г', 'черный', 'шоколад', 'неделя']"
0,0,0,0,0,0,0,0,0,0,0,0,1,0,0,0,0,0,1,0,0,0,"['японский', 'фермер', 'который', 'доживать', 'год', 'каждый', 'день', 'г', 'соль']"
0,0,0,0,0,0,1,0,1,0,0,0,1,0,0,0,1,0,1,0,0,0,"['поглощать', 'соль', 'большой', 'количество', 'множество', 'соленый', 'продукт', 'ветчина', 'жареный', 'сосиска', 'еда', 'ланч', 'например', 'ланчемит', 'консервированный', 'колбасный', 'фарш', 'жирный', 'говядина', 'картофельный', 'чипсы', 'орешек', 'другой', 'высокий', 'концентрация']"
0,0,1,1,0,0,0,0,0,1,0,0,1,1,1,0,0,0,1,0,0,0,"['муж', 'приходить', 'домой', 'трудовой', 'день', 'хотеться', 'разумный', 'подопытный', 'кролик']"
0,0,1,1,0,0,0,0,0,0,0,0,0,1,1,0,0,0,1,0,0,0,"['вкусный', 'китайский', 'представление', 'подсмотреть', 'есть', 'сосед', 'китаец', 'показать', 'палец', 'официантка', 'блюдо']"
0,0,0,1,0,0,0,0,0,0,0,0,1,0,1,0,0,0,1,0,0,0,"['лето', 'волк', 'упускать', 'случай', 'кладка', 'яйцо', 'птенец', 'сидеть', 'гнездо', 'кормиться', 'земля', 'тетеревиный', 'водоплавающий', 'птица']"
1,0,1,1,1,1,1,1,1,1,1,1,0,1,1,1,1,1,1,1,1,0,"['известно', 'случай', 'разрывать', 'ослабеть', 'зверь', 'ранить', 'охотник', 'сильнопострадавший', 'драка', 'период', 'гон']"
0,0,0,1,0,0,0,0,0,0,0,0,1,0,1,0,0,0,1,0,0,0,"['подрасти', 'волчонок', 'родитель', 'кормить', 'отрыжка', 'мясо', 'поздно', 'убитый', 'добыча']"
0,0,0,0,0,0,0,0,0,0,0,0,1,0,0,0,0,0,1,0,0,0,"['оставаться', 'яблоко', 'успевать']"
0,0,0,0,0,0,0,0,0,0,0,0,0,0,0,0,0,0,1,0,0,0,"['отзыв', 'покупать', 'суп', 'работа', 'горячий', 'давиться', 'всухомятку', 'бутерброд']"
1,0,0,1,1,1,1,1,0,1,1,0,0,0,1,0,0,0,1,0,1,0,"['корпоративный', 'вечеринка', 'придтись', 'один', 'бутерброд', 'прилюдно', 'выносить', 'рукав', 'ближайший', 'угол']"
0,0,1,0,0,0,0,0,0,0,0,0,1,1,0,0,0,0,1,0,0,0,"['утро', 'один', 'ложка', 'смесь']"
0,0,1,1,0,0,0,0,0,0,0,0,0,1,1,0,0,0,1,0,0,0,"['думать', 'пакетик', 'день', 'оставаться', 'форма']"
0,1,0,0,0,0,0,0,0,0,0,0,0,0,1,0,0,0,1,0,0,0,"['мнение', 'сторонник', 'натуральный', 'питание', 'каждый', 'день', 'необходимо', 'указать', 'перечень', 'продукт']"
0,0,0,0,0,0,0,0,0,0,0,0,1,0,0,0,0,0,1,0,0,0,"['улучшение', 'потенция', 'повышение', 'половой', 'влечение', 'стимуляция', 'мозг', 'рекомендоваться', 'ежедневно', 'один', 'стакан', 'ядрышко', 'грецкий', 'орех', 'прием', 'запивать', 'козий', 'молоко']"
0,0,1,0,0,0,0,0,0,0,0,0,1,1,1,0,0,0,1,0,0,0,"['винить', 'лишний', 'булочка', 'измождать', 'карательный', 'пора', 'опасный', 'диета', 'который', 'узнать', 'подруга']"
0,1,1,1,0,0,0,0,0,0,0,0,0,1,1,0,0,0,1,0,0,0,"['иметь', 'особенность', 'предусматриваться', 'прием', 'пища', 'день', 'каждый', 'должный', 'овощ', 'один', 'цвет', 'следующий', 'меняться']"
0,1,0,0,0,0,0,0,0,0,0,0,1,0,0,0,0,0,1,0,0,0,"['самый', 'стойкий', 'борец', 'лишний', 'килограмм', 'устоять', 'соблазн', 'ломтик', 'свежий', 'мягкий', 'хлеб', 'прикуска', 'вегетарианский', 'салат']"
1,0,0,0,1,1,1,1,1,1,1,1,1,0,0,1,1,1,1,1,1,0,"['женский', 'недостаток', 'ученый', 'подсчитать', 'мужчина', 'жизнь', 'килограмм', 'губной', 'помада']"
0,1,0,0,0,0,0,0,0,0,0,0,1,0,0,0,0,0,1,0,0,0,"['просто', 'ежемесячно', 'горсть', 'таблетка', 'избавиться', 'болезненный', 'менструация', 'отдавать', 'отчет', 'придтись', 'поступать', 'самый', 'климакс']"
1,1,0,1,1,0,0,1,0,0,0,1,1,1,1,1,0,1,1,1,0,0,"['вести', 'запись', 'некоторый', 'человек', 'отдавать', 'отчет', 'ежедневно', 'двигаться']"
0,0,1,1,0,0,0,0,0,0,0,0,1,1,1,0,0,0,1,0,0,0,"['ходить', 'спортзал', 'бегать', 'кататься', 'велосипед', 'время', 'получаться', 'любимый', 'гамбургер']"
0,0,0,0,0,0,0,0,0,0,0,0,0,0,0,0,0,0,1,0,0,0,"['пища', 'матерь', 'зависеть', 'здоровье', 'малыш']"
0,0,0,0,0,0,0,0,0,0,0,0,0,1,0,0,0,0,1,0,0,0,"['вареник', 'стол', 'подаваться', 'творожный', 'запеканка']"
0,0,0,0,0,0,0,0,0,0,0,0,1,0,0,0,0,0,1,0,0,0,"['питание', 'должно', 'здоровый', 'разнообразный', 'должный', 'увеличить', 'количество', 'полезный', 'продукт', 'рацион', 'пища']"
0,0,0,0,0,0,0,0,0,0,0,0,1,0,0,0,0,0,1,0,0,0,['хотеться']
0,1,0,0,0,0,0,0,0,0,0,0,1,0,0,0,0,0,1,0,0,0,"['штучка', 'день']"
1,0,1,0,1,1,0,1,0,0,0,1,1,0,0,1,0,1,1,1,0,0,"['беззастенчиво', 'опускаться', 'благодарность', 'дневной', 'паек', 'тевье', 'разглагольствовать', 'новый', 'жизнь', 'сомнение', 'случиться', 'перчик', 'перемена', 'ничто', 'хороший', 'ждать']"
1,1,0,0,1,1,0,1,0,0,0,0,1,0,0,1,0,1,1,1,0,0,"['например', 'количество', 'день', 'калория', 'должно', 'превышать', 'ежедневно', 'жир', 'грамм', 'строго', 'ограничить', 'потребление', 'соль', 'другой', 'специя', 'сладкий']"
0,1,0,0,0,0,0,0,0,0,0,0,1,0,0,0,0,0,1,0,0,0,"['значить', 'завтрак', 'пища', 'конец', 'день', 'усвоиться', 'любой', 'случай', 'побаловать', 'кусочек', 'шоколад', 'тортик']"
0,0,0,0,0,0,0,0,0,0,0,0,1,0,0,0,0,0,1,0,0,0,"['давать', 'больничный', 'столовая', 'невозможный', 'спасаться', 'кусок', 'сахар', 'отвращение', 'ложка', 'полугнилой', 'салат', 'пахнуть', 'тина', 'каша']"
0,0,1,0,0,0,0,0,0,0,0,1,1,1,0,1,0,1,1,1,0,0,"['день', 'дополнительно', 'основной', 'рацион', 'обратить', 'внимание', 'слово', 'яблоко', 'ккал', 'равносильный', 'грамм', 'жир', 'знак-кавычки']"
0,1,0,0,0,0,0,0,0,0,0,0,1,0,0,0,0,0,1,0,0,0,"['главный', 'источник', 'витамин', 'с.', 'восполнение', 'суточный', 'потребность', 'достаточно', 'клубника']"
0,1,0,1,0,0,0,0,0,0,0,0,0,0,1,0,0,0,0,0,0,0,"['среднее', 'грамм']"
1,1,0,1,1,1,1,1,1,1,1,1,0,0,1,1,1,1,1,1,1,0,"['день', 'г.', 'шоколад']"
0,0,0,0,0,0,0,0,0,0,0,0,0,0,0,0,0,0,0,0,0,0,"['кора', 'мелкий', 'веточка', 'остаться', 'строить', 'новый', 'плотина']"
0,0,0,0,0,0,0,0,0,0,0,0,0,0,0,0,0,0,0,0,0,0,"['завтрак', 'разрешаться', 'процент-знак', 'белковый', 'продукт', 'остальной', 'злаковый', 'обед', 'приходиться', 'белок', 'овощ', 'ужин']"
0,1,1,0,0,1,1,1,1,1,1,1,1,1,0,1,1,1,0,1,1,0,"['детство', 'хотеться', 'сосисочка', 'кусочек', 'колбаска', 'желание', 'возникать']"
0,0,0,1,0,0,0,0,0,0,0,0,0,0,1,0,0,0,0,0,0,0,"['график', 'представить', 'потребление', 'мясо', 'килограмм', 'чистый', 'вес', 'реально']"
0,0,0,0,0,0,0,0,0,0,0,0,0,0,0,0,0,0,0,0,0,0,"['каждый', 'утро', 'хорошенько', 'прожевать', 'горсть', 'богатый', 'кальций', 'белый', 'семя', 'кунжут']"
0,0,0,0,0,0,0,0,0,0,0,0,0,0,0,0,0,0,0,0,0,0,"['укрепление', 'зуб', 'десна', 'полезно', 'ежедневно', 'хорошенько', 'прожевать', 'плод', 'инжир']"
0,0,0,1,0,0,1,0,1,1,1,0,0,0,1,0,1,0,1,0,1,0,"['питон', 'способный', 'небольшой', 'корова']"
0,0,0,0,0,0,0,0,0,0,0,0,0,0,0,0,0,0,0,0,0,0,"['присутствовать', 'чувство', 'голод', 'грейпфрут', 'ананас', 'фрукт', 'способствовать', 'похудение']"
0,1,0,0,0,0,1,0,1,1,1,0,0,0,1,0,1,0,0,0,1,0,"['диета', 'инна', 'воловичева', 'грейпфрут', 'полезный', 'помочь', 'избавиться', 'чувство', 'голод']"
1,0,0,1,0,0,1,0,1,1,1,1,1,0,1,1,1,0,0,0,1,0,"['стакан', 'вареный', 'фасоль', 'день', 'добиться', 'понижение', 'уровень', 'плохой', 'холестерин', 'среднее', 'процент-знак']"
0,1,0,1,0,0,0,0,0,0,0,0,1,0,1,0,0,0,1,0,0,0,"['известный', 'интернет', 'жительница', 'литва', 'монствилиен', 'станислава', 'предлагать', 'килограмм', 'речной', 'песок', 'день', 'утверждать', 'самый', 'эффективный', 'диета']"
0,0,0,0,0,0,1,0,1,1,1,0,0,0,0,0,1,0,0,0,1,0,"['гость', 'выглядеть', 'стройный', 'подтянутый']"
0,0,0,0,0,0,0,0,0,0,0,0,0,0,0,0,0,0,0,0,0,0,"['глава', 'египетский', 'семья', 'утверждать', 'американец', 'час', 'проводить', 'стол', 'порция']"
0,0,0,0,0,0,0,0,0,0,0,0,0,0,0,0,0,0,0,0,0,0,"['пища', 'принуждение', 'иметь', 'обыкновение', 'плохо', 'усваиваться']"
0,1,0,0,0,0,0,0,0,0,0,0,0,1,0,0,0,0,0,0,0,0,"['ребята', 'завтрак', 'стремиться', 'раиса', 'васильевна', 'директор', 'приготовить', 'первый', 'осилить', 'сюрприз', 'знак-кавычки']"
0,1,0,0,0,0,0,0,0,0,0,0,0,0,0,0,0,0,0,0,0,0,"['обед', 'существенный', 'предел', 'разумный']"
0,1,0,0,0,0,0,0,0,0,0,0,1,0,0,0,0,0,0,0,0,0,"['подать', 'горячий', 'должный', 'хотеть']"
0,0,0,1,0,0,0,0,0,0,0,0,0,0,0,0,0,0,0,0,0,0,"['малыш', 'успеть', 'витаминка', 'общеукрепляющий', 'препарат', 'беспокоиться', 'скоро', 'стоить']"
0,0,0,0,0,0,0,0,0,0,0,0,0,0,0,0,0,0,0,0,0,0,"['придтись', 'отказываться', 'удовольствие', 'ужин', 'вкусный', 'отбивной', 'лишиться', 'кусочек', 'аппетитный', 'жареный', 'рыбка', 'продукт', 'допустимый', 'кремлевский', 'диета']"
0,1,0,1,0,0,0,0,0,0,0,0,0,1,0,0,0,0,0,0,0,0,"['количество', 'периодичность']"
0,0,0,0,0,0,0,0,0,0,0,0,0,1,0,0,0,0,0,0,0,0,"['отказываться', 'сено', 'сутки', 'килограмм']"
0,1,1,0,0,0,0,0,0,1,1,1,0,1,1,1,1,1,0,1,0,0,"['забывать', 'пища', 'аппетит', 'полезный']"
0,1,0,0,0,0,0,0,0,0,0,0,0,0,0,0,0,0,0,0,0,0,"['итог', 'полчаса', 'йогурт', 'чувствовать', 'сильный', 'голод']"
0,1,0,0,0,0,0,0,0,0,0,0,1,0,0,0,0,0,1,0,0,0,"['медвежонок', 'добираться', 'мед', 'сначала', 'выпивать', 'кефир', 'слизывать', 'рыба']"
0,0,1,0,0,0,1,0,0,1,0,0,0,1,0,0,1,0,0,0,1,0,"['соль', 'добавлять', 'просто', 'сырой', 'есть', 'дельфин']"
0,1,1,1,0,0,0,0,0,0,0,0,0,1,1,0,0,0,0,0,0,0,"['фактически', 'рыба', 'второй', 'блюдо', 'пирог', 'тонкий', 'слой', 'ржаной', 'пресный', 'тесто']"
0,1,0,0,0,0,0,0,0,0,0,0,0,0,0,0,0,0,0,0,0,0,"['идеальный', 'ситуация', 'ребенок', 'больше']"
0,0,1,0,0,0,1,0,0,0,0,0,1,0,0,0,1,0,0,0,0,0,"['обед', 'первый', 'суп', 'бульон', 'знак-кавычки']"
0,1,0,0,0,0,0,0,0,0,0,0,0,0,0,0,0,0,0,0,0,0,"['спортсмен', 'ночь', 'жирный', 'выпивать', 'пиво', 'происходить']"
0,1,0,0,0,0,0,0,0,0,0,0,1,0,0,0,0,0,0,0,0,0,"['достаточно', 'человек', 'порция', 'обычный', 'еда', 'аминокислота', 'приняться', 'выполнять', 'работа']"
0,0,0,1,0,0,0,0,0,0,0,1,0,1,1,1,0,1,0,0,0,0,"['утонченный', 'изображение', 'зеркало', 'приятно', 'лицезреть', 'сиюминутный', 'удовольствие', 'кусок', 'торт']"
0,0,1,0,0,0,0,0,0,0,0,0,0,1,0,0,0,0,0,0,0,0,"['обычно', 'ребенок', 'смесь', 'бутылочка', 'быстро', 'молоко', 'грудь', 'женщина']"
0,1,0,0,0,0,0,0,0,0,0,0,0,0,0,0,0,0,0,0,0,0,"['зависимость', 'аппетит', 'ребенок', 'один', 'кормление', 'большой', 'норма', 'другой', 'дневной', 'должный', 'получить', 'обязательно']"
0,0,0,0,0,0,0,0,0,0,0,0,0,0,0,0,0,0,0,0,0,0,"['картинка', 'представить', 'галерея', 'тема', 'насколько', 'похудеть', 'калория', 'день', 'лазанье', 'рецепт', 'приготовление', 'диета', 'продукт', 'питание', 'помешаться', 'диетолог', 'знак-кавычки', 'знак-кавычки', 'знак-кавычки', 'знак-кавычки', 'знак-кавычки']"
0,0,0,0,0,0,0,0,0,0,0,0,0,0,0,0,0,0,0,0,0,0,"['сегодня', 'поразительный', 'бешеный', 'популярность', 'пользоваться', 'пищевой', 'добавка', 'создатель', 'который', 'клясться', 'превращать', 'воздух', 'человек']"
0,1,0,0,0,0,1,0,1,0,0,0,0,0,1,0,0,0,0,0,1,0,"['сначала', 'видеть', 'туша', 'нетронутый', 'увидать', 'часть', 'мясо', 'собака', 'птица', 'представлять', 'ост', 'обтянуть', 'отверстие', 'брюхо', 'который', 'выесть', 'выклевать', 'внутренность']"
0,0,0,0,0,0,0,0,0,0,0,0,0,0,0,0,0,0,0,0,0,0,"['специя', 'мясо', 'ягненок', 'вкусовой', 'наслаждение', 'который', 'сравниться', 'особенно', 'бокальчик', 'красный', 'вино']"
0,1,0,1,0,0,1,0,0,1,0,0,0,1,1,0,0,0,0,0,1,0,"['покупать', 'фрукт', 'овощ', 'небольшой', 'количество', 'скоро']"
0,1,0,0,0,0,0,0,0,0,0,0,1,0,0,0,0,0,0,0,0,0,"['рисовый', 'день', 'разрешаться', 'грамм', 'цельный', 'рис', 'взвесить', 'сырой', 'вид']"
0,1,1,0,0,0,0,0,0,0,0,0,1,0,0,0,0,0,0,0,0,0,"['клецка', 'мясо', 'сыр', 'хлеб', 'спагетти', 'болонский', 'соус', 'сила']"
0,1,0,1,0,0,0,0,0,0,0,0,0,0,1,0,0,0,1,0,0,0,"['зависимость', 'продукт', 'день', 'порция']"
0,0,0,0,0,0,0,0,0,0,0,0,0,0,0,0,0,0,0,0,0,0,"['блинчик', 'утро', 'время', 'ближайший', 'обед', 'сильно', 'растягиваться']"
0,0,0,0,0,0,0,0,0,0,0,0,0,0,0,0,0,0,0,0,0,0,"['настоящий', 'кладезь', 'витамин', 'достаточно', 'день', 'пара', 'мандарин', 'апельсин', 'иммунитет', 'заметно', 'укрепиться']"
0,1,0,0,0,0,0,0,0,0,0,0,1,0,0,0,0,0,1,0,0,0,"['продукт', 'который', 'трансизомер', 'плавленый', 'сорт', 'сыр', 'маргарин', 'мягкий', 'твердый', 'гамбургер', 'чипсы', 'сухарик', 'картофель', 'фри', 'готовый', 'слоеный', 'тесто', 'кондитерский', 'изделие']"
0,0,0,0,0,0,0,0,0,0,0,0,1,0,0,0,0,0,0,0,0,0,"['исследование', 'университет', 'мичиганский', 'школа', 'общественный', 'здоровье', 'показать', 'женщина', 'который', 'делить', 'прием', 'пища', 'маленький', 'стройный', 'количество', 'калория', 'разделить', 'порция']"
0,0,0,0,0,0,0,0,0,0,0,0,0,0,0,0,0,0,0,0,0,0,"['знать', 'хорошо', 'час', 'вечерний', 'тренировка', 'придерживаться', 'раздельный', 'питание', 'ничто', 'есть', 'простой', 'день', 'предпочесть', 'ужин', 'заранее', 'спасибо']"
1,0,1,1,1,1,1,1,1,1,1,1,0,1,1,1,1,1,1,1,1,0,"['тренировка', 'фрукт', 'сухофрукты', 'кашка', 'мюсли', 'углеводный', 'пища', 'который', 'обеспечить', 'энергия']"
1,1,1,1,1,1,1,1,1,1,1,1,0,1,1,1,1,1,1,1,1,0,"['обычный', 'день', 'порция', 'нежирный', 'мясо', 'рыба', 'птица', 'творог', 'овощ', 'кефир']"
1,0,1,1,1,1,1,1,1,1,1,1,0,1,1,1,1,1,0,1,1,0,"['хотеть', 'держать', 'вес', 'контроль', 'полезно', 'неделя', 'устраивать', 'разгрузочный', 'день', 'килограмм', 'огурец']"
1,1,1,1,1,1,1,1,1,1,1,1,0,1,1,1,1,1,0,1,1,0,"['зависеть', 'травяной', 'состав', 'корова', 'строение', 'организм', 'работа', 'другой', 'фактор']"
1,1,1,1,1,1,1,1,1,1,1,1,1,1,1,1,1,1,0,1,1,0,"['дальнейший', 'проверка', 'показать', 'растение', 'несовершеннолетний', 'иметь', 'сходство', 'белена', 'черный', 'химический', 'состав', 'который', 'входить', 'алкалоид', 'атропин', 'означать', 'ядовитый']"
1,0,1,1,1,1,1,1,1,1,1,1,0,1,0,1,1,1,0,1,1,0,"['часто', 'желание', 'полезный', 'многий', 'человек', 'оправдываться', 'фраза', 'значит', 'организм', 'действительно', 'хватать', 'съем', 'знак-кавычки']"
1,1,1,1,1,1,1,1,1,1,1,1,0,1,1,1,1,1,0,1,1,0,"['хотеть', 'есть', 'существовать', 'один', 'тарелка', 'рис', 'всеобщий', 'цель', 'важный', 'должный', 'вместе']"
1,1,1,1,1,1,1,1,1,1,1,1,1,1,1,1,1,1,1,1,1,0,"['смесь', 'еда']"
1,1,1,1,1,1,1,1,1,1,1,1,1,1,1,1,1,1,0,1,1,0,"['плотный', 'завтрак', 'зарядка', 'утренний', 'пробежка', 'организм', 'положить', 'запас', 'расходовать', 'запустить', 'обмен', 'вещество', 'полный', 'мощность', 'знак-кавычки']"
1,1,1,1,1,1,1,1,1,1,1,1,1,1,1,1,1,1,0,1,1,0,"['ребенок', 'норма', 'недоесть', 'порция', 'взрослый', 'человек']"
0,1,1,1,0,0,1,1,1,1,1,1,0,1,1,1,1,1,0,1,1,0,"['делиться', 'рецепт', 'похмелье', 'мучить']"
1,1,1,1,1,1,1,1,1,1,1,1,1,1,1,1,1,1,0,1,1,0,"['начало', 'позволять', 'легкое', 'гастрономический', 'праздник', 'пирожное', 'кусочек', 'торт']"
1,1,1,1,1,1,1,1,1,1,1,1,0,1,1,1,1,1,1,1,1,0,"['огромный', 'количество', 'яблоко', 'ежедневный', 'рацион', 'трава', 'специальный', 'корм', 'крупный', 'рогатый', 'скот']"
1,1,0,0,1,1,1,1,1,1,1,1,0,0,0,1,1,1,0,1,1,0,"['половина', 'свежий', 'второй', 'идти', 'баночка', 'зима']"
1,1,0,1,1,1,1,1,1,1,1,1,0,0,0,1,1,1,0,1,1,0,"['основываться', 'теория', 'медик', 'рекомендовать', 'день', 'грамм', 'белка', 'жир', 'углевод']"
1,0,1,0,1,1,1,1,1,1,1,1,0,1,1,1,1,1,0,1,1,0,"['гражданин', 'решить', 'перейти', 'исключительно', 'растительный', 'пища', 'руководствоваться', 'назвать', 'норма', 'придтись', 'примерно', 'килограмм', 'овощ', 'фрукт', 'зелень', 'сутки']"
1,1,1,1,1,1,1,1,1,1,1,1,1,1,1,1,1,1,1,1,1,0,"['суть', 'питание', 'арбузный', 'диета', 'состоять', 'течение', 'день', 'кг', 'вес', 'арбуз', 'занимать', 'добавить', 'кусочек', 'ржаной', 'хлеб', 'соблюдать']"
1,1,1,1,1,1,1,1,1,1,1,1,0,1,0,1,1,1,0,1,1,0,"['говорить', 'статистика', 'год', 'капуста', 'американец']"
1,0,1,0,1,1,1,1,1,1,1,1,0,1,1,1,1,1,1,1,1,0,"['родиться', 'рожок', 'великий', 'изобретение', 'позволять', 'порция', 'целиком', 'вместе', 'посуда', 'знак-кавычки']"
1,0,1,1,1,1,1,1,1,1,1,1,0,1,1,1,1,1,1,1,1,0,"['средний', 'американец', 'год', 'кг', 'мороженое']"
1,1,1,1,1,1,1,1,1,1,1,1,1,1,1,1,1,1,1,1,1,0,"['способствовать', 'раб', 'каждый', 'день', 'обязательно', 'головка', 'чеснок']"
0,0,1,1,0,0,1,0,1,1,1,0,0,1,1,0,1,0,0,0,1,0,"['злак', 'использоваться', 'очищение', 'организм', 'следовать', 'макробиотический', 'теория', 'хорошенько', 'очиститься', 'ранее', 'яд', 'получить', 'пустой', 'неэнергетический', 'пища', 'который', 'изобиловать', 'рацион', 'современный', 'человек', 'знак-кавычки']"
1,1,1,0,1,1,1,1,1,1,1,1,1,1,0,1,1,1,0,1,1,0,"['поздний', 'осень', 'снег', 'выпадать', 'оттепель', 'русак', 'питаться', 'трава', 'особенно', 'злак', 'который', 'надземный', 'часть']"
1,1,1,1,1,1,1,1,1,1,1,1,1,1,1,1,1,1,1,1,1,0,"['собака', 'чувствовать', 'запах', 'просовывать', 'голова', 'оставаться', 'застегнуть', 'ремешок', 'сыр']"
1,1,1,1,1,1,1,1,1,1,1,1,0,1,1,1,1,1,0,1,1,0,"['день', 'конфета', 'знак-кавычки']"
1,1,1,1,1,1,1,1,1,1,1,1,1,1,0,1,1,1,0,1,1,0,"['сутки', 'дойный', 'корова', 'зависимость', 'продуктивность', 'килограмм', 'корм']"
1,1,1,1,1,1,1,1,1,1,1,1,1,1,1,1,1,1,1,1,1,0,"['всякий', 'случай', 'молодой', 'свинья', 'свинтус', 'удовольствие', 'гонять', 'вольера', 'круглый', 'корнеплод', 'пытаться', 'уводить', 'потенциальный', 'конкурент']"
1,0,1,1,1,1,1,1,1,1,1,1,0,1,1,1,1,1,0,1,1,0,"['залить', 'кипяток', 'получить', 'компот', 'выпить', 'ягодка', 'одеялко', 'знак-кавычки']"
1,1,1,1,1,1,1,1,1,1,1,1,0,1,1,1,1,1,0,1,1,0,"['запах', 'рот', 'стать', 'следствие', 'прием', 'некоторый', 'пищевой', 'продукт', 'лук', 'чеснок', 'сыр', 'перечисленный', 'средство', 'рекомендоваться', 'почистить', 'зуб', 'мятный', 'паста', 'зубной', 'порошок', 'выпить', 'глоток', 'сырой', 'молоко', 'яблоко', 'пожевать', 'щепотка', 'чай']"
1,0,1,1,1,1,1,1,1,1,1,1,0,1,1,1,1,1,0,1,1,0,"['г', 'углевод', 'день']"
1,0,1,1,1,1,1,1,1,1,1,1,0,1,1,1,1,1,0,1,1,0,"['суп', 'подать', 'гренок', 'ребенок', 'достаточно', 'большой']"
1,1,1,1,1,1,1,1,1,1,1,1,1,1,1,1,1,1,1,1,1,0,"['популярный', 'время', 'цифра', 'гласить', 'свинья', 'способный', 'тонна', 'отходы', 'сутки']"
1,1,0,0,1,1,1,1,1,1,1,1,0,0,0,1,1,1,0,1,1,0,"['кошка', 'предлагать', 'порция', 'подумать', 'еда']"
1,0,1,0,1,1,0,1,0,1,1,1,0,0,0,1,0,1,0,1,1,0,"['утро', 'выходить', 'работа', 'видеть', 'выбросить', 'окоченеть', 'тело', 'наполовину', 'крыса']"
1,1,0,1,1,1,1,1,1,1,1,1,1,0,1,1,1,1,1,1,1,0,"['внезапно', 'прямо-таки', 'необходимо', 'определенный', 'блюдо', 'пробуждаться', 'отвращение', 'еда', 'который', 'любить']"
1,1,1,1,1,1,1,1,1,1,1,1,1,1,1,1,1,1,0,1,1,0,"['хотеться', 'ежедневный', 'рацион', 'включить', 'мороженое', 'пломбир', 'организм', 'настойчиво', 'взывать', 'получение', 'молочный', 'продукт', 'случай', 'хорошо', 'отказаться', 'йогурт', 'творог']"
1,1,0,0,1,1,1,1,1,1,1,1,0,0,1,1,1,1,0,1,1,1,"['ученый', 'веровать', 'мировой', 'сми', 'безнаказанно', 'всякий', 'стеснение', 'знак-кавычки']"
1,1,1,1,1,1,1,1,1,1,1,1,1,1,1,1,1,1,0,1,1,1,"['опыт', 'общение', 'форум', 'знать', 'метод', 'увести', 'автор', 'бессмысленный', 'полемика', 'стараться', 'ход', 'найти', 'ошибка', 'громко']"
1,1,0,0,1,1,1,1,1,1,1,1,1,0,0,1,1,1,0,1,1,1,"['находиться', 'ошибка', 'округа']"
1,1,0,1,1,1,1,1,1,1,1,1,1,1,1,1,1,1,0,1,1,1,"['устав', 'позвонить', 'джин', 'узнать', 'снова', 'газета', 'лос-анджелес', 'раскопать', 'муж', 'проводить', 'уик-энд', 'палм', 'спрингс', 'молоденький', 'актриса', 'имя', 'который', 'называть']"
1,1,1,1,1,1,1,1,1,1,1,1,0,1,1,1,1,1,0,1,1,1,"['создание', 'первый', 'часть', 'игра', 'тоби', 'переключиться', 'компания', 'вкалывать', 'год']"
1,1,1,1,1,1,1,1,1,1,1,1,1,1,1,1,1,1,0,1,1,1,"['ложка', 'деготь', 'инвестор', 'который', 'год', 'назад', 'купить', 'участок', 'порт', 'план', 'ничто', 'строить', 'деньги', 'вкладывать', 'ждать', 'продать', 'земля', 'дорого']"
1,1,1,1,1,1,1,1,1,1,1,1,0,1,1,1,1,1,0,1,1,1,"['выпускник', 'вуз', 'отучиться', 'государство', 'точно', 'собственный', 'счет', 'отправляться', 'тьма', 'таракань', 'формально', 'оговорить', 'право', 'иметь', 'ровный', 'ничто', 'год', 'выполнять', 'трудовой', 'повинность', 'первый', 'возможность', 'сбегать', 'начать', 'жить', 'нормальный', 'жизнь', 'знак-кавычки']"
1,1,0,1,1,1,1,1,1,1,1,1,1,1,1,1,1,1,0,1,1,1,"['час', 'случиться', 'планета', 'португалец', 'вполне', 'окупить', 'стоимость', 'дорогущий', 'автомобиль']"
1,1,1,1,1,1,1,1,1,1,1,1,0,1,1,1,1,1,0,1,1,1,"['бросать', 'удерживать', 'год', 'мир', 'военный', 'завоевание']"
1,0,0,0,1,1,1,1,1,1,1,1,0,0,0,1,1,1,0,1,1,1,"['шекспир', 'заимствовать', 'конец', 'плутарх', 'мастерски', 'разработать', 'следующий', 'черта', 'жесточайший', 'ирония', 'тимон', 'объявлять', 'сенатор', 'противность', 'молва', 'радоваться', 'всеобщий', 'крушение']"
1,1,1,1,1,1,1,1,1,1,1,1,1,1,1,1,1,1,1,1,1,1,"['реклама', 'такой-то', 'кредитный', 'организация', 'ставка', 'остаться', 'прежний', 'докризисный', 'уровень', 'значит', 'взять', 'плата', 'другой', 'образ', 'знак-кавычки']"
1,1,0,1,1,1,1,1,1,1,1,1,1,1,1,1,1,1,0,1,1,1,"['мировой', 'общественность', 'фанфара', 'вашингтон', 'строить', 'триумфальный', 'арка', 'плести', 'лавровый', 'венок']"
1,1,0,1,1,1,1,1,1,0,1,1,0,1,1,1,1,1,0,1,1,1,"['поверить', 'рухлядь', 'стать', 'героиня', 'морской', 'вояж', 'который', 'год', 'повсюду']"
1,1,1,1,1,1,1,1,1,1,1,1,1,1,1,1,1,1,0,1,1,1,"['горбушка', 'мысль', 'опубликовать', 'идеологический', 'противник', 'воспользоваться', 'начать', 'мир', 'василий', 'симоненко', 'враг', 'советский', 'власть', 'ленинский', 'идея', 'знак-кавычки']"
1,0,0,1,1,1,1,1,1,1,1,1,1,1,1,1,1,1,0,1,1,1,"['компания', 'рено', 'время', 'логан', 'разрабатываться', 'специально', 'страна', 'третий', 'мир', 'человек', 'морщить', 'нос', 'никто', 'хотеться', 'ездить', 'авто', 'бедный', 'понт', 'дорого', 'деньги']"
0,1,1,1,0,0,1,0,1,1,1,0,0,1,1,0,1,0,1,0,1,1,"['просто', 'величие', 'державность', 'соборность', 'самобытность', 'особый', 'путь', 'конечность', 'цепляться', 'прошлое', 'тормозить', 'медленный', 'движение']"
1,0,1,1,1,1,1,1,0,1,1,1,0,1,1,1,1,1,0,1,1,1,"['должный', 'принимать', 'истина', 'позиция', 'умалчивание', 'который', 'придерживаться', 'ныне', 'католический', 'церковь', 'собственный', 'средневековый', 'история', 'действительно', 'противоречие', 'довод', 'рационалистический', 'разум', 'тьма', 'неизмеримый', 'деятель', 'эпоха', 'просвещение']"
1,1,1,1,1,1,1,1,1,1,1,1,1,1,1,1,1,1,0,1,1,1,"['другой', 'доверие', 'намного', 'большой']"
1,1,0,1,1,1,1,1,1,1,1,1,0,1,1,1,1,1,0,1,1,1,"['украина', 'представительство', 'брокер', 'нерезидент']"
1,0,1,1,1,1,1,1,1,1,1,1,0,1,1,1,1,1,0,1,1,1,"['сми', 'достижение', 'решение', 'различный', 'социально-экономический', 'проблема']"
1,1,1,1,1,1,1,1,1,1,1,1,1,1,1,1,1,1,0,1,1,1,"['пара', 'неделя', 'новостной', 'канал', 'нефтяной', 'катастрофа', 'произойти', 'мексиканский', 'залив']"
1,1,1,1,1,1,1,1,1,1,1,1,0,1,1,1,1,1,0,1,1,1,"['скоро', 'афганистан', 'крайний', 'сделать', 'быд', 'организовать', 'союз', 'давно', 'виктор', 'резун', 'суворов', 'лондон']"
1,1,1,1,1,1,0,1,1,0,0,1,0,1,1,1,0,1,0,1,0,1,"['время', 'мобильный', 'этикет', 'каждый', 'угол']"
0,0,1,0,0,0,0,0,0,0,0,0,0,1,0,0,0,0,0,0,0,1,"['ученый', 'голос', 'напиток', 'противопоказанный', 'спортсмен', 'ребенок', 'год']"
1,0,0,0,1,1,1,1,1,1,1,0,0,0,0,0,1,0,0,0,1,1,"['глава', 'правительство', 'взять', 'работа', 'мир']"
1,0,1,1,1,1,0,1,0,0,0,1,1,1,0,1,0,1,0,1,0,1,"['мир', 'сделать']"
1,0,1,1,1,1,1,1,1,1,1,1,0,0,1,1,1,1,0,1,1,1,"['многий', 'человек', 'путать', 'бронхит', 'настоящий', 'астма', 'успешный', 'лечение', 'гордо', 'заявлять', 'справиться', 'мир']"
1,0,1,1,1,1,1,1,1,1,1,1,0,1,1,1,1,1,0,1,1,1,"['перечислять', 'лучший', 'программист', 'швадер', 'дэвис', 'стефенсон', 'собственный', 'технический', 'опыт']"
1,1,1,0,1,1,0,1,0,0,0,1,1,1,0,1,0,1,0,1,0,1,"['центральный', 'телеканал', 'взахлеб', 'газовый', 'конфликт', 'россия', 'украина', 'заметить', 'газпром', 'тихий', 'сапа', 'поднять', 'цена', 'внутренний', 'рынок', 'поэтапно', 'расти', 'год']"
1,1,0,0,1,1,1,1,1,1,1,1,1,1,1,1,1,1,1,1,1,1,"['первый', 'сомнение', 'чистота', 'система', 'возникнуть', 'файрвол', 'начало', 'один', 'другой', 'программа', 'проситься', 'интернет', 'рано', 'необходимость', 'возникать']"
0,0,1,1,0,1,0,1,0,0,0,0,0,1,1,0,0,1,0,1,0,1,"['ступать', 'чудак', 'гений']"
0,1,1,1,0,0,0,1,0,0,0,0,1,1,1,0,0,0,1,0,0,1,"['помогать', 'посильный', 'ближний', 'возвеличиваться', 'выставлять', 'напоказ', 'благодетель', 'добрый', 'дело']"
0,0,0,1,0,0,0,0,0,0,0,0,1,0,1,0,0,0,1,0,0,1,"['отчасти', 'понять', 'начать', 'национальность', 'великороссия', 'самый', 'явиться', 'благовидный', 'покров', 'разрушение']"
1,0,0,0,1,1,1,1,1,1,1,1,1,0,1,1,1,1,1,1,1,1,"['страховой', 'компания', 'который', 'давно', 'получать', 'прибыль', 'осаго', 'настоять', 'повышение', 'коэффициент']"
1,1,1,0,1,1,0,1,0,0,0,1,1,1,0,1,0,1,1,1,0,1,"['год', 'сми', 'доносить', 'правда', 'республика', 'картинка', 'получаться', 'искаженный', 'молдавский', 'власть', 'повсюду', 'открытый', 'торговля', 'оружие', 'наркотик', 'территория', 'приднестровье', 'знак-кавычки']"
1,0,1,0,1,1,0,1,0,0,0,1,0,1,0,1,0,1,0,1,0,1,"['враг', 'красный', 'армия', 'разгромить', 'москва', 'взять', 'корж', 'выдать', 'крылатый', 'фраза', 'воевать', 'год', 'советский', 'власть', 'погибнуть', 'знак-кавычки']"
0,0,1,0,0,0,0,0,0,0,0,0,0,1,1,0,0,0,1,0,0,1,"['являться', 'один', 'зло', 'присущий', 'капитализм', 'демагог']"
1,0,1,1,1,1,0,1,0,0,0,1,0,1,0,1,0,1,1,1,0,1,"['слово', 'владимир', 'путин', 'успех', 'правительство', 'близко', 'народ', 'уровень', 'жизнь', 'приближаться', 'страна', 'африка']"
1,1,1,1,1,1,1,1,1,1,1,1,1,0,1,1,1,1,1,1,1,1,"['дядечка', 'унылость', 'ледокол', 'доезжать', 'мясной', 'отдел', 'заинтересованный', 'всматриваться', 'пакет', 'мороженый', 'курятина', 'вытягивать', 'куриный', 'грудка', 'повертываться', 'жена', 'радостный', 'бас', 'магазин']"
1,1,1,1,1,1,0,1,0,0,0,1,1,1,1,1,0,1,1,1,0,1,"['пресс-релиз', 'новый', 'игра', 'собрать', 'кусок']"
0,0,1,0,0,1,0,1,0,0,0,0,1,1,0,0,0,0,1,0,0,1,"['израиль', 'иметь', 'араб', 'сми', 'еврей', 'козлы', 'начать', 'сопротивление', 'фронт', 'начнецца', 'массовый', 'поддержка', 'еврей', 'относиться', 'конкретный', 'человек', 'интерес', 'страна', 'конфликт', 'уж', 'удаецца', 'договорицца', 'победа', 'сторона']"
1,0,0,1,1,1,0,1,0,0,0,1,0,0,1,1,0,1,0,1,0,1,"['коротенький', 'ветка', 'дорога', 'построить', 'пробка', 'победить']"
1,1,1,1,1,1,1,1,1,1,1,1,0,1,1,1,1,1,1,1,1,1,"['зарубежный', 'сми', 'линдси', 'самый', 'ближайший', 'время', 'загреметь', 'год', 'решетка', 'причина', 'суд', 'признать', 'испытательный', 'срок', 'актриса', 'провалиться']"
1,0,1,1,1,1,1,1,1,1,1,1,1,1,1,1,1,1,1,1,1,1,"['вред', 'алкоголь', 'курение', 'врач', 'специальность']"
0,0,1,1,0,0,1,0,1,1,1,1,1,1,1,1,1,1,1,1,1,1,"['мероприятие', 'газета', 'неизменно', 'первый', 'полоса', 'венчать', 'статья', 'гость', 'который', 'пригласить']"
1,0,1,1,1,1,1,1,1,1,1,1,1,1,1,1,1,1,1,1,1,1,"['ужасный', 'происшествие']"
1,1,1,1,1,1,1,1,1,1,1,1,1,1,1,1,1,1,0,1,1,1,"['вслед', 'ребенок', 'паника', 'разбегаться', 'гусь', 'клаксоня', 'старый', 'машина', 'воздеть', 'крыло', 'ангел', 'словно']"
0,0,1,1,0,0,1,0,1,1,1,0,1,1,1,0,1,1,1,1,1,1,"['капризничать', 'ничто', 'требовать', 'вежливо', 'соглашаться', 'оповещать', 'голос', 'прибытие', 'съемка', 'уходить']"
1,1,1,1,1,1,1,1,1,1,1,1,0,1,1,1,1,1,1,1,1,1,"['год', 'мир', 'товарищество', 'собственник', 'жилье', 'тсж', 'бессмысленно', 'организовывать', 'надлежащий', 'земельный', 'участок']"
1,0,1,1,1,1,1,1,1,1,1,1,1,1,1,1,1,1,1,1,1,1,"['великий', 'рано', 'отправлять', 'пенсия', 'посмотреть', 'бой', 'скорость', 'деться', 'защита', 'положение', 'уровень', 'уверенный', 'другой', 'место', 'сдаться', 'майка', 'кайло', 'физуха', 'плачебный', 'состояние', 'многий', 'отношение', 'бой', 'дисцеплин', 'ничто', 'измениться', 'измениться', 'хотеться', 'тренер', 'обижать', 'видеть', 'виновный', 'поражение', 'тренерский', 'состав', 'думать', 'федя', 'реально', 'непобедимый', 'подобно']"
1,1,1,1,1,1,1,1,1,1,1,1,1,1,1,1,1,1,1,1,1,1,"['франция', 'приехать', 'адвокат', 'издатель', 'масперый', 'сми', 'труба', 'бить', 'литавры']"
0,0,1,1,0,0,0,0,0,0,0,0,1,1,1,0,0,0,1,0,0,1,"['ребенок', 'остаться', 'попечение', 'родитель', 'каждый', 'шаг', 'заботиться', 'модно']"
1,0,0,0,1,1,0,1,0,0,0,1,1,0,0,1,0,1,1,1,0,1,"['один', 'заседание', 'волгоградский', 'областной', 'дума', 'который', 'обсуждаться', 'эффективность', 'использование', 'средство', 'выделить', 'борьба', 'саранча', 'заместитель', 'председатель', 'представительный', 'орган', 'клясться', 'самый', 'день', 'работник', 'обладминистрация', 'победа', 'вредитель', 'ежедневно', 'собирать', 'дача', 'ужасный', 'насекомое', 'ведро']"
0,0,1,0,0,0,0,0,0,0,0,0,0,1,0,0,0,0,0,0,0,1,"['журнал', 'загодя', 'тревога', 'накануне', 'турция', 'внезапно', 'решить', 'приглашать', 'израиль', 'традиционный', 'военный', 'учение', 'анатолийский', 'орел', 'пригласить', 'сирия', 'знак-кавычки']"
0,0,1,0,0,0,0,0,0,0,0,0,0,1,0,0,0,0,1,0,0,1,"['партнерка', 'сара', 'извинить', 'редиска', 'пароль', 'украсть']"
0,0,0,0,0,0,0,0,0,0,0,0,0,0,0,0,0,0,0,0,0,1,"['прекрасный', 'альпинист', 'предпочитать', 'успех']"
0,0,0,0,0,0,0,0,0,0,0,0,1,1,1,0,0,0,1,0,0,1,"['автор', 'строка', 'посвятить', 'материал', 'сайт', 'называть', 'мировой', 'экономический', 'кризис', 'который', 'денно', 'нощно', 'дочерний', 'предприятие', 'сионистский', 'масонский', 'агитпроп', 'россия', 'российский', 'сми', 'знак-кавычки', 'знак-кавычки']"
0,0,1,0,0,0,0,0,0,1,1,0,0,0,0,0,0,0,1,0,0,1,"['думать', 'поздно', 'сожаление', 'потерять', 'школа']"
0,0,1,0,0,0,0,0,0,0,0,0,0,0,0,0,0,0,1,0,0,1,"['говорить', 'экран', 'телевидение', 'руководитель', 'страна', 'надоедливо', 'русь', 'протяжение', 'десяток', 'год', 'журналист', 'корреспондент', 'человек', 'регион', 'город', 'который', 'судьба', 'небезразличный']"
1,0,1,0,1,1,0,1,0,0,0,1,1,1,0,1,0,1,0,1,0,1,"['прочесть', 'интернет', 'жалоба', 'возмущенный', 'потребитель', 'коммунальный', 'услуга', 'правозащитник', 'общественный', 'организация']"
0,0,1,0,0,0,0,0,0,0,0,0,0,0,0,0,0,0,1,0,0,1,"['михаил', 'горбачев', 'получить', 'союзный', 'съезд', 'право', 'проводить', 'жизнь', 'экономический', 'реформа', 'президентский', 'указ', 'пресса', 'претендовать', 'демократический', 'наступление', 'реакция']"
1,1,0,0,1,1,1,1,1,1,0,1,1,0,0,1,1,1,1,1,1,1,"['мировой', 'киноклассика', 'интересный', 'личность', 'путин', 'издание', 'усердно', 'перепечатывать', 'друг', 'причина', 'появление', 'проект', 'вуди', 'аллен', 'который', 'сценарий', 'писать']"
0,0,0,1,0,0,0,0,0,0,0,0,1,1,1,0,0,0,1,0,0,1,"['выборы', 'развернуться', 'активный', 'наглый', 'пропаганда', 'успех', 'правительство', 'единый', 'россия', 'премьер', 'поехать', 'народ', 'пенсионер', 'повысить', 'пенсия', 'копейка', 'бюджетник', 'зарплата', 'год', 'включить', 'мощь', 'административный', 'ресурс', 'подпитать', 'громаднейший', 'сумма', 'деньги', 'знак-кавычки']"
1,0,1,0,1,1,1,1,1,1,1,1,1,1,1,1,1,1,1,1,1,1,"['каждый', 'угол', 'фильм', 'пародия', 'молодежный', 'последний', 'год', 'шаг', 'вперед', 'классный', 'мюзикл', 'прочий', 'ерунда', 'который', 'всерьез', 'считать', 'студиоз', 'танцевальный', 'студия', 'знак-кавычки', 'знак-кавычки']"
1,0,0,0,1,1,0,1,0,0,0,1,0,0,0,1,0,1,0,1,0,1,"['другой', 'участник', 'рынок', 'напротив', 'готовность', 'строить', 'гибкий', 'отношение', 'потребитель', 'часто', 'касаться', 'давний', 'партнер', 'который', 'большой', 'кредит', 'доверие']"
0,0,1,1,0,0,0,0,0,0,0,0,0,0,0,0,0,0,1,0,0,1,"['желать', 'настроиться', 'преимущество', 'жизнь', 'застывший', 'сгусток', 'чувство', 'поток', 'чистый', 'кровь', 'сохранить', 'незамутненный', 'инстинкт', 'надзиратель', 'ощущение', 'который', 'рог', 'безмятежно', 'спать']"
1,0,1,1,0,1,0,1,0,0,0,1,0,1,1,1,0,1,1,1,0,1,"['одновременно', 'пропускать', 'внешний', 'шум', 'округа', 'играть']"
1,1,1,1,1,1,1,1,1,1,1,1,0,1,1,1,1,1,1,1,1,1,"['нездоровый', 'перекос', 'сторона', 'высший', 'образование', 'страна', 'начать', 'год', 'назад']"
1,0,0,0,1,1,0,1,0,0,0,0,1,0,0,0,0,0,0,0,0,1,"['проблема', 'возможность', 'выбор', 'характеризоваться', 'преимущество', 'который', 'реклама']"
0,0,0,0,0,0,0,0,0,0,0,0,0,0,0,0,0,0,1,0,0,1,"['янки', 'корреспондент', 'издание', 'сталелитейный', 'промышленность', 'помышлять', 'карьера', 'литератор', 'почин', 'инициативный', 'поддержать', 'детвора', 'соседский', 'дочка', 'закончить', 'художественный', 'школа', 'согласиться', 'сделать', 'иллюстрация']"
1,0,0,1,1,1,0,1,0,0,0,1,1,1,1,1,0,1,1,1,0,1,"['человек', 'умирать', 'врач', 'другой', 'специальность', 'никто', 'говорить', 'один', 'негативный', 'случай', 'канал', 'газета', 'писать', 'забывать', 'работа', 'журналист', 'поднимать', 'самый', 'грязный', 'интересно']"
0,0,1,0,0,1,0,0,0,0,0,1,0,1,0,0,1,1,1,0,0,1,"['радио', 'телеканал', 'государственный', 'бессовестный', 'бесперебойный', 'сладкий', 'жизнь', 'заработать', 'бешеный', 'деньги', 'прилагать', 'особый', 'усилие', 'обмануть', 'ближний', 'крутить', 'соответствующий', 'фильм', 'проводить', 'откровенно', 'вызывать', 'ток-шоу', 'знак-кавычки', 'знак-кавычки']"
0,1,0,1,0,0,0,0,0,0,0,0,0,0,1,0,0,0,1,0,0,1,"['немногий', 'знаток', 'величие', 'бердо', 'ассоциативный', 'связка', 'матч']"
1,0,0,0,1,1,1,1,1,1,1,1,0,0,0,1,1,1,1,1,1,1,"['предвыборный', 'срок', 'один', 'осуществлять', 'миллиардный', 'затрата', 'растрата', 'забыть', 'делать', 'нанять', 'новый', 'трубадур', 'начать', 'другой', 'тратить', 'народный', 'деньги', 'большой', 'масштаб']"
0,0,1,1,0,0,0,0,0,0,0,0,0,1,1,0,0,0,1,0,0,1,"['рано', 'бюджет', 'складываться', 'налог', 'предприятие', 'который', 'трудиться', 'человек', 'отдыхать', 'действительно', 'миллион', 'нарисовать', 'один', 'житель', 'пентхаус', 'первомайский']"
0,0,1,0,0,1,0,0,0,0,0,0,1,0,0,0,0,0,1,0,0,1,"['последний', 'время', 'сми', 'развитие', 'австралийский', 'дело', 'компания']"
1,0,0,0,1,1,0,1,0,0,0,1,0,0,0,1,0,1,1,1,0,1,"['мутный', 'поток', 'новость', 'понятно', 'оранжевый', 'революция', 'иметь', 'место', 'центр', 'событие', 'киев', 'майдан', 'довершение', 'страшный', 'тайна', 'сила', 'человек', 'выходить', 'деньги']"
0,1,1,1,0,0,0,0,0,0,0,0,1,0,0,0,0,0,1,0,0,1,"['спортсмен', 'побеждать', 'российский', 'спор', 'тивный', 'чиновник', 'фанфара']"
1,0,1,1,1,1,1,1,1,1,1,0,1,1,1,0,1,1,1,1,1,1,"['постепенно', 'общественный', 'интерес', 'лунный', 'экспедиция', 'угаснуть', 'помпа', 'политический', 'выигрыш', 'получить']"
0,0,1,1,0,0,0,0,0,0,0,0,1,1,1,0,0,0,1,0,0,1,"['считать', 'совместный', 'российский', 'абхазский', 'расследование', 'данный', 'преступление', 'принести', 'польза', 'федерация', 'грузин', 'сегодня', 'мир', 'русский', 'признать', 'абхазия', 'поработить', 'знак-кавычки']"
0,0,0,0,0,0,0,0,0,0,0,0,0,0,0,0,0,0,1,0,0,1,"['популярность', 'блог', 'который', 'автор', 'писать', 'интересовать', 'тема', 'онлайновый', 'сообщество', 'сегодня']"
1,0,1,1,1,1,0,1,0,0,0,1,1,1,1,1,0,1,1,1,0,1,"['сила', 'человек', 'аккуратный', 'ходить', 'шпилька', 'дом', 'выплывать', 'отламываться', 'срочно', 'продолжать', 'обращаться', 'компания', 'делать', 'ремонт', 'как будто']"
1,0,1,1,1,1,1,1,1,1,1,1,1,1,1,1,1,1,1,1,1,1,"['очнуться', 'операционный', 'услышать', 'приемный', 'покой', 'труба', 'бить', 'литавры', 'мама', 'хотеть', 'попросить', 'медсестра', 'пускать', 'слово', 'застревать', 'горло', 'пытаться', 'заставить', 'говорить']"
0,0,1,0,0,0,0,0,0,0,0,0,0,0,0,0,0,0,1,0,0,1,"['солдат', 'год', 'перерыв']"
1,0,1,1,1,1,1,1,1,1,1,1,1,1,1,1,1,1,1,1,1,1,"['выплавка', 'сталь', 'помнить', 'великий', 'подвиг']"
0,0,0,0,0,0,0,0,0,0,0,0,1,0,0,0,0,0,1,0,0,1,"['очередной', 'сесть', 'задний', 'сидение', 'одеть', 'маска', 'вставить', 'рот', 'трубка', 'высунуться', 'окно', 'начать', 'брать', 'космонавт', 'знак-кавычки']"
0,0,1,0,0,1,0,0,0,0,0,0,0,0,0,0,0,0,1,0,0,1,"['форум', 'угол']"
1,0,1,1,1,1,1,1,1,1,1,1,0,0,1,1,1,1,1,1,1,1,"['первый', 'год', 'заниматься', 'поисковый', 'работа', 'один', 'боец', 'захоронить', 'трогать', 'война', 'рука', 'сказать', 'многое', 'рассказать', 'теоретик', 'который', 'везде', 'славно', 'воевать', 'гениальность', 'руководство', 'лично', 'дедушка', 'сталин', 'пара', 'жуков']"
1,1,1,1,1,1,0,1,1,0,0,1,1,1,1,1,0,1,1,1,0,1,"['переставать', 'тирания', 'деспотизм', 'право', 'человек', 'знак-кавычки', 'знак-кавычки', 'знак-кавычки']"
1,1,1,0,1,1,0,1,0,0,0,1,1,0,0,1,0,1,1,1,0,1,"['колокол', 'кричать', 'человек', 'задуматься', 'здоровье', 'знак-кавычки']"
1,0,1,1,1,1,1,1,1,0,0,1,1,1,1,1,1,1,1,1,1,1,"['отдать', 'специальный', 'получить', 'максимум', 'остаться', 'месяц', 'знак-кавычки']"
1,1,1,1,1,1,1,1,1,1,1,1,1,0,0,1,1,1,1,1,1,1,"['грудь', 'представитель', 'осетия', 'переливаться', 'золото', 'медаль', 'гордость', 'фанфара']"
1,1,1,1,1,1,1,1,1,1,1,1,1,1,1,1,1,1,1,1,1,1,"['связь', 'позволить', 'упомянуть', 'сенсационный', 'рекламный', 'цель', 'находка', 'евангелие', 'иуда', 'знак-кавычки']"
1,1,1,1,1,1,1,1,1,1,1,1,1,1,1,1,1,1,1,1,1,1,"['греческий', 'власть', 'всюду', 'программа', 'сокращение', 'бюджетный', 'дефицит', 'идти', 'полный', 'ход', 'выдавать', 'плохой', 'цифра']"
1,1,1,1,1,1,1,1,1,1,1,1,1,1,1,1,1,1,1,1,1,1,"['всевозможный', 'глянец', 'последний', 'полгода', 'польза', 'йога', 'мужчина', 'подарочный', 'сертификат', 'стать', 'самый', 'популярный', 'дар']"
1,0,1,1,1,1,1,1,1,1,1,1,1,1,1,1,1,1,1,1,1,1,"['утверждение', 'повсеместно', 'отличный', 'старт', 'продажа', 'новый', 'смартфон', 'великобритания']"
1,1,1,1,1,1,1,1,1,1,1,1,1,1,1,1,1,1,1,1,1,1,"['повсюду', 'фанфара', 'великий', 'достижение', 'россия', 'территория', 'уживаться', 'вместе', 'национальность']"
1,1,1,0,1,1,1,1,1,1,1,1,1,1,1,1,1,1,1,1,1,1,"['результат', 'использование', 'сувенир', 'угол', 'сторонник', 'бозина', 'лариса', 'николаевна']"
1,0,1,0,1,1,1,1,1,1,1,1,0,1,1,1,1,1,1,1,1,1,"['вторично', 'согласный', 'человек', 'разумный', 'знать', 'владеть', 'информация', 'сталкиваться', 'прокол', 'обычно', 'народ', 'молчать', 'который', 'тема', 'каждый', 'угол', 'следовательно', 'обыватель', 'черпать', 'знание', 'суть', 'возможный', 'опасность', 'доносить', 'доступный', 'форма', 'никто', 'принуждать', 'обязывать', 'знак-кавычки', 'знак-кавычки']"
0,0,1,1,0,1,0,0,0,0,0,0,0,0,0,0,0,0,1,0,0,1,"['отношение', 'свиной', 'грипп', 'мягко', 'говорить', 'протеворичивый', 'простой', 'канал', 'бред']"
1,1,1,1,1,1,1,1,1,1,1,1,1,1,1,1,1,1,1,1,1,1,"['сохранить', 'клиент', 'сми', 'страна', 'надвигаться', 'крах']"
1,1,1,0,1,1,1,1,0,0,0,1,1,1,1,1,0,1,1,1,1,1,"['брать', 'внимание', 'всевозможный', 'предложение', 'заработать', 'тысяча', 'доллар', 'месяц', 'каждый', 'угол', 'попробовать']"
1,0,1,1,1,1,1,1,1,1,1,1,1,1,0,1,1,1,1,1,1,1,"['тратить', 'бесить', 'бабки', 'реклама', 'каждый', 'угол', 'курс', 'самый', 'белый', 'пушистый', 'срочно', 'записываться', 'место']"
1,1,1,1,1,1,1,1,1,1,1,1,1,1,1,1,1,1,1,1,1,1,"['бить', 'барабан', 'труба', 'рановато']"
1,0,1,1,1,1,1,1,1,1,1,1,0,1,1,1,1,1,1,1,1,1,"['забавно', 'смотреть', 'извлекать', 'тьма', 'область', 'неопределенный', 'догадка', 'личный', 'горесть', 'трагический', 'подмостки', 'который', 'удручать', 'повсюду', 'судачить']"
1,0,1,1,1,1,1,1,1,1,1,1,1,1,1,1,1,1,1,1,1,1,"['высоко', 'уровень', 'образование', 'россиянин', 'часто', 'высказывать', 'мнение', 'благотворительность', 'стоить', 'фанфара', 'процент-знак', 'респондент', 'высший', 'неполный', 'начальный', 'средний', 'знак-кавычки']"
1,1,1,0,1,1,1,1,1,1,1,1,0,1,0,1,1,1,0,1,1,1,"['один', 'сторона', 'везде', 'вред', 'курение', 'выход', 'оказываться', 'рядом']"
1,1,1,1,1,1,1,1,1,1,1,1,1,1,1,1,1,1,1,1,1,1,"['касаться', 'финучреждение', 'тревога', 'процент', 'транспортный', 'средство', 'взять', 'кредит', 'отплатить', 'внести', 'разряд', 'невозвратный', 'очередь', 'негативный', 'образ', 'сказываться', 'положение', 'банк']"
1,1,1,1,1,1,1,1,1,1,1,1,1,1,1,1,1,1,1,1,1,1,"['пояснить', 'русскоязычный', 'публика', 'стоить', 'верить', 'забугорный', 'специалист', 'который', 'увидеть', 'понять', 'горло', 'недостаток', 'знак-кавычки']"
1,1,1,1,1,1,1,1,1,1,1,1,1,1,0,1,1,1,1,1,1,1,"['жерар', 'взять', 'бой', 'слава', 'сделать', 'француз', 'газета', 'свет', 'подвиг']"
1,1,1,1,1,1,1,1,1,1,1,1,1,1,1,1,1,1,1,1,1,1,"['сми', 'повод']"
1,1,1,1,1,1,1,1,1,1,1,1,1,1,1,1,1,1,1,1,1,1,"['журналист', 'кремлевский', 'концерт', 'певец']"
1,0,1,0,1,1,1,1,1,1,1,1,0,1,0,1,1,1,1,1,1,1,"['христианин', 'повсюду', 'мрак', 'языческий', 'называть', 'язычник', 'сатанист', 'бог', 'бес', 'знак-кавычки']"
0,0,1,0,0,0,0,0,0,0,0,0,0,1,0,0,0,0,1,0,0,1,"['издание', 'вред', 'добавка']"
0,0,0,0,0,0,0,0,0,0,0,0,0,0,0,0,0,0,1,0,0,1,"['рано', 'говориться', 'мечтательный', 'выражение', 'лицо', 'приятный', 'околонаучный', 'треп', 'уважаемый', 'доктор', 'произноситься', 'некий', 'недовольный', 'надрыв', 'голос', 'недопонимание', 'пациент', 'вынужденный', 'объяснять', 'элементарный', 'вещь', 'который', 'реклама', 'радио', 'каждый', 'день']"
0,0,1,1,0,0,0,0,0,0,0,0,0,1,1,0,0,0,1,0,0,1,"['проявление', 'настоящий', 'международный', 'солидарность', 'который', 'сталинский', 'пропаганда']"
0,0,0,0,0,0,1,0,1,1,1,0,1,0,0,0,1,0,1,0,1,1,"['рано', 'фанфара']"
0,0,0,0,0,0,0,0,0,0,0,0,1,1,0,0,0,0,1,0,0,1,"['мера', 'человек', 'одиночка', 'отшельник', 'жить', 'тайга', 'раскрываться', 'первый', 'встречный', 'следовать', 'поговорка', 'молчание', 'золото', 'житься', 'просто', 'мир', 'суровый', 'знак-кавычки']"
0,0,1,1,0,0,0,0,0,0,0,0,1,1,1,0,0,0,1,0,0,1,"['захотеть', 'нарыть', 'информация', 'подставляться', 'каждый', 'возможность', 'имя', 'глупо', 'солидарный']"
0,1,1,1,0,0,0,0,0,0,0,0,0,1,1,0,0,0,1,0,1,1,"['внезапный', 'отбой', 'специалист', 'русгидро', 'знак-кавычки']"
0,0,0,0,0,0,0,0,0,0,0,0,1,1,0,0,0,0,1,0,0,1,"['понять', 'реклама', 'который', 'дать', 'фсб', 'объявить', 'террорист', 'организатор', 'взрыв', 'злодей', 'делаться', 'специально', 'надеяться', 'ликвидировать', 'страна', 'мир', 'уничтожить', 'супертеррорист', 'взорвать', 'дома', 'москва', 'закрыть', 'страшный', 'тема', 'знак-кавычки']"
1,1,0,0,1,1,0,1,0,0,0,1,1,0,0,1,0,1,1,1,0,1,"['государство', 'право', 'памятник', 'порок', 'возвышаться', 'тысячелетие', 'народ', 'напоминать', 'вещать', 'ежедневно', 'человечество', 'труба', 'звонить', 'колокол', 'жалкий', 'греховный', 'племя', 'совершенный', 'сын', 'божий', 'знак-кавычки']"
1,1,0,0,1,1,1,1,1,1,1,1,1,0,0,1,1,1,1,1,1,1,"['айантала', 'преследовать', 'пята', 'услышать', 'топот', 'остальной', 'зверь', 'оглушительный', 'шум', 'помчаться', 'вперед', 'каждый', 'топотать', 'вопить', 'особый', 'лад', 'козел', 'блеять', 'шакал', 'скулить', 'леопард', 'завывать', 'лев', 'подвывать', 'слон', 'истошно', 'тревога']"
0,0,0,0,0,0,0,0,0,0,0,0,0,0,0,0,0,0,1,0,0,1,"['находиться', 'разный', 'регион', 'россия', 'объединить', 'интернет', 'общий', 'сеть', 'наблюдатель', 'интернетчик', 'собирать', 'информация', 'размещать', 'специально', 'создать', 'сайт', 'распространять', 'желающий', 'труба', 'бить', 'барабан', 'случай', 'злостный', 'нарушение']"
0,1,0,0,0,0,1,0,1,1,1,0,1,0,0,0,1,0,1,0,1,1,"['спидометр', 'максимальный', 'скорость', 'равный', 'км', 'некоторый', 'владелец', 'тигренок', 'разогнать', 'автомобиль', 'проверять', 'тянуть']"
0,0,1,0,0,0,0,0,0,1,1,0,0,1,0,0,0,0,1,0,0,1,"['сделать', 'мелкий', 'акция', 'везде', 'сми', 'величайший', 'достижение']"
0,0,0,1,0,0,0,0,0,0,0,0,0,1,1,0,0,0,1,0,0,1,"['вопрос', 'воспринимать', 'добрый', 'воля', 'застройщик', 'понятно', 'бесперебойный', 'поступать', 'заставить', 'обстоятельство']"
0,0,0,0,0,0,0,0,0,0,0,0,0,0,0,0,0,0,1,0,0,1,"['широко', 'известный', 'обсуждаться', 'случай', 'корпорация', 'йел', 'экспресс', 'прибыль', 'отчет', 'год', 'безостановочно', 'катиться', 'банкротство', 'знак-кавычки']"
0,0,0,0,0,0,0,0,0,0,0,0,0,0,0,0,0,0,1,0,0,1,"['статистика', 'дорожно-транспортный', 'происшествие', 'говорить', 'польза', 'курс', 'ускоренный', 'вождение', 'обычный', 'автошкола', 'каждый', 'угол']"
0,0,1,0,0,0,0,0,0,1,0,0,1,1,0,0,0,0,1,0,0,1,"['женщина', 'прошедший', 'целый', 'серия', 'замужество', 'развод', 'средство', 'массовый', 'информация', 'страна']"
0,0,0,0,0,0,1,0,1,1,1,0,0,0,0,0,1,0,1,0,1,1,"['эмоциональный', 'тактика', 'труба', 'скрип', 'сменить', 'прагматичный', 'ждать', 'поручение', 'президент', 'знак-кавычки', 'знак-кавычки']"
0,1,1,0,0,0,0,0,0,0,0,0,1,0,0,0,0,0,1,0,0,1,"['выпуск', 'автомобиль', 'победа', 'зис', 'зима', 'первый', 'народный', 'москвич', 'конец', 'сороковой', 'голос', 'советский', 'пресса', 'сойти', 'конвейер', 'завод', 'город', 'серпухов', 'сеаза', 'инвалидка', 'модель', 'сообщать', 'довольно', 'сдержанно', 'знак-кавычки', 'знак-кавычки', 'знак-кавычки', 'знак-кавычки', 'знак-кавычки', 'знак-кавычки']"
0,0,1,1,0,0,1,0,1,0,0,0,0,1,1,0,1,1,1,0,1,1,"['сергей', 'миронов', 'борис', 'грызлов', 'радостный', 'событие', 'рог', 'владимир', 'яковлев', 'образ', 'кентавр', 'дефилировать', 'задний', 'план']"
0,0,0,0,0,0,0,0,0,0,0,0,0,0,0,0,0,0,0,0,0,1,"['тарас', 'трофимов', 'идти', 'дорога', 'желтый', 'кирпич', 'каждый', 'говорить', 'слово', 'который', 'механика', 'действие', 'прочно', 'забыть', 'выплывать', 'кричать', 'ухо', 'петух', 'похоронный', 'пароходный', 'гудок', 'паровозный', 'мертвый', 'разбудить']"
1,1,0,0,1,0,1,0,1,1,1,0,1,0,0,0,1,0,1,0,1,1,"['делать', 'команда', 'иконников', 'заявить', 'еремин', 'снять', 'горло', 'работать', 'протеже', 'мелькание', 'предвыборный', 'штаб', 'сафьянова']"
1,1,0,0,1,1,0,1,0,0,0,1,1,0,0,1,0,1,1,1,0,1,"['хотеться', 'напомнить', 'таблоид', 'август', 'рианна', 'воссоединиться', 'бывший', 'парень', 'барбадос', 'негус', 'сили']"
1,0,1,1,1,1,0,1,0,0,0,1,0,0,0,1,0,1,1,1,1,1,"['пора', 'победный', 'горный', 'игра', 'стать', 'первый', 'стратегия', 'который', 'юнит', 'наконец', 'иметь', 'масштаб', 'здание']"
0,0,0,0,0,0,0,0,0,0,0,0,1,0,0,0,0,0,1,0,0,1,"['возникать', 'нужда', 'официальный', 'минск', 'немедленно', 'братство', 'время']"
0,1,1,0,0,1,1,1,1,1,1,0,1,0,0,0,1,0,1,0,1,1,"['начало', 'перекресток', 'возвращение', 'исток', 'намерение', 'играть', 'агрессивный', 'рок', 'клуб', 'фонарь', 'знак-кавычки']"
0,0,1,1,0,0,0,0,1,1,1,0,0,0,1,0,0,0,1,0,1,1,"['молитва', 'услышать', 'любой', 'случай']"
0,1,0,0,0,0,0,0,0,0,0,1,1,0,0,1,0,1,0,1,0,1,"['первый', 'очередь', 'должный', 'показать', 'американец', 'республиканец', 'ерунда', 'обама', 'дескать', 'иметь', 'опыт', 'международный', 'дело', 'учиться', 'азы', 'внешний', 'политика', 'опытный', 'хорошо', 'знать', 'мир', 'джон', 'маккейный']"
1,0,0,0,1,1,1,1,1,1,1,1,0,0,1,1,1,1,1,1,1,1,"['удивиться', 'известно', 'мир', 'понять', 'гебистый', 'побывать', 'женский', 'консультация', 'история', 'болезнь', 'вникнуть']"
0,0,1,1,0,0,1,0,1,1,1,1,0,1,1,1,1,1,1,1,1,1,"['зарубежный', 'сми', 'затея', 'создание', 'добровольный', 'армия', 'россия', 'суждено', 'провалиться']"
0,1,1,0,0,0,0,0,0,0,0,0,1,0,0,0,0,0,1,0,0,1,"['время', 'польза', 'обрезание']"
0,0,0,0,0,0,0,0,0,0,0,0,1,0,0,0,0,0,1,0,0,1,"['запад', 'переставать', 'волшебность', 'согласный', 'знак-кавычки']"
0,0,1,0,0,0,0,0,0,0,0,0,0,1,0,0,0,0,1,0,0,1,"['официальный', 'статистика', 'ежегодный', 'сокращение', 'число', 'эмигрант', 'россия', 'ощущение', 'чемоданный', 'настроение', 'по-прежнему', 'сильный', 'знак-кавычки']"
0,0,0,0,0,0,0,0,0,0,0,0,1,0,0,0,0,0,1,0,0,1,"['скандал', 'получиться', 'нешуточный', 'сетевой', 'публикация', 'запретить', 'материал', 'день', 'практически', 'сми', 'реакция', 'заставить', 'ждать']"
0,0,0,0,0,0,0,0,0,0,0,0,1,0,0,0,0,0,1,0,0,1,"['ротшильд', 'говорить', 'предпочитать', 'покупать', 'начинать', 'стрелять', 'продавать', 'победа']"
0,0,1,0,0,0,0,0,0,0,0,0,1,0,0,0,0,0,0,0,0,1,"['выпускать', 'весна', 'год', 'декрет', 'новый', 'дух', 'большевик', 'отбой', 'утверждение', 'временный', 'путь', 'форсированный', 'социализация', 'земля', 'продразверстка', 'заменить', 'продналог', 'разрешить', 'свобода', 'торговля', 'постановить', 'стеснять', 'экономика', 'крестьянский', 'кустарный', 'хозяйство', 'запрет']"
0,0,1,0,0,0,0,0,0,0,0,0,0,0,0,0,0,0,1,0,0,1,"['смешно', 'мир', 'готовый', 'автомобиль', 'который', 'год']"
0,0,0,0,0,0,0,0,0,0,0,0,1,0,0,0,0,0,1,0,0,1,"['француз', 'мозги', 'уплывать', 'великобритания']"
1,1,0,0,1,1,0,1,0,0,0,0,1,0,0,0,0,0,0,0,0,1,"['израильский', 'сми', 'иерусалим', 'готовиться', 'нанести', 'удар', 'иранский', 'ядерный', 'объект']"
0,1,1,0,0,0,0,0,0,0,0,0,1,1,0,0,0,0,1,0,0,1,"['практически', 'водитель', 'один', 'голос', 'автомобильный', 'концерн', 'предоставлять', 'автомобиль', 'низкий', 'качество', 'знак-кавычки']"
0,0,1,0,0,0,1,0,0,1,1,0,0,0,0,0,1,0,1,0,1,1,"['галактика', 'клон', 'брат', 'великорас']"
1,0,0,0,0,1,1,0,1,1,1,1,0,0,0,0,1,1,1,0,1,1,"['цру', 'болгарский', 'след', 'кгб']"
0,0,1,0,0,0,0,0,0,0,0,0,0,0,0,0,0,0,1,0,0,1,"['событие', 'вызвать', 'возбуждение', 'пресса', 'сша', 'готовить', 'запуск', 'луна', 'декабрь', 'писать', 'нью-йорк', 'таймс', 'аполлон', 'готовый', 'облетать', 'вашингтон', 'старый', 'добавлять', 'мелкий', 'буква', 'полет', 'оставаться', 'официально', 'второй', 'земля', 'знак-кавычки', 'знак-кавычки', 'знак-кавычки', 'знак-кавычки', 'знак-кавычки']"
0,1,0,0,0,0,0,0,0,0,0,0,1,0,0,0,0,0,1,0,0,1,"['день', 'подряд', 'газета', 'наперебой', 'крусс', 'купаться', 'луч', 'слава']"
0,0,0,0,0,0,0,0,0,0,0,0,1,0,0,0,0,0,1,0,0,1,"['самый', 'таджикистан', 'факт', 'массовый', 'депортация', 'таджик', 'россия', 'грозить', 'ответный', 'асимметрия', 'например', 'заявить', 'парламентарий', 'галлий', 'рабиев', 'поставить', 'вопрос', 'дальнейший', 'пребывание', 'российский', 'военный', 'база', 'страна', 'функционирование', 'космический', 'центр', 'окно', 'нурек', 'знак-кавычки', 'знак-кавычки', 'знак-кавычки']"
1,1,1,1,1,1,1,1,1,1,1,1,1,1,1,1,1,1,1,1,1,1,"['миллиардный', 'нефтяной', 'заначка', 'который', 'громко', 'телеканал', 'таять', 'поразительный', 'быстрота']"
0,1,0,0,0,0,0,0,1,0,1,0,1,0,0,0,0,0,1,0,0,1,"['радиожурналист', 'президент', 'опальный', 'страна', 'сад', 'хусейн', 'ближневосточный', 'адольф', 'гитлер', 'убеждать', 'человек', 'стоить', 'сопротивляться', 'военный', 'машина', 'сша']"
0,0,0,0,0,0,0,0,0,0,0,0,0,0,0,0,0,0,1,0,0,1,"['вероятно', 'подобный', 'инструкция', 'усиливать', 'беспокойство', 'посол', 'время', 'пресса', 'мир', 'начало', 'наращивание', 'немецкий', 'военный', 'сила', 'советский', 'граница']"
0,0,0,0,0,0,0,0,0,0,0,0,0,0,0,0,0,0,1,0,0,1,"['начинать', 'старость', 'школьный', 'нигилизм']"
0,0,1,1,0,0,0,0,0,0,0,0,1,0,0,0,0,0,1,0,0,1,"['успеть', 'широкий', 'рынок', 'появиться', 'новый', 'аппарат', 'первый', 'покупатель', 'англия', 'форум', 'мобильный', 'девайса', 'серьезный', 'проблема', 'данный']"
0,0,0,0,0,0,0,0,0,0,0,0,0,0,1,0,0,0,1,0,0,1,"['ученый', 'пить', 'молоко', 'старший', 'возраст', 'жутко', 'опасно']"
0,1,0,0,0,0,0,0,0,0,0,0,1,0,0,0,0,0,1,0,0,1,"['рейдер', 'сигнал', 'атака', 'развертывать', 'полевой', 'офис', 'рядом', 'месторасположение', 'общество', 'начинать', 'скупка', 'распыл', 'мелкий', 'акционер', 'знак-кавычки']"
0,0,0,0,0,0,0,0,0,1,0,0,0,0,0,0,0,0,1,0,0,1,"['ситуация', 'печальный', 'каждый', 'зима', 'уносить', 'намного', 'жизнь', 'отрыв', 'лед', 'говорить', 'март', 'ноябрь']"
1,1,1,1,1,1,1,1,1,1,1,1,1,0,1,1,1,1,1,1,1,1,"['принятый', 'распространяться', 'вслух', 'инстанция']"
0,1,1,1,0,0,0,0,0,0,0,0,0,1,1,0,0,0,1,0,0,1,"['чудиться', 'пускать', 'пыль', 'глаз', 'направо', 'налево', 'внимание', 'шедевр', 'чтение', 'зази', 'метро', 'казаться', 'легкий', 'знак-кавычки', 'знак-кавычки']"
0,0,1,0,0,0,0,0,0,0,0,0,1,0,0,0,0,0,1,0,0,1,"['десятилетие', 'мир']"
0,1,1,0,0,0,0,0,0,0,0,0,1,0,0,0,0,0,1,0,0,1,"['напоминать', 'ворона', 'который', 'летать', 'лес', 'лисица', 'сыр', 'взять', 'вернуть']"
0,0,1,0,0,0,0,0,0,0,0,0,1,0,0,0,0,0,1,0,0,1,"['сегодня', 'европа', 'сила', 'стремиться', 'сберечь', 'окружающий', 'природа', 'необходимость', 'использование', 'вторично', 'переработать', 'материал', 'энергосберегающий', 'лампа', 'накаливание', 'бумага', 'дизайнер', 'решение', 'дух', 'современный', 'тренд']"
1,0,0,1,1,1,1,0,1,0,0,1,0,0,0,1,0,1,1,1,0,1,"['опыт', 'показывать', 'один', 'начинать', 'хорошо', 'работать', 'грош', 'находиться', 'куча', 'негодяй', 'который', 'плод', 'ударный', 'работа', 'создавать', 'кабинет', 'неповторимый', 'организаторский', 'талант']"
0,0,1,1,0,0,0,0,0,0,0,0,0,0,0,0,0,0,1,0,0,1,"['думать', 'посчастливиться', 'встретить', 'целеустремленный', 'танцор', 'который', 'повсюду', 'награда']"
0,1,0,0,0,0,0,0,0,0,0,0,1,1,0,0,0,0,1,0,0,1,"['польский', 'газета', 'сбор']"
0,0,1,0,0,0,0,0,0,0,0,0,1,0,0,0,0,0,0,0,0,1,"['сми', 'вопиять', 'факт']"
0,0,1,0,0,0,0,0,0,0,0,0,1,0,0,0,0,0,1,0,0,1,"['недаром', 'советский', 'печать', 'практически', 'появляться', 'материал', 'жить', 'румыния', 'чаушесок', 'успех', 'социалистический', 'строительство', 'другой', 'страна', 'социализм', 'пресса', 'ежедневно']"
0,0,0,0,0,0,0,0,0,0,0,0,0,0,0,0,0,0,0,0,0,1,"['десяток', 'ученый', 'теплоход', 'академик', 'топчиев', 'пройти', 'волга', 'рыбинский', 'шекснинский', 'водохранилище', 'исследовать', 'мера', 'касаться', 'давно', 'мир', 'знак-кавычки']"
0,1,1,0,0,0,0,0,0,0,0,0,0,1,0,0,0,0,1,0,0,1,"['премьера', 'который', 'посетить', 'автор', 'пьеса', 'критика', 'хит', 'сезон', 'один', 'лучший', 'спектакль', 'история', 'пятый', 'театр']"
1,0,1,1,1,1,1,1,1,1,1,1,1,1,1,1,1,1,1,1,1,1,"['разница', 'грузия', 'постоянно', 'азербайджан', 'армения', 'предпочитать', 'акцентировать']"
0,1,0,1,0,0,0,0,0,0,0,0,1,1,1,0,0,0,0,0,0,1,"['религиозный', 'вождь', 'совершать', 'огромный', 'ошибка', 'пытаться', 'поднять', 'современный', 'человек', 'духовный', 'битва', 'труба', 'средневековье']"
1,1,0,0,1,1,1,1,1,1,1,1,1,0,0,1,1,1,1,1,1,1,"['услышать', 'любой', 'привести', 'выше', 'фраза', 'немедля', 'отход', 'фронт', 'желать', 'иметь', 'дело', 'черствый', 'недалекий', 'особа', 'знак-кавычки', 'знак-кавычки']"
1,1,1,1,1,1,1,1,1,1,1,1,1,1,1,1,1,1,1,1,1,1,"['неделя', 'ведущий', 'сми', 'материковый', 'китай', 'гонконг', 'тайвань']"
0,0,0,1,0,0,1,0,1,1,1,0,1,0,1,0,1,0,1,0,1,1,"['распространитель', 'уверенно', 'источник', 'совершенно', 'безвредный', 'использование', 'аудионаркотик']"
0,0,1,1,0,0,0,0,0,0,0,0,0,0,1,0,0,0,1,0,0,1,"['подъем', 'бравый', 'ребята', 'прибыть', 'урал', 'нефтяной', 'компания']"
1,0,1,1,1,1,1,1,1,1,1,1,0,1,0,1,1,1,1,1,1,1,"['год', 'мир', 'революционный', 'продукт', 'который', 'предложить', 'прочесть', 'масса', 'интересный', 'блог', 'обсуждаться', 'живой', 'приложение', 'вычисление', 'облако', 'написать', 'ряд', 'книга', 'объяснять', 'пошаговый', 'стратегия', 'разработка', 'знак-кавычки', 'знак-кавычки']"
1,0,0,1,1,1,1,1,1,1,1,1,1,0,0,1,1,1,1,1,1,1,"['сколково', 'научный', 'центр', 'территория', 'московский', 'область']"
1,1,0,0,1,1,1,1,1,1,1,1,1,1,0,1,1,1,1,1,1,1,"['ребенок', 'остаться', 'сирота', 'чужой', 'рука', 'довершение', 'город', 'победа']"
1,0,1,1,0,1,1,0,0,1,1,1,0,1,1,1,1,1,1,1,1,1,"['тогдашний', 'сми', 'неустанно', 'единство', 'советский', 'народ', 'передовой', 'авангард', 'коммунистический', 'партия', 'реальный', 'отношение', 'гражданин', 'ссср', 'далеко', 'однозначный', 'знак-кавычки']"
0,1,0,1,0,0,1,0,1,1,1,0,1,1,1,0,1,0,1,0,1,1,"['выборы', 'каждый', 'угол', 'представитель', 'править', 'партия', 'помогать', 'развиваться', 'малый', 'бизнес', 'обещать', 'золотой', 'гора', 'выбрать', 'глубоко', 'наплевать']"
1,1,0,0,1,1,1,1,1,1,1,1,1,0,0,1,1,1,1,1,1,1,"['год', 'славный', 'николай', 'установить', 'россия', 'сухой', 'закон', 'писать', 'введенский', 'дать', 'блестящий', 'результат', 'знак-кавычки', 'знак-кавычки']"
1,1,1,1,1,1,1,1,1,1,1,1,1,1,1,1,1,1,1,1,1,1,"['читатель', 'терпеливый', 'прийти', 'пора', 'финал', 'окончить', 'труд', 'торопливый']"
1,0,1,0,1,1,1,1,1,1,1,1,0,1,0,1,1,1,1,1,1,1,"['пример', 'сми', 'изнасилование', 'кущевский']"
0,1,1,1,0,0,0,0,1,1,1,1,1,1,1,1,1,1,1,1,1,1,"['который', 'замечать', 'высокий', 'трибуна', 'энергетический', 'сверхдержава', 'регулярный', 'подорожание', 'бензин', 'звучать', 'благоглупость', 'необходимость', 'продовольственный', 'безопасность', 'страна', 'запасаться', 'гречка']"
1,1,1,1,1,1,1,1,1,1,1,1,1,1,1,1,1,1,1,1,1,1,"['широкий', 'публика', 'осведомить', 'карпов', 'дело']"
1,0,1,0,1,1,1,1,1,1,1,1,0,1,1,1,1,1,1,1,1,1,"['уровень', 'власть', 'прямой', 'смысл', 'слово', 'житель', 'ильинка']"
1,0,1,1,1,1,1,1,1,1,1,1,1,0,1,1,1,1,1,1,1,1,"['семейный', 'жизнь', 'должный', 'уподобляться', 'флаг', 'который', 'размахивать', 'улица', 'рог', 'хрипло', 'крыша']"
1,0,1,1,1,1,1,1,1,1,1,1,0,1,1,1,1,1,1,1,1,1,"['год', 'глобальный', 'экономический', 'спад', 'нанести', 'мощный', 'удар', 'американский', 'идея', 'ценность', 'свободный', 'рынок', 'который', 'мир', 'знак-кавычки']"
0,0,1,1,0,0,0,0,0,0,0,0,1,0,0,0,0,0,1,0,0,1,"['каждый', 'утро', 'начинаться', 'сми', 'мир', 'конгресс', 'сша', 'вновь', 'отложить', 'вопрос', 'увеличение', 'госдолг']"
1,1,1,1,1,1,1,1,1,1,1,1,1,1,0,1,1,1,1,1,1,0,"['играть', 'ответить', 'гуслить']"
0,0,1,1,0,1,1,1,1,1,1,1,1,1,1,1,1,1,1,1,1,0,"['мужественный', 'князь', 'владимир', 'герой', 'незабвенный', 'россия', 'день', 'довершить', 'победа', 'стать', 'кость', 'поле', 'битва', 'черный', 'знамя', 'княжеский', 'велеть', 'воинский', 'труба', 'сторона', 'съезжаться', 'полководец', 'димитрий']"
0,1,0,1,0,0,1,0,1,1,1,0,1,1,1,0,1,0,1,0,1,0,"['оглашенный', 'корова', 'бить', 'задний', 'нога', 'разносить', 'попадаться', 'путь']"
1,1,0,0,1,1,0,1,1,0,0,1,1,1,0,1,1,1,1,1,0,0,"['идти', 'площадь', 'сзывать', 'власть', 'город', 'воля', 'объявить']"
1,1,1,1,1,1,1,1,1,1,1,1,1,1,1,1,1,1,1,1,1,0,"['день', 'ночь', 'бить', 'барабан', 'стучать', 'бубен', 'труба', 'греметь', 'музыка', 'отдать', 'царский', 'дочь', 'жена', 'малик', 'мухаммад']"
1,1,0,1,1,1,1,1,1,1,1,1,1,0,1,1,1,1,1,1,1,0,"['слон', 'подняться', 'вершина', 'гора', 'дой', 'сутхеп', 'м', 'сделать', 'круг', 'лечь']"
1,1,1,0,1,1,1,1,1,1,1,1,1,1,1,1,1,1,1,1,1,0,"['король', 'альфред', 'конец', 'столетие', 'действовать', 'представить', 'миленький', 'закон', 'человек', 'происходить', 'другой', 'место', 'чужеземец', 'идти', 'лес', 'сторона', 'дорога', 'кричать', 'рог', 'считать', 'вор', 'следовать', 'казнить', 'выкупиться']"
0,1,1,1,0,0,0,0,0,0,0,0,1,1,1,0,0,0,1,0,0,0,"['день', 'собрание', 'священник', 'золотой', 'труба', 'рука', 'выстраиваться', 'улица', 'иерусалим', 'собирать', 'народ', 'храм', 'знак-кавычки', 'знак-кавычки']"
1,0,0,0,1,1,0,1,0,0,0,1,1,0,0,1,0,1,1,1,0,0,"['день', 'веселие', 'праздник', 'новолетие', 'седьмой', 'месяц', 'называть', 'трубный', 'звук', 'лев']"
1,0,0,1,1,1,1,1,1,1,1,1,1,0,1,1,1,1,1,1,1,0,"['цицерон', 'писать', 'друг', 'слон', 'боль', 'медленно', 'замучивать', 'насмерть', 'арена']"
1,1,1,1,1,1,1,1,1,1,1,1,1,1,1,1,1,1,1,1,1,0,"['труба', 'жить', 'изба', 'линять', 'рог', 'ронять']"
1,1,1,1,1,1,1,1,1,1,1,1,1,1,1,1,1,1,1,1,1,0,"['напрасно', 'труба', 'разжигаться', 'костер', 'рыться', 'ров']"
1,0,1,1,1,1,1,1,1,1,1,1,1,1,1,1,1,1,1,1,1,0,"['рог', 'сион', 'бить', 'тревога', 'святой', 'гора']"
1,0,0,0,1,1,1,1,1,1,1,1,0,0,0,1,1,1,1,1,1,0,"['длинный', 'труба', 'скульптура', 'экран', 'жертвенник', 'трепещущий', 'пламень', 'красный', 'ленточка', 'особый', 'возбуждать', 'кинематографический', 'запах', 'словно']"
1,1,1,1,1,1,1,1,1,0,0,1,1,1,1,1,1,1,0,1,1,0,"['хобот', 'слон', 'подавать', 'различный', 'сигнал', 'сородич', 'отпугивать', 'неприятель']"
1,1,1,1,1,1,1,1,1,1,1,1,1,1,1,1,1,1,1,1,1,0,"['бить', 'колокол', 'труба']"
1,1,0,1,1,1,1,1,1,1,1,1,1,0,1,1,1,1,1,1,1,0,"['обязанный', 'приносить', 'жертва', 'очищать', 'священнодействие', 'проказа', 'другой', 'нечистота', 'наставлять', 'народ', 'закон', 'божий', 'труба', 'созывание', 'праздник', 'война', 'священник', 'запрещаться', 'пить', 'вино', 'прикасаться', 'мертвый', 'близкий', 'родственник', 'знак', 'печаль', 'брить', 'голова', 'подстригать', 'борода', 'делать', 'надрез', 'тело', 'лев']"
1,1,1,1,1,1,1,1,1,1,1,1,1,1,1,1,1,1,1,1,1,0,"['парад', 'фанфара', 'слушать', 'знак-кавычки']"
1,1,1,0,1,1,1,1,1,0,0,1,1,1,0,1,0,1,1,1,1,0,"['пастушок', 'рог', 'петь', 'искусно', 'слава', 'хотеть', 'соловей', 'весна', 'строгий', 'никто', 'стих', 'опорочить', 'говорить', 'царь', 'бог', 'знак-кавычки']"
1,0,1,1,1,1,1,1,1,1,1,1,1,1,1,1,1,1,1,1,1,0,"['другой', 'фреска', 'музыкант', 'труба', 'третий', 'играть', 'флейта', 'четвертый', 'бить', 'тарелка', 'пятый', 'перебирать', 'струна', 'шестой', 'многострунный', 'инструмент', 'похожий', 'арфа']"
1,1,1,1,1,1,1,1,1,1,1,1,1,1,1,1,1,1,1,1,1,0,"['центр', 'азнаурский', 'войско', 'сомкнуть', 'кольцо', 'кахетинец', 'рог', 'георгий', 'саакадзе', 'сигнал', 'отход']"
1,0,1,0,0,1,1,0,1,1,1,1,1,1,0,1,1,1,1,1,1,0,"['дело', 'осложниться', 'вожак', 'самый', 'большой', 'слон', 'смертельно', 'ранить', 'враг', 'упасть', 'ворота', 'жалобно', 'преграждать', 'путь', 'отступление', 'привести', 'поражение', 'смерть', 'пирр', 'царь', 'эпирский']"
1,0,1,0,1,1,1,1,1,1,1,1,1,1,1,1,1,1,1,1,1,0,"['шхуна', 'рог', 'подать', 'сигнал', 'уйти', 'море', 'шлюпка', 'труп', 'утопленник', 'неизменно', 'подплывать', 'кричать', 'знак-кавычки']"
1,0,1,1,1,1,1,1,1,1,1,1,1,1,1,1,1,1,0,1,1,0,"['слава', 'киев', 'звенеть', 'новеграда', 'труба', 'громкий', 'путивль', 'стяг', 'брать', 'стоять', 'знак-кавычки']"
0,0,1,1,0,1,1,1,1,1,1,1,0,1,1,0,1,1,0,1,1,0,"['амбосеть', 'огромный', 'парк', 'поражать', 'экзотичность', 'слон', 'нарушать', 'спокойствие']"
1,1,1,0,1,1,1,1,1,1,1,1,1,1,0,1,1,1,0,1,1,0,"['первый', 'второй', 'третий', 'занавес', 'раздвигаться', 'сторона', 'открывать', 'сверху', 'донизу', 'обтянутый', 'черный', 'сцена']"
1,1,1,1,1,1,1,1,1,1,1,1,0,1,1,1,1,1,0,1,1,0,"['мотор', 'стихать', 'бас', 'алеша', 'давать', 'самый', 'большой', 'газ', 'разгонять', 'скорость', 'очередной', 'сложный', 'фигура']"
1,1,1,1,1,1,1,1,1,1,1,1,1,1,1,1,1,1,0,1,1,0,"['егерь', 'рассказывать', 'лесничий', 'урочище', 'иван', 'черноштан', 'научиться', 'олень', 'вызывать', 'соперник', 'бой']"
1,0,0,0,1,1,1,1,1,1,1,1,0,1,0,1,1,1,0,1,1,0,"['домой', 'нитьянанд', 'прабха', 'ребенок', 'возвращаться', 'обед', 'пастушеский', 'буйволиный', 'рожок']"
0,0,0,1,0,0,1,0,1,1,1,1,0,1,1,1,1,1,1,0,1,0,"['кричать', 'болото', 'птица', 'лось', 'мгла', 'клубиться', 'зыбь', 'топь', 'торфяной', 'опоздать']"
1,1,1,1,1,1,1,1,1,1,1,1,1,1,1,1,1,1,0,1,1,0,"['работа', 'рублев', 'остаться', 'западный', 'часть', 'собор', 'изображение', 'страшный', 'суд', 'апостол', 'ангел', 'праведник', 'идти', 'рай', 'возвещать', 'приближение', 'жить', 'умерший']"
1,0,1,1,1,1,1,1,1,1,1,1,0,1,1,1,1,1,0,1,1,0,"['европейский', 'традиция', 'событие', 'который', 'возвещать', 'ангел', 'называться', 'последний', 'суд']"
1,0,1,1,1,1,1,1,1,1,1,1,1,1,1,1,1,1,0,1,1,0,"['верхний', 'часть', 'карта', 'таро', 'суд', 'находиться', 'божественный', 'фигура', 'обычно', 'представить', 'крылатый', 'ангел', 'смотреть', 'облако', 'труба']"
1,1,0,1,1,1,1,1,1,1,1,1,0,0,1,1,1,1,0,1,1,0,"['стража', 'побежать', 'внутрь', 'труба', 'торжественный', 'митинг', 'знак-кавычки', 'словно']"
1,1,0,1,1,1,1,1,1,1,1,1,1,1,1,1,1,1,0,1,1,0,"['бездымный', 'небо', 'кружиться', 'чайка', 'призывно']"
1,1,1,0,1,1,1,1,1,1,1,1,1,1,0,1,1,1,0,1,1,0,"['внутри', 'экипаж', 'находиться', 'зеркало', 'который', 'верхний', 'часть', 'рама', 'расположенный', 'золотой', 'ангелочек', 'труба', 'получить', 'название', 'ангел', 'знак-кавычки']"
1,1,1,1,1,1,1,1,1,1,1,0,1,1,1,1,1,1,0,1,1,0,"['кирпич', 'башня', 'год', 'построить', 'монастырский', 'ограда', 'который', 'венчать', 'ангел', 'проект', 'м.', 'ф.', 'казаков', 'стиль', 'русский', 'готика']"
1,1,1,1,1,1,1,1,1,1,1,1,1,1,1,1,1,1,0,1,1,0,"['лев', 'смех', 'комар', 'шутить', 'тыл', 'глаз', 'ухо']"
1,0,1,1,1,1,1,1,1,1,1,1,1,1,1,1,1,1,0,1,1,0,"['самый', 'крупный', 'слон']"
1,1,0,0,1,1,0,1,0,0,0,1,1,0,0,1,0,1,0,1,0,0,"['тема', 'иллюстрация', 'ритуальный', 'предмет', 'изображение', 'событие', 'исход', 'мессия', 'верхом', 'осел', 'пророк', 'илий', 'который', 'шофар', 'храм', 'служба', 'немой', 'пейзаж', 'эрец', 'исраэль']"
0,0,1,1,0,0,0,0,1,0,0,0,0,1,1,0,0,0,0,0,0,0,"['пояс', 'висеть', 'рог', 'который', 'случай', 'опасность']"
1,1,0,0,1,1,1,1,1,1,1,1,1,0,0,1,1,1,0,1,1,0,"['хеймдаль', 'золотой', 'рог', 'возвещать', 'прийти', 'час', 'регнарка']"
0,1,0,0,0,0,0,0,0,0,0,0,0,0,0,0,0,0,0,0,0,0,"['молодец', 'вина', 'виноватый', 'славно']"
0,0,0,0,0,0,0,0,0,0,0,0,0,0,0,0,0,0,0,0,0,0,"['некоторые', 'труба', 'великий', 'невозможно', 'удержать', 'рука', 'нести', 'монах', 'один', 'другой', 'держать', 'плечо']"
1,0,0,0,1,1,1,1,1,1,1,1,0,0,0,1,1,1,0,1,1,0,"['начало', 'потоп', 'очередь', 'ангел', 'происходить', 'система', 'земной', 'равновесие']"
0,0,0,0,0,0,0,0,0,0,0,0,1,0,1,0,0,0,0,0,0,0,"['веселый', 'человек', 'воздух', 'конфетти', 'рог']"
0,0,1,1,0,1,1,0,1,1,1,1,0,1,0,1,1,1,1,1,1,0,"['длинный', 'труба', 'садиться', 'борзая', 'лесной', 'конь', 'лютый', 'зверь', 'стремиться', 'добыча', 'жечь', 'селение', 'пленять', 'житель', 'настигать', 'отряд', 'воинский', 'хотеть', 'биться', 'стена', 'рассыпаться', 'сторона', 'пускать', 'стрела', 'издали', 'метать', 'дротик', 'исчезать', 'снова', 'являться']"
0,0,0,0,0,0,1,0,1,1,1,0,0,0,0,0,1,0,0,0,1,0,"['окно', 'ходить', 'горожанин', 'грузовик', 'дождь', 'шуметь', 'посвистывать', 'милиционер', 'всходить', 'солнце', 'наступать', 'утро', 'звезда', 'ночь', 'небо', 'светлеть', 'темнеть']"
0,0,1,0,0,0,0,0,0,0,0,0,0,1,0,0,0,0,0,0,0,0,"['лестница', 'выходить', 'молодой', 'трубач', 'смотреть', 'часы']"
1,0,0,0,1,1,1,1,1,1,1,1,0,0,0,1,1,1,0,1,1,0,"['левый', 'часть', 'рельеф', 'тритон', 'выплывать', 'вода', 'нереида', 'приветствовать', 'построить', 'корабль', 'флаг', 'двуглавый', 'российский', 'орел']"
0,1,0,1,0,0,0,0,0,0,0,0,1,0,1,0,0,0,0,0,0,0,"['пицци', 'нажимать', 'ласт', 'рожок', 'лео', 'бить', 'барабан', 'васька', 'хлопать', 'аплодировать']"
0,0,0,0,0,0,0,0,0,0,0,0,0,0,0,0,0,0,0,0,0,0,"['другой', 'слон', 'окружить', 'поднять', 'хобот', 'начать']"
0,0,0,1,0,0,1,0,1,1,1,0,0,0,1,0,1,0,0,0,1,0,"['первый', 'пьедестал', 'почет', 'самый', 'дело', 'медный', 'труба', 'гудеть', 'колокольный', 'бронза']"
0,0,0,0,0,0,0,0,0,0,0,0,0,0,0,0,0,0,0,0,0,0,"['любить', 'изображать', 'печальный', 'ребенок', 'моряк', 'пьеро', 'арлекин', 'молчать', 'труба', 'океанский', 'раковина', 'аллегорический', 'сцена', 'ангел', 'человек', 'который', 'даровать', 'ангельский', 'крыло']"
0,1,0,0,0,0,0,0,0,0,0,0,0,0,0,0,0,0,0,0,0,0,"['труба', 'барабан', 'греметь', 'генерал', 'командовать']"
0,1,0,0,0,0,0,0,0,0,0,0,1,0,0,0,0,0,0,0,0,0,"['труба', 'дудка', 'дудеть', 'барабан', 'барабанить', 'спрашивать', 'датья', 'бен', 'дора', 'пианино', 'пианинить', 'знак-кавычки']"
0,0,0,1,0,0,0,0,0,0,0,0,0,0,1,0,0,0,0,0,0,0,"['наступать', 'час', 'вечер', 'звучать', 'завершать', 'слово', 'молитва', 'рог', 'шофар', 'праздник', 'завершаться']"
1,1,0,0,1,1,1,1,1,1,1,1,0,0,0,1,1,1,0,1,1,0,"['улица', 'стоять', 'непроглядный', 'темень', 'гладриэль', 'проснуться', 'звук', 'горн', 'который', 'гвардейский', 'горнист']"
0,0,0,0,0,0,0,0,0,0,0,0,0,0,0,0,0,0,0,0,0,0,"['передний', 'форейтор', 'почтальон', 'рог', 'давать', 'дорога']"
0,1,0,1,0,0,0,0,0,0,0,0,0,0,0,0,0,0,0,0,0,0,"['конь', 'ржать', 'река', 'сулой', 'звенеть', 'слава', 'киев', 'труба', 'новгород', 'знамя', 'полк', 'путивль']"
0,1,1,0,0,0,1,1,1,1,1,0,1,1,1,0,1,0,0,1,1,0,"['кататься', 'коляска', 'запрячь', 'четверка', 'человек', 'запятки', 'длинный', 'рог', 'дикий', 'уиттингтон', 'стоять', 'кошка', 'колокол', 'звенеть']"
0,1,0,0,0,0,0,0,0,0,0,0,0,0,0,0,0,0,0,0,0,0,"['журавль', 'небо', 'подруга', 'звать']"
0,1,0,0,0,0,0,0,0,0,0,0,0,0,0,0,0,0,0,0,0,0,['фабрицио']
0,1,0,0,0,0,0,0,0,0,0,0,1,0,0,0,0,0,0,0,0,0,"['лукулл', 'увидеть', 'часть', 'войско', 'македонский', 'конница', 'переходить', 'неприятель', 'велеть', 'наступление', 'приказать', 'остальной', 'идти', 'перебежчик']"
0,1,0,0,0,0,0,0,0,0,0,0,0,0,0,0,0,0,0,0,0,0,"['молитва', 'наблюдатель', 'успокоить', 'беспорядок', 'отвести', 'сторона', 'враг', 'оповещать', 'старейшина', 'тревога']"
0,0,0,0,0,0,0,0,0,0,0,0,0,0,0,0,0,0,0,0,0,0,"['сторожевой', 'башня', 'должный', 'каждый', 'час', 'показывать', 'спать']"
1,0,0,0,1,1,1,1,1,1,1,1,0,0,0,1,1,1,0,1,1,0,"['передавать', 'исрафил', 'мир', 'перестать', 'призывно', 'труба', 'земля', 'вывести', 'находиться', 'мертвец', 'вверить', 'всевышний']"
0,0,1,1,0,0,0,0,0,0,0,0,0,1,1,0,0,0,0,0,0,0,"['рог', 'зверь', 'предсмертный', 'крик']"
0,0,0,0,0,0,0,0,0,0,0,0,0,0,0,0,0,0,0,0,0,0,"['плохо', 'отметить', 'ветхий', 'завет', 'читать', 'странный', 'увидеть', 'правитель', 'наконец', 'стоять', 'возвышение', 'собственный', 'вход', 'князь', 'труба', 'царь', 'люд', 'земля', 'веселиться', 'певец', 'орудье', 'музыкальный', 'качественный', 'славословие', 'знак-кавычки']"
0,0,0,0,0,0,0,0,0,0,0,0,0,0,0,0,0,0,0,0,0,0,"['пора', 'рог']"
0,0,0,1,0,0,0,0,0,0,0,0,0,0,1,0,0,0,0,0,0,0,"['устрашение', 'противник', 'битва', 'кельт', 'издавать', 'оглушительный', 'вопль', 'боевой', 'труба', 'карникса', 'раструб', 'который', 'сделать']"
0,0,0,0,0,0,0,0,0,0,0,0,0,0,0,0,0,0,0,0,0,0,"['герцогиня', 'заломить', 'рука', 'возвести', 'глаз', 'потолок', 'который', 'пухлый', 'купидон', 'сидеть', 'спина', 'дельфин', 'раковина', 'гимн', 'радостный', 'жизнь']"
0,1,0,0,0,0,0,0,0,0,0,0,0,0,0,0,0,0,0,0,0,0,"['последний', 'посетить', 'каракорум', 'год', 'оставить', 'подробный', 'описание', 'многолюдный', 'город', 'резиденция', 'мункэ', 'хана', 'невиданный', 'время', 'чудо', 'серебряный', 'дерево', 'сотворить', 'французский', 'мастер', 'гильом', 'буш', 'фигура', 'ангел', 'горн', 'лев', 'змея', 'пасть', 'который', 'нужный', 'момент', 'течь', 'вино', 'кумыс', 'прочий', 'хмельной', 'напиток', 'знак-кавычки']"
1,1,0,0,1,1,0,1,0,0,0,1,0,0,0,1,0,1,0,1,0,0,"['русалка', 'старший', 'который', 'сзывать', 'труба']"
1,1,1,0,1,1,0,1,0,1,0,1,0,1,0,1,0,1,0,1,0,0,"['приближаться', 'бог', 'труба', 'возвещать', 'суд', 'который', 'звучать', 'синай']"
0,1,1,1,0,0,0,0,0,0,0,0,0,1,1,0,0,0,0,0,0,0,"['язык', 'сказать', 'многое', 'совсем', 'обязательно', 'стучать', 'барабан', 'горн', 'бить', 'радужный', 'фонтан']"
1,1,1,0,1,1,1,1,1,1,1,1,0,0,0,1,1,1,0,1,1,0,"['рог', 'издавать', 'неприятно', 'резкий', 'звук']"
1,0,0,1,1,1,1,1,1,1,1,1,0,1,1,1,1,1,0,1,1,0,"['вождь', 'переставать', 'рог', 'чаять', 'голова', 'начинать', 'пробиваться']"
1,1,1,1,1,1,1,1,1,1,1,1,1,1,1,1,1,1,0,1,1,0,"['каждый', 'строитель', 'работа', 'носить', 'бедро', 'меч', 'рядом', 'находиться', 'человек', 'который', 'рог']"
1,1,1,0,1,1,1,1,1,1,1,1,0,1,0,1,1,1,0,1,1,0,"['герб', 'колония', 'сент', 'кристофер', 'невис', 'ангилья', 'год', 'представлять', 'индеец', 'стоить', 'лодка', 'морской', 'берег', 'усыпать', 'раковина', 'один']"
0,1,0,0,0,0,1,0,1,1,1,0,1,0,0,0,1,0,0,0,1,0,"['стать', 'заря', 'круг', 'серый', 'голенастый', 'хоровод', 'плясун', 'приседать', 'кланяться', 'вытянуть', 'шея']"
1,1,1,1,1,1,1,1,1,1,1,1,1,1,1,1,1,1,1,1,1,0,"['середина', 'первый', 'день', 'новый', 'год', 'участник', 'праздник', 'ритуальный', 'рог', 'шофар']"
1,1,1,1,1,1,1,1,1,1,1,1,1,1,1,1,1,1,0,1,1,0,"['однажды', 'ночь', 'человек', 'мирно', 'спать', 'приказать', 'рог', 'решить', 'немедленно', 'сообщить', 'намерение', 'услышать', 'мнение', 'народ']"
1,1,0,1,1,1,1,1,1,1,1,1,0,1,1,1,1,1,0,1,1,0,"['козявка', 'дудеть', 'похороны', 'отбой', 'ученье', 'первогодок', 'навар']"
1,0,1,0,1,1,1,1,1,1,1,1,0,0,0,1,1,1,0,1,1,0,"['миг', 'возникнуть', 'фантастический', 'картина', 'привидеться', 'герольд', 'фанфара', 'коронация', 'долгий', 'синий', 'вечер', 'земля', 'древний', 'палестина', 'выводить', 'труба', 'вечерний', 'зоря', 'легион', 'отходить', 'сон', 'дымный', 'костер', 'знак-кавычки']"
1,0,1,1,1,1,1,1,1,1,1,1,0,1,0,1,1,1,0,1,1,0,"['вечер', 'нередко', 'видеть', 'плац', 'слышать', 'играть', 'гитара', 'получаться', 'хорошо', 'горн']"
0,0,0,0,0,0,0,0,0,0,0,0,0,0,0,0,0,0,0,0,0,0,"['быстро', 'четко', 'ничто', 'смазывать']"
1,1,1,1,1,1,1,1,1,1,1,1,0,1,1,1,1,1,0,1,1,0,"['видеть', 'дежурный', 'горнист', 'подходить', 'мегафон', 'угол', 'залить', 'яркий', 'утренний', 'солнце', 'двор', 'утро', 'сиять', 'деньги', 'получать', 'знак-кавычки']"
1,1,1,0,1,1,0,1,0,0,0,1,1,1,1,1,0,1,0,1,0,0,"['думать', 'тушить', 'огнь', 'знак-кавычки']"
1,0,1,0,1,1,1,1,1,1,1,1,0,1,1,1,1,1,0,1,1,0,['научиться']
0,0,1,1,0,0,0,0,0,0,0,1,0,1,1,1,0,1,0,1,0,0,"['обрадоваться', 'услышать', 'горнист', 'выход', 'морока', 'полчаса', 'который', 'пролежать', 'прикрываться', 'рука', 'спать', 'бейсболист', 'боксер', 'выкатываться', 'тренировка', 'наконец', 'остаться', 'один']"
1,0,1,1,1,1,0,1,0,0,0,1,0,1,0,1,0,1,0,1,0,0,"['выйти', 'сознавать', 'выдержать', 'экзамен', 'честь', 'испытывать', 'гордость', 'арлингтон', 'однажды', 'зоря', 'знак-кавычки']"
1,1,1,1,1,1,1,1,1,1,1,1,1,0,1,1,1,1,0,1,1,0,"['угол', 'учебный', 'плац', 'общий', 'беготня', 'неразбериха', 'стоять', 'мегафон', 'дежурный', 'горнист', 'сбор']"
0,1,1,1,0,1,1,1,1,1,1,0,1,1,1,0,1,0,0,0,1,0,"['беготня', 'двор', 'мгновенно', 'прекратиться', 'горнист', 'перестать', 'метнуться', 'галерея', 'пята', 'рота']"
1,0,0,1,1,1,0,1,0,1,0,1,0,0,1,1,0,1,0,1,0,0,"['горнист', 'внизу', 'перестать', 'броситься', 'галерея', 'пята', 'рота']"
1,1,1,1,1,1,1,1,1,1,1,1,1,1,1,1,1,1,0,1,1,0,"['рог', 'звенеть', 'доспехи']"
1,1,1,1,1,1,1,1,1,1,1,1,1,1,1,1,1,1,1,1,1,0,"['утренний', 'собрание', 'синагога', 'бараний', 'рог', 'звук', 'который', 'должный', 'пробудить', 'раскаяние', 'сердце', 'собраться']"
1,1,1,1,1,1,1,1,1,1,1,1,0,1,1,1,1,1,0,1,1,0,"['шофар', 'рог', 'обычно', 'бараний', 'который', 'библейский', 'период', 'созыв', 'войско', 'объявление', 'наступление', 'новый', 'год']"
1,0,1,1,1,1,1,1,1,1,1,1,0,1,1,1,1,1,1,1,1,0,"['проплывать', 'регата', 'полный', 'веселый', 'человек', 'который', 'горсть', 'бросать', 'воздух', 'конфетти', 'труба', 'представляться', 'бесконечный', 'множество', 'ночь', 'отчетливо', 'видеть', 'стена', 'дивный', 'картина', 'стоять', 'причал', 'мама', 'папа', 'скип']"
1,1,0,1,1,1,1,1,1,1,1,1,0,1,1,1,1,1,0,1,1,0,"['медный', 'шишка', 'сиять', 'перила', 'крыльцо', 'начистить', 'приход', 'гость', 'трубач', 'дверь', 'вырезать', 'выходить', 'тюльпан', 'сила', 'надувать', 'щека', 'пуще', 'обычный']"
1,0,1,1,1,1,1,1,1,1,1,1,0,1,1,1,1,1,0,1,1,0,['знак-кавычки']
0,0,1,1,0,0,1,0,1,1,1,0,0,1,1,0,1,0,0,0,1,0,"['слон', 'джунгли', 'обида', 'буйвол', 'мычать', 'леопард', 'фыркать', 'антилопа', 'поглядывать', 'ласковый', 'глаз', 'приговаривать']"
0,0,1,0,0,0,0,0,0,0,0,0,0,1,0,0,0,0,0,0,0,0,"['традиция', 'еврейский', 'народ', 'присутствие', 'сотня', 'гость', 'шофар', 'весело', 'отмечать', 'новый', 'год']"
0,0,0,0,0,0,0,0,0,0,0,0,0,0,0,0,0,0,0,0,0,0,"['звук', 'горн', 'горновой']"
1,0,0,0,0,0,0,0,0,0,0,1,0,0,0,1,0,1,0,1,0,0,"['самый', 'надежный', 'способ', 'быстро', 'сообщать', 'произойти', 'застава', 'рог']"
1,0,0,1,1,1,1,1,1,1,1,1,0,0,1,1,1,1,1,1,1,0,"['грозный', 'рог', 'сотворить', 'оромэ', 'всякий', 'думать', 'услышать', 'далеко', 'знак-кавычки']"
0,0,0,0,0,0,0,0,0,0,0,0,0,0,0,0,0,0,0,0,0,0,"['рог', 'далеко', 'звук', 'странный', 'осанвэ']"
0,1,1,1,0,0,1,0,1,1,1,0,0,1,1,0,1,0,0,0,1,0,"['дух', 'английский', 'баллада', 'король', 'артур', 'война', 'спешить', 'громко', 'труба']"
0,0,0,1,0,0,0,0,0,0,0,0,0,0,0,0,0,0,0,0,0,0,"['маленький', 'мальчик', 'настояние', 'приказчик', 'приобретаться', 'деревянный', 'ружье', 'который', 'другой', 'день', 'запаливать', 'пробка', 'лоб', 'грудной', 'братец', 'разный', 'рожок', 'труба', 'запретить']"
1,1,0,0,1,1,1,1,1,1,1,1,1,0,0,1,1,1,0,1,1,0,"['священок', 'большой', 'крумгорн', 'хриплый', 'звук', 'долго', 'вибрировать', 'мертвый', 'воздух']"
0,0,0,0,0,0,0,0,0,0,0,0,0,0,0,0,0,0,0,0,0,0,"['указ', 'петр', 'год', 'клин', 'учредить', 'почтовый', 'яма', 'мужской', 'население', 'приказать', 'отправлять', 'гоньба', 'герб', 'город', 'утвердить', 'изобразить', 'почтарь', 'золотистый', 'рожок', 'знак-кавычки']"
0,0,0,1,0,0,0,0,0,0,0,0,0,0,1,0,0,0,0,0,0,0,"['день', 'рош', 'шана', 'синагога', 'шофар']"
0,0,0,0,0,0,0,0,0,0,0,0,0,0,0,0,0,0,0,0,0,0,"['господь', 'повелеть', 'сделать', 'моисей', 'труба', 'служить', 'созывание', 'общество', 'тревога']"
0,0,1,0,0,0,0,0,0,0,0,0,0,0,0,0,0,0,0,0,0,0,"['большой', 'число', 'обязательный', 'молитва', 'принятый', 'бараний', 'рог', 'выбрасывать', 'старый', 'ненужный', 'вещь', 'который', 'остаться', 'прошлый', 'год', 'собираться', 'водоем', 'мед', 'другой', 'сладость']"
0,0,1,0,0,0,0,0,0,0,0,0,0,0,0,0,0,0,0,0,0,0,"['брат', 'амос', 'отрешенно', 'город', 'труба', 'народ', 'испугаться', 'знак-кавычки']"
1,1,1,0,1,1,1,1,1,1,1,1,0,0,0,1,1,1,0,1,1,0,"['легенда', 'гласить', 'должный', 'мимо', 'проходить', 'совсем', 'невинный', 'девушка', 'звук', 'труба', 'никто', 'слышать']"
0,0,0,1,0,0,1,0,1,1,0,0,0,0,1,0,1,0,0,0,1,0,"['оказаться', 'мешок', 'рог', 'звать', 'рыцарь', 'знак-кавычки']"
0,0,0,0,0,0,0,0,0,0,0,0,0,0,0,0,0,1,0,0,0,0,"['традиция', 'молитва', 'завершаться', 'обязательный', 'новогодний', 'ритуал', 'раввин', 'брать', 'рука', 'бараний', 'рог']"
0,0,0,0,0,0,0,0,0,0,0,0,0,1,0,0,0,0,0,0,0,0,"['собирать', 'собрание', 'день', 'новолуние', 'приносить', 'всесожжение', 'приношение', 'содружество']"
1,1,0,0,1,1,0,1,0,0,0,1,0,0,0,1,0,1,0,1,0,0,"['труба', 'сын', 'аарон', 'священник']"
0,0,0,0,0,0,0,0,0,0,0,0,0,0,0,0,0,0,0,0,0,0,"['обязать', 'еврейский', 'народ', 'день', 'отдыхать', 'работа', 'шофар', 'читать', 'праздничный', 'молитва']"
0,0,0,1,0,0,0,0,0,0,0,0,0,0,1,0,0,0,1,0,0,0,"['храм', 'витой', 'морской', 'раковина', 'улица', 'собираться', 'группа', 'возбужденный', 'туземец', 'обсуждать', 'поступок', 'раджа']"
0,0,0,0,0,0,0,0,0,0,0,0,0,0,0,0,0,0,0,0,0,0,"['крутой', 'поворот', 'самодвижущийся', 'экипаж', 'должный', 'двигаться', 'тихо', 'закрытый', 'местность', 'знак-кавычки']"
0,0,0,0,0,0,0,0,0,0,0,0,0,0,0,0,0,0,0,0,0,0,"['кютаро', 'поспешить', 'передать', 'слово', 'другой', 'военачальник', 'распорядиться', 'раковина', 'провозглашать', 'сбор']"
0,0,0,0,0,0,0,0,0,0,0,0,0,0,0,0,0,0,0,0,0,0,"['богиня', 'победа']"
0,0,0,1,0,0,0,0,0,0,0,0,0,0,0,0,0,0,0,0,0,0,"['ангел', 'горн', 'призывать', 'человек', 'отказаться', 'старый', 'жизнь', 'перейти', 'новый']"
0,0,1,0,0,0,0,0,0,0,0,0,0,1,0,0,0,0,0,0,0,0,"['самый', 'башня', 'потомок', 'песнь', 'трубач', 'знак-кавычки']"
0,0,0,0,0,0,0,0,0,0,0,0,0,0,0,0,0,0,0,0,0,0,"['вормсский', 'башня', 'охотничий', 'рог']"
0,0,0,0,0,0,0,0,0,0,0,0,0,0,0,0,0,0,0,0,0,0,"['мужчина', 'белый', 'борода', 'рог']"
0,0,0,0,0,0,0,0,0,0,0,0,0,0,0,0,0,0,0,0,0,0,"['труба', 'греметь', 'фанфара']"
0,1,0,1,0,0,0,0,0,0,0,0,0,0,1,0,0,0,0,0,0,0,"['один', 'плохой', 'труба', 'расстаться']"
0,0,0,1,0,0,1,0,1,1,1,0,0,0,1,0,1,0,0,0,1,0,"['вдруг', 'лагерь', 'приходить', 'незнакомый', 'мужчина', 'большой', 'очки', 'белый', 'пиджак']"
0,0,1,1,0,0,0,0,0,1,0,1,0,1,1,1,0,1,0,1,0,0,"['рассвет', 'приказать', 'труба', 'призывать', 'имя', 'божий', 'броситься', 'войско', 'крепость']"
1,0,0,1,1,1,1,1,1,1,1,1,0,0,1,1,1,1,0,1,1,0,"['несмотря', 'неудобство', 'богадур', 'начало', 'сражение', 'приказать', 'труба']"
0,0,0,0,0,0,0,0,0,0,0,0,0,0,0,0,0,0,0,0,0,0,"['заметить', 'богадур', 'отступать', 'приказать', 'труба', 'броситься', 'помощь']"
0,0,0,0,0,0,0,0,0,0,0,0,0,0,0,0,0,0,0,0,0,0,"['рог', 'изумрудный', 'богатырь', 'звук', 'оглушить', 'камень', 'пасть', 'подсекаться', 'крыло', 'кожа', 'жить', 'погрузиться', 'сон', 'смертный', 'гора', 'лежать']"
0,0,0,1,0,0,0,0,0,0,0,0,0,1,1,0,0,0,0,0,0,0,"['слон', 'гудок', 'паровоз', 'который', 'вести', 'сумасшедший', 'машинист']"
1,1,0,1,1,1,1,1,1,1,1,1,0,0,1,1,1,1,0,1,1,0,"['звук', 'разливаться', 'всюду', 'охватывать', 'сторона', 'укрыться', 'дождь', 'ливень', 'литься', 'бить', 'хлестать', 'труба', 'ухо', 'дохнуть', 'минута', 'опомниться', 'усомниться', 'покорить', 'забываться', 'одушевляться', 'петь']"
0,0,0,0,0,0,0,0,0,0,0,0,0,0,0,0,0,0,0,0,0,0,"['нестись', 'мальчишка', 'велосипед', 'ехать', 'автомобиль', 'битком', 'набитый', 'разукрасить', 'спортсмен', 'труба', 'возвещать', 'приближение', 'велогонка', 'дверь', 'ресторан', 'тесниться', 'непохожий', 'фартук', 'повар', 'наконец', 'поворот', 'показаться', 'первый', 'гонщик', 'красный', 'фуфайка']"
0,0,0,0,0,0,0,0,0,0,0,0,0,0,0,0,0,0,0,0,0,0,"['цейлон', 'слышать', 'слон', 'райский', 'пение']"
0,0,0,1,0,0,1,0,1,1,1,0,0,0,1,0,1,0,0,0,1,0,"['хан', 'требоваться', 'питье', 'знак', 'виночерпий', 'ангел', 'зев', 'лев', 'исторгать', 'белый', 'кумыс', 'пасть', 'змей', 'литься', 'рисовый', 'пиво', 'вино', 'мед', 'сосуд', 'который', 'разносить', 'присутствующий']"
0,1,0,0,0,0,0,0,0,0,0,0,0,0,0,0,0,0,0,0,0,0,"['звук', 'княжич', 'рог']"
0,0,0,0,0,0,0,0,0,0,0,0,0,0,0,0,0,0,0,0,0,0,"['зелень', 'вспыхивать', 'золото', 'крест', 'пятиглавый', 'часовня', 'новый', 'купальня', 'парить', 'ангел']"
0,0,0,1,0,0,1,0,1,0,0,0,0,0,1,0,0,0,0,0,1,0,"['никола', 'золотой', 'труба']"
1,0,0,1,1,1,1,1,1,1,1,1,0,0,0,1,1,1,0,1,1,0,"['рог', 'утренний', 'заря', 'собираться', 'работа']"
0,1,0,0,0,0,0,0,0,0,0,1,0,1,0,1,0,1,0,1,0,0,"['знаменитый', 'самсон', 'появиться', 'центр', 'ковш', 'смерть', 'император', 'год', 'разрыв', 'мраморный', 'балюстрада', 'установить', 'группа', 'раковина', 'тритон', 'работа', 'растрелли', 'установка', 'завершить', 'основной', 'украшение', 'большой', 'каскад', 'знак-кавычки']"
1,1,1,1,1,1,0,1,1,0,0,1,0,0,1,1,0,1,0,1,0,0,"['один', 'шофар', 'присутствующий', 'желать', 'друг', 'будущий', 'год', 'отстроить', 'иерусалим', 'знак-кавычки', 'знак-кавычки']"
1,1,0,1,1,1,1,1,1,1,1,1,0,0,0,1,1,1,1,1,1,0,"['звук', 'шофар', 'прочее', 'должный', 'напомнить', 'древний', 'время', 'наступление', 'юбилейный', 'год', 'месяц', 'седьмой', 'десятый', 'день', 'йом', 'кипур', 'прокатиться', 'земля', 'освятить', 'пятидесятый', 'год', 'знак-кавычки', 'знак-кавычки', 'знак-кавычки', 'знак-кавычки', 'знак-кавычки']"
1,1,0,1,1,1,1,1,1,1,1,1,1,0,1,1,1,1,0,1,1,0,"['внизу', 'изобразить', 'полуфигура', 'ангел', 'возвещать', 'всеобщий', 'воскресение', 'наступление', 'страшный', 'суд']"
1,1,0,0,1,1,0,1,0,0,0,1,1,0,0,1,0,1,0,1,0,0,"['проходить', 'медленный', 'чудище', 'завывать', 'звонкий', 'рог', 'апостол', 'петр', 'дырявый', 'рубище', 'нищий', 'бледный', 'убогий', 'словно']"
1,1,1,1,1,1,1,1,1,1,1,1,0,1,1,1,1,1,0,1,1,0,"['сбор', 'призыв', 'лес', 'начинать', 'съезжаться', 'охотник', 'который', 'находиться', 'маркграф', 'тюрингия', 'герман', 'любимый', 'рыцарь', 'певец']"
1,1,1,1,1,1,0,1,0,0,0,1,1,1,1,1,0,1,0,1,0,0,"['рог', 'адъютант', 'выступать']"
1,0,1,0,1,1,1,1,1,1,1,1,0,1,0,1,1,1,0,1,1,0,"['святой', 'вылезать', 'четвереньки', 'береговой', 'скала', 'рядом', 'рог', 'охотник', 'бесноваться', 'собака']"
1,0,1,1,1,1,1,1,1,1,1,1,0,1,1,1,1,1,1,1,1,0,"['первый', 'отрубить', 'рог', 'отполировать', 'праздник', 'призывать', 'команда', 'бражка', 'продать', 'бутылка', 'джин', 'грузчик', 'одесса']"
1,1,1,1,1,1,1,1,1,1,1,1,0,1,1,1,1,1,0,1,1,0,"['труба', 'победный', 'марш', 'мендельсон', 'глубина', 'душа', 'сомневаться', 'вкус', 'подобный', 'музыка']"
1,1,1,1,1,1,0,1,0,0,0,1,1,1,1,1,0,1,0,1,0,0,"['звук', 'мелодийный']"
1,1,1,1,1,1,1,1,1,1,1,1,1,1,0,1,1,1,0,1,1,0,"['ангел', 'возвещать', 'слава', 'правитель', 'саксония', 'сторона', 'свет']"
1,0,1,1,1,1,1,1,1,1,1,1,0,1,1,1,1,1,0,1,1,0,"['королевич', 'парчовый', 'одежда', 'слон', 'честь']"
1,0,1,1,1,1,1,1,1,1,1,1,0,1,1,1,1,1,0,1,1,0,"['фермер', 'нидерланды', 'период', 'рождество', 'каждый', 'день', 'заход', 'солнце', 'рожок', 'возвещать', 'приход', 'великий', 'праздник']"
0,1,1,0,0,0,0,0,0,0,0,0,1,1,1,0,0,0,0,0,0,0,"['приходить', 'плац', 'поздно', 'никто', 'ждать', 'замирать', 'неподвижный', 'смирно', 'трубач', 'салют', 'трудящийся', 'город', 'колонист', 'поднимать', 'рука', 'знак-кавычки']"
1,1,1,0,1,1,1,1,1,1,1,1,1,1,0,1,1,1,0,1,1,0,"['наткнуться', 'горячий', 'атака', 'воображать', 'последний', 'победный', 'удар', 'который', 'труба']"
1,1,1,1,1,1,1,1,1,1,1,1,0,1,1,1,1,1,0,1,1,0,"['ходить', 'плуг', 'великий', 'луг', 'жить', 'сказочный', 'дворец', 'трубач', 'высота', 'мавританский', 'башня', 'золотой', 'конек', 'напрасно', 'назвать', 'запорожец']"
1,1,0,0,1,1,1,1,1,1,1,1,1,0,0,1,1,1,0,1,1,0,"['лапоть', 'снова', 'совет', 'командир', 'паперть', 'собор', 'устраивать', 'спальня', 'отряд', 'гуд']"
1,1,1,1,1,1,1,1,1,1,1,1,1,1,1,1,1,1,0,1,1,0,"['подняться', 'стремя', 'синенький', 'сигнал', 'работа']"
1,1,1,1,1,1,1,1,1,1,1,1,0,1,1,1,1,1,0,1,1,0,"['самовар', 'начистить', 'лукерья', 'искусно', 'покрыться', 'яркий', 'кружочек', 'парить', 'стол', 'хотеть', 'сорваться', 'проскакать', 'лихо']"
1,0,1,0,1,1,1,1,1,1,1,1,0,0,0,1,1,1,0,1,1,0,"['шофар', 'экскурсовод', 'группа', 'алик', 'маймон']"
1,1,1,1,1,1,1,1,1,1,1,1,0,1,1,1,1,1,0,1,1,0,"['маленький', 'охотник', 'поблекнуть', 'зеленый', 'гобелен', 'украсить', 'кисть', 'рог', 'махать', 'крошечный', 'ручка', 'вернуться', 'назад']"
1,1,1,0,1,1,0,1,0,0,0,1,0,1,0,1,0,1,0,1,0,0,"['выучиться', 'котовский', 'сказать', 'нужный', 'лошадь', 'знак-кавычки']"
1,1,1,1,1,1,1,1,1,1,1,1,1,1,1,1,1,1,0,1,1,0,"['слышать', 'гартхен', 'рожок', 'герцог']"
1,1,1,1,1,1,1,1,1,1,1,1,1,1,1,1,1,1,0,1,1,0,"['возвращаться', 'лагерь', 'работенка', 'лось', 'вепрь', 'кабан', 'подсвинок']"
1,0,1,1,1,1,1,1,1,1,1,1,0,1,0,1,1,1,0,1,1,0,"['поехать', 'прочь', 'приказать', 'бар', 'отбой']"
1,1,1,1,1,1,1,1,1,1,1,1,1,1,1,1,1,1,0,1,1,0,"['князь', 'владимир', 'андреевич', 'найти', 'брат', 'великий', 'поле', 'литовский', 'ольгердович', 'приказать', 'сборный', 'труба']"
1,1,1,1,1,1,1,1,1,1,1,1,1,1,1,1,1,1,0,1,1,0,"['отъехать', 'новый', 'место', 'повелеть', 'сборная', 'труба', 'созывать', 'человек']"
1,1,0,0,1,1,1,1,1,1,1,1,1,0,0,1,1,1,0,1,1,0,"['раковина', 'играть', 'барабан', 'петь', 'танцевать', 'музыкальный', 'инструмент']"
1,0,1,1,1,1,1,1,1,1,1,1,0,1,1,1,1,1,0,1,1,0,"['трубач', 'труба', 'башня', 'реять', 'флаг', 'символ', 'пикник']"
1,1,0,1,1,1,1,1,1,1,1,1,1,0,1,1,1,1,0,1,1,0,"['уайя', 'горе', 'жить', 'земля', 'трубный', 'звук', 'гонец', 'который', 'должный', 'знак-кавычки']"
1,1,1,1,1,1,1,1,1,1,1,1,1,0,0,1,1,1,1,1,1,0,"['труба', 'благословение', 'божий', 'помочь', 'честный', 'человек', 'победить']"
0,1,0,1,0,0,1,0,1,1,1,0,0,0,1,0,1,0,0,0,1,0,['сигнал']
1,1,1,1,1,1,1,1,1,1,1,1,0,1,1,1,1,1,0,1,1,0,"['ничто', 'удивительный', 'знать', 'англия', 'гасконь', 'находиться', 'стена', 'каждый', 'желать', 'трубач', 'громко', 'соседний', 'подумать', 'достоинство', 'унизить']"
1,1,1,1,1,1,1,1,1,1,1,1,1,1,1,1,1,1,0,1,1,0,"['полдник', 'сказать', 'харкомба', 'поспешить', 'прочь', 'разбиться', 'кучка', 'оживленно', 'болтать']"
0,0,1,0,0,0,0,0,0,0,0,0,0,1,0,0,0,0,0,0,0,0,"['сигнал', 'испанец', 'достойный', 'лорд', 'заметить', 'сэр', 'саймон', 'берли', 'доезжачий', 'псарь', 'давать', 'знать', 'зверь', 'уйти', 'притаиться', 'логово']"
1,0,1,0,1,1,1,1,1,1,1,1,0,1,1,1,1,1,0,1,1,0,['сбор']
1,1,1,1,1,1,1,1,1,1,1,1,0,1,1,1,1,1,0,1,1,0,"['труба', 'день', 'судный', 'словно']"
1,1,1,1,1,1,1,1,1,1,1,1,0,0,1,1,1,1,0,1,1,0,"['новомесячий', 'труба', 'приноситься', 'особый', 'жертва', 'см', 'числ', 'звук', 'свящ', 'знак-кавычки']"
1,1,0,1,1,1,1,1,1,1,1,1,1,0,1,1,1,1,0,1,1,0,"['бывший', 'трубач', 'корпус', 'п.', 'майгур']"
1,1,0,0,1,1,1,1,1,1,1,1,0,1,1,1,1,1,0,1,1,0,"['пора', 'рог']"
0,0,0,1,0,0,1,0,1,1,0,0,0,0,1,0,1,0,0,0,1,0,"['вячеслав', 'изяслав', 'ростислав', 'начать', 'бубен', 'бить', 'труба', 'полка', 'сталь', 'готовиться']"
1,1,1,1,1,1,1,1,1,1,1,1,0,1,1,1,1,1,0,1,1,0,"['след', 'кабарга', 'повсюду', 'многочисленный', 'почва', 'покрыть', 'олений', 'лишай', 'тунгус', 'понапрасну', 'инструмент', 'самый', 'ночь']"
1,0,0,1,1,1,1,1,1,1,1,1,0,1,1,1,1,1,0,1,1,0,"['труба', 'инструмент', 'большой', 'входить', 'вкус']"
0,0,1,1,0,0,0,0,0,0,0,0,0,1,1,0,0,0,0,0,0,0,"['рог', 'пароход', 'наскочить', 'шлюпка']"
0,0,0,0,0,0,0,0,0,0,0,0,0,0,0,0,0,0,0,0,0,0,"['удовлетвориться', 'рог', 'испускать', 'резкий', 'пронзительный', 'крик', 'теряться', 'туман']"
0,0,0,0,0,0,0,0,0,0,0,0,0,0,0,0,0,0,0,0,0,0,"['стоянка', 'водитель', 'самоходный', 'суд', 'должный', 'каждый', 'мина', 'подавать', 'продолжительный', 'свисток', 'несамоходный', 'плот', 'звонить', 'колокол', 'ударять', 'металлический', 'доска', 'рожок']"
0,1,0,1,0,0,0,0,0,0,0,0,1,0,1,0,0,0,0,0,0,0,"['рог', 'принести', 'пленить', 'вождь', 'яс', 'последний', 'сила', 'рвануться', 'германский', 'император', 'ударить', 'голова', 'треснуть', 'свалиться', 'замертво']"
0,1,0,0,0,0,0,0,0,0,0,0,0,0,0,0,0,0,0,0,0,0,"['пятикнижие', 'объясняться', 'первый', 'день', 'месяц', 'тишрей', 'полагаться', 'рог']"
0,0,0,1,0,0,1,0,0,0,0,0,0,0,1,0,1,0,0,0,0,0,"['стучаться', 'ворота', 'снова', 'послышаться', 'сверху', 'собака', 'совсем', 'осатанеть']"
0,0,0,0,0,0,0,0,0,0,0,0,0,0,0,0,0,0,0,0,0,0,"['впереди', 'идти', 'великолепный', 'оркестр', 'иметь', 'огромный', 'успех', 'буржуа', 'местный', 'гризетка', 'трубач', 'красный', 'мундир', 'сидеть', 'белый', 'конь']"
0,0,0,0,0,0,0,0,0,0,0,0,0,0,0,0,0,0,0,0,0,0,"['лагерь', 'проснуться', 'вместе', 'горный', 'который', 'первый', 'день']"
0,0,0,1,0,0,0,0,0,0,0,0,0,0,1,0,0,0,0,0,0,0,"['раковина', 'раскрыться', 'показаться', 'ножка', 'моллюск', 'булавка', 'мидия', 'реагировать', 'значит', 'заснуть', 'знак-кавычки']"
0,0,0,0,0,0,0,0,0,0,0,0,0,0,0,0,0,0,0,0,0,0,"['молча', 'взять', 'олежек', 'рука', 'иголка', 'палец']"
0,1,0,0,0,0,0,0,0,0,0,0,1,0,0,0,0,0,0,0,0,0,"['рассказывать', 'улица', 'наброситься', 'неизвестный', 'молодой', 'человек', 'шприц']"
0,1,0,0,0,0,0,0,0,0,0,0,1,0,0,0,0,0,0,0,0,0,"['ночь', 'проснуться', 'странный', 'ощущение', 'острый', 'нижний', 'губа']"
0,1,0,1,0,0,1,0,1,1,1,0,0,0,1,0,1,0,1,0,1,0,"['иголка', 'забава', 'сделать', 'стежок', 'выскользнуть', 'рука', 'кровь']"
1,1,0,0,1,0,0,0,0,0,0,1,1,0,0,1,0,0,0,0,0,0,"['колдун', 'вздохнуть', 'глубоко', 'осторожно', 'фигурка', 'предплечье']"
1,1,0,0,1,0,1,1,1,1,1,0,0,1,1,0,1,0,0,0,1,0,"['аккуратно', 'больно', 'знак-кавычки']"
0,0,0,0,0,0,0,0,0,0,0,0,0,0,0,0,0,0,0,0,0,0,"['день', 'принцесса', 'исполниться', 'год', 'веретено', 'прялка', 'заснуть', 'вечный', 'сон']"
0,1,0,1,0,0,0,0,0,0,0,0,1,0,0,0,0,0,0,0,0,0,"['постепенно', 'входить', 'раж', 'стена', 'разрубить', 'рама', 'парадный', 'портрет', 'горбун', 'лигула']"
1,1,1,1,1,1,0,1,0,0,0,1,0,1,1,1,0,1,0,1,0,0,"['снотворное', 'самый', 'сильный', 'сказать', 'нога', 'сложно']"
0,0,0,0,0,0,0,0,0,0,0,0,0,0,0,0,0,0,0,0,0,0,"['вечер', 'нормальный', 'доза', 'шов', 'промывать', 'фурациллин', 'просушивать', 'мазать', 'йод']"
0,0,0,1,0,0,0,0,0,0,0,0,1,1,1,0,0,0,0,0,0,0,"['вчера', 'собака', 'спать', 'спокойно', 'сегодня', 'плакать', 'анальгин', 'димедрол']"
0,0,0,1,0,0,0,0,0,0,0,0,1,0,1,0,0,0,0,0,0,0,"['однажды', 'знакомая', 'маленький', 'девочка', 'ус', 'некоторый', 'время', 'один', 'вид', 'усатый', 'человек', 'вызывать', 'безутешный', 'рыдание']"
0,0,0,1,0,0,0,0,0,0,0,0,0,1,1,0,0,0,0,0,0,0,"['укол', 'который', 'убистезин', 'минута', 'потерять', 'сознание', 'поздно', 'прочесть', 'аннотация', 'препарат', 'один', 'первейший', 'побочный', 'эффект']"
0,0,1,1,0,1,0,0,0,0,0,0,0,1,1,0,0,0,0,0,0,0,"['кожа', 'тыльный', 'сторона', 'кисть']"
1,0,0,0,1,1,1,1,1,0,1,1,0,0,0,1,1,1,0,1,1,0,"['колючий', 'ребятки']"
0,0,0,0,0,0,0,0,0,0,0,0,0,0,0,0,0,0,0,0,0,0,"['ветеринар', 'сделать', 'новокаиновый', 'блокада', 'эпроксил', 'вчера', 'сегодня', 'температура', 'тело', 'кошечка', 'кормить', 'котенок', 'ничто', 'есть', 'инъекция', 'эпроксил', 'измениться', 'цвет', 'глаз', 'голубой', 'стать', 'зеленый']"
0,0,0,0,0,0,0,0,0,0,0,0,0,0,1,0,0,0,0,0,0,0,"['валерия', 'лично', 'поменять', 'антибиотик', 'негативно', 'сказаться', 'подсосный', 'котенок', 'странно', 'изначально', 'врач', 'подумать', 'новорожденный', 'котенок', 'назначить', 'данный', 'случай', 'другой', 'препарат', 'который', 'минимально', 'воздействовать', 'колоть', 'один', 'день', 'следующий', 'амоксициллин']"
0,0,0,0,0,0,0,0,0,0,0,0,0,0,0,0,0,0,0,0,0,0,"['солдат', 'вино', 'выпить', 'рука', 'ус', 'целовать', 'уважить', 'лисавета', 'петровна']"
0,0,0,0,0,0,0,0,0,0,0,0,0,0,0,0,0,0,0,0,0,0,"['видеть', 'указательный', 'палец', 'кровь', 'скрепить', 'договор']"
0,0,1,0,0,0,0,0,0,0,0,0,0,1,0,0,0,0,0,0,0,0,"['лева', 'прилечь', 'эрикс', 'травка', 'повозиться', 'делать', 'вид', 'бок', 'толгай', 'время', 'успеть', 'преодолеть', 'половина', 'расстояние', 'отделять', 'жертва', 'спросить', 'казаться', 'задушевно']"
0,0,0,0,0,0,0,0,0,0,0,0,0,0,1,0,0,0,0,0,0,0,['вертеться']
0,0,0,0,0,0,0,0,0,0,0,0,0,0,0,0,0,0,0,0,0,0,"['хотеть', 'извиниться', 'обнять', 'один', 'колючка', 'белочка']"
0,0,0,0,0,0,0,0,0,0,0,0,0,1,0,0,0,0,0,0,0,0,"['полезть', 'новый', 'флажок', 'палец', 'торчать', 'булавка']"
0,0,0,0,0,0,0,0,0,0,0,0,0,1,0,0,0,0,0,0,0,0,"['нож', 'рука']"
1,0,0,0,1,1,0,1,0,0,0,1,0,0,0,1,0,1,0,1,0,0,"['игнозить', 'медленно', 'опустить', 'копье', 'острие', 'груда', 'тряпка']"
0,0,0,0,0,0,0,0,0,0,0,0,0,0,0,0,0,0,0,0,0,0,"['другой', 'дело', 'психологически', 'начаться', 'эпидемия', 'человек', 'рука', 'день', 'заболеть', 'грипп', 'связывать', 'вакцинация']"
0,0,1,0,0,0,0,0,0,0,0,0,0,0,0,0,0,0,0,0,0,0,"['эпидемия', 'психологически', 'получиться', 'человек', 'вакцинировать', 'заразиться', 'сказать', 'нос', 'накапать', 'вакцина', 'заболеть']"
1,1,0,0,1,1,0,1,1,0,1,0,1,0,0,0,0,0,0,0,0,0,"['т.', 'перчатка', 'сестра', 'обычно', 'надевать', 'снимать', 'отделение']"
0,1,0,0,0,0,0,0,0,0,0,0,0,0,0,0,0,0,0,0,0,0,"['несколько', 'интернет', 'пользователь', 'заявить', 'мужчина', 'острый', 'предмет', 'который', 'девушка', 'станция', 'метро', 'балтийский', 'владимирский', 'знак-кавычки', 'знак-кавычки']"
0,0,0,0,0,0,1,0,1,1,1,1,0,1,0,0,1,0,0,0,1,0,"['мирный', 'акция', 'никто', 'булавка']"
0,0,0,0,0,0,0,0,0,0,0,0,0,0,0,0,0,0,0,0,0,0,"['тип', 'левый', 'нога', 'болеть', 'целый', 'час']"
0,1,0,1,0,0,0,0,0,0,0,0,1,0,1,0,0,0,0,0,0,0,"['пятница', 'близко', 'ночь', 'собака']"
1,0,0,0,1,1,0,1,0,0,0,1,0,0,0,1,0,1,0,1,0,0,"['колючка', 'больно', 'нос', 'глаз', 'ежевика', 'наполниться', 'слеза', 'подумать', 'жаловаться']"
1,1,1,1,1,1,1,1,1,1,1,1,1,1,1,1,1,1,0,1,1,0,"['позаботиться', 'случайно', 'кошка']"
1,0,1,1,1,1,1,1,1,1,1,1,0,1,1,1,1,1,0,1,1,0,"['оттянуть', 'кожица', 'холка', 'инсулиновый', 'шприц']"
1,0,1,1,1,1,1,1,1,1,1,1,0,1,1,1,1,1,0,1,1,0,"['левый', 'бок']"
1,1,1,1,1,1,1,1,1,1,1,1,0,1,1,1,1,1,0,1,1,0,"['странный', 'вызов', 'доктор', 'хозяйка', 'собака', 'совет', 'аптекарь', 'один', 'ампула', 'окситоцин', 'отлично', 'германский', 'овчарка', 'весить', 'кг', 'терьер', 'вес', 'кг']"
1,0,1,0,1,1,1,1,1,1,1,1,0,1,0,1,1,1,0,1,1,0,"['положить', 'палата', 'сибазон', 'ребенок', 'успокоиться', 'вена', 'поставить', 'катетер']"
1,1,1,1,1,1,1,1,1,1,1,1,0,1,1,1,1,1,0,1,1,0,"['прийти', 'рано', 'время', 'школа', 'грустный', 'горячий', 'ощупь', 'дочь', 'заболеть', 'температура', 'тройчатка', 'обтереть', 'уксусный', 'вода', 'маленький', 'ручка', 'ножка', 'глупый', 'привычно', 'удивляться', 'чудесный', 'образ', 'ничто', 'разрастись', 'большой', 'красивый', 'девица']"
1,1,1,1,1,1,1,1,1,1,1,1,0,1,0,1,1,1,0,1,1,0,"['врач', 'скорый', 'помощь', 'делать', 'искусственный', 'дыхание', 'непрямой', 'массаж', 'сердце', 'адреналин', 'атропин', 'конечный', 'итог', 'должный', 'констатировать', 'смерть', 'знак-кавычки']"
1,1,1,1,1,1,0,1,0,1,1,1,1,1,1,1,0,1,0,1,0,0,"['сегодня', 'возить', 'ветеринар', 'противовоспалительный', 'противоотечный', 'препарат', 'день', 'колоть', 'люголь', 'сказать', 'продолжать', 'обрабатывать', 'рвота', 'предположить', 'антибиотик']"
1,1,0,0,1,1,1,1,1,1,1,1,1,0,0,1,1,1,0,1,1,0,"['линза', 'поменять', 'менять', 'год', 'дипроспать', 'прошлый']"
1,1,1,1,1,1,1,1,1,1,1,1,1,1,1,1,1,1,0,1,1,0,"['подумать', 'нехватить', 'доза', 'веко', 'чесаться', 'глаз', 'лопаться', 'сосуд', 'линза', 'начинать', 'мешать', 'час', 'приходиться', 'снимать', 'повторно', 'дипроспать', 'прошлый', 'псориаз', 'беспокоить', 'ремиссия', 'наверно', 'наступить']"
1,0,1,1,0,1,1,1,1,1,1,1,0,1,1,1,1,1,0,1,1,0,"['первый', 'помощь', 'порезать', 'палец', 'промыть', 'ранка', 'раствор', 'антисептик', 'наложить', 'повязка', 'бактерицидный', 'пластырь']"
1,1,1,1,1,1,1,1,1,1,1,1,0,1,1,1,1,1,1,1,1,0,"['ребенок', 'должный', 'собственный', 'маникюрный', 'ножнички', 'занести', 'инфекция', 'случайно', 'подрезать', 'кожица', 'кроха']"
1,1,1,1,1,1,1,1,1,1,1,1,0,1,1,1,1,1,0,1,1,0,"['больничка', 'температура', 'снизиться', 'понед', 'укол', 'анальгин', 'супрастный', 'скорый', 'повезти', 'сначала', 'филевский', 'больница', 'принять', 'сокол', 'икб', 'доктор', 'который', 'сдуся', 'узнать', 'выругаться', 'участковый', 'лечить', 'хотеть', 'маруся', 'антибиотик', 'цифазолин', 'обсыпать', 'отменить', 'давать', 'супрастин', 'бифидум', 'сегодня', 'расписка', 'домой', 'уйти', 'лежать', 'отделение', 'правда', 'отдельный', 'вип', 'палата', 'человек', 'бесплатно', 'дуся', 'водить', 'лор', 'сказать', 'вырезать', 'аденоиды', 'плохо', 'дышать', 'знать', 'садик', 'забирать', 'день', 'неделя', 'ходить']"
1,1,1,1,1,1,1,1,1,1,1,1,1,1,1,1,1,1,0,1,1,0,"['недоставать', 'чернила', 'найтись', 'замена', 'август', 'перочинный', 'нож', 'палец', 'ноготь', 'порез', 'обычно', 'бывать', 'повреждение', 'место', 'обильно', 'выступить', 'кровь']"
1,0,1,1,1,1,1,1,1,1,1,1,0,1,1,1,1,1,0,1,1,0,"['люпен', 'замаскироваться', 'доктор', 'снотворное', 'охранник', 'стать', 'плохо', 'отравить', 'помидор']"
1,1,1,1,1,1,1,1,1,1,1,1,1,1,1,1,1,1,0,1,1,0,"['серебряный', 'шип', 'одновременно', 'обжечь', 'хищник', 'визг', 'перевернуться', 'воздух', 'хлопнуться', 'спина']"
1,1,1,1,1,1,1,1,1,1,1,1,0,1,1,1,1,1,0,1,1,0,"['ребенок', 'разобрать', 'содержание', 'песня', 'который', 'говориться', 'девочка', 'бежать', 'дорожка', 'вдруг', 'ножка']"
1,0,1,1,1,1,1,1,1,1,1,1,0,1,1,1,1,1,0,1,1,0,"['отшагнуть', 'правый', 'нога', 'достаточно', 'далеко', 'вытянуть', 'назад', 'левый', 'рука', 'эльдар', 'короче', 'несильный', 'быстро', 'соперник', 'бедро', 'защищать', 'который', 'латный', 'перчатка', 'скажем', 'удобно', 'суть', 'знак-кавычки']"
1,1,1,1,1,1,1,1,1,1,1,1,0,1,1,1,1,1,0,1,1,0,"['евгения', 'позавчера', 'выдержать', 'дипроспать', 'мл']"
1,1,1,1,1,1,1,1,1,1,1,1,1,1,1,1,1,1,0,1,1,0,"['один', 'пальчик', 'розочка', 'заплакать']"
1,0,1,1,1,1,1,1,0,1,1,1,0,1,1,1,1,1,0,1,1,0,"['например', 'собака', 'лапа']"
0,0,1,1,0,1,1,1,1,1,1,1,0,1,1,1,1,1,0,1,1,0,"['давно', 'случай', 'доктор', 'зайти', 'процедурный', 'кабинет', 'спросить', 'кордиамин', 'мезатон', 'женщина', 'давление', 'понуля', 'дыхание', 'знак-кавычки']"
1,0,1,1,1,1,1,1,1,1,1,1,0,1,1,1,1,1,0,1,1,0,"['кирилл', 'больно', 'зубочистка', 'кровь']"
1,0,1,0,1,1,1,1,1,1,1,1,0,1,0,1,1,1,0,1,1,0,"['минута', 'разговор', 'стихнуть', 'верден', 'спрятать', 'палочка', 'подушка', 'забраться', 'одеяло', 'желать', 'скоро', 'заснуть', 'почувствовать', 'бок']"
1,0,1,0,1,1,1,1,1,1,1,1,0,1,1,1,1,1,0,1,1,0,"['черный', 'роза', 'рука', 'палец', 'капля', 'кровь', 'впечататься', 'плита', 'пол']"
1,1,1,1,1,1,1,1,1,1,1,1,0,1,1,1,1,1,0,1,1,0,"['марта', 'лечить', 'врач']"
1,1,1,1,1,1,1,1,1,1,1,1,0,1,1,1,1,1,0,1,1,0,"['момент', 'зашивание', 'костюмер', 'значит', 'партия', 'пойти']"
1,0,1,1,1,1,1,1,1,1,1,1,0,1,1,1,1,1,0,1,1,0,"['апрель', 'год', 'скоро', 'сделать', 'инъекция', 'транспорт', 'булавка']"
1,1,1,1,1,1,1,1,1,1,1,1,1,1,1,1,1,1,0,1,1,0,"['померить', 'температура', 'витамин', 'продать', 'корм', 'лечение']"
0,1,1,1,0,0,0,0,0,0,0,0,0,1,1,0,0,0,0,0,0,0,"['бернардито', 'развернуть', 'печальный', 'знамя', 'рука', 'кинжал', 'кровь', 'написать', 'чистый', 'пергамент', 'слово', 'клятва']"
1,1,1,0,1,1,1,1,1,1,1,1,0,1,0,1,1,1,0,1,1,0,"['рука', 'стерилизовать', 'игла', 'замести', 'насколько', 'лишенный', 'чувствительность', 'испытывать', 'боль']"
0,0,1,1,0,0,0,0,0,0,0,0,0,1,1,0,0,0,0,0,0,0,"['почувствовать', 'настоящий', 'боль', 'другой', 'рука']"
0,0,1,1,0,0,0,0,0,0,0,0,0,1,1,0,0,0,0,0,0,0,"['вышивать', 'трудиться', 'ладошка', 'восьмой', 'март', 'вышить']"
0,1,0,0,0,0,0,0,0,0,0,0,0,0,0,0,0,0,0,0,0,0,"['запустить', 'рука', 'глубь', 'куст', 'обломить', 'стебель', 'сильно', 'исцарапать', 'цветок', 'сломать']"
0,1,1,0,0,1,0,1,0,0,0,0,0,0,0,0,0,0,0,0,0,0,"['девушка', 'больно', 'палец', 'моментально', 'сунуть', 'рот']"
0,0,0,0,0,0,0,0,0,0,0,0,0,0,0,0,0,0,0,0,0,0,"['потерпеть', 'поместить', 'палата', 'смирный', 'постоялец', 'куб', 'аминазин', 'успокоение']"
0,0,0,0,0,0,0,0,0,0,0,0,0,0,0,0,0,0,0,0,0,0,"['девочка', 'потрогать', 'иголка', 'пальчик', 'вспомнить', 'быстро', 'идти']"
0,1,1,0,0,0,0,0,0,0,0,0,1,0,0,0,0,0,0,0,0,0,"['мама', 'высыпание', 'год', 'пройти', 'лопатка', 'укол', 'стафилококковый', 'анатоксин']"
0,0,0,0,0,0,0,0,0,0,0,0,0,0,0,0,0,0,0,0,0,0,"['направляться', 'вслед', 'кукловод', 'вдруг', 'бок']"
0,1,0,0,0,0,0,0,0,0,0,0,0,0,0,0,0,0,0,0,0,0,"['лезвие', 'повернуться', 'слегка']"
0,0,0,1,0,0,0,0,0,0,0,0,0,0,0,0,0,0,0,0,0,0,"['поздно', 'окситоцин', 'гарантия', 'молочко', 'прибавиться']"
0,0,1,0,0,0,0,0,0,0,0,0,0,1,0,0,0,0,0,0,0,0,"['папаверин', 'второй', 'укол', 'делать', 'отказывать', 'час', 'провести', 'раскрытие', 'смотреть', 'ничто', 'предпринять', 'размягчить', 'шейка']"
0,0,0,1,0,0,0,0,0,0,0,0,0,1,1,0,0,0,1,0,0,0,['ношпа']
0,0,0,0,0,0,0,0,0,0,0,0,0,0,0,0,0,0,0,0,0,0,"['девочка', 'достать', 'ланцет', 'аккуратно', 'палец']"
0,0,0,1,0,0,0,0,0,0,0,0,0,0,0,0,0,0,0,0,0,0,"['данный', 'случай', 'считать', 'стоять', 'поход', 'клиника', 'вчера', 'просмотреть', 'температура', 'слизистый', 'шум', 'сердце', 'легкое', 'ехать', 'один', 'цель', 'сделать', 'ренген', 'пара', 'тройка', 'препарат', 'снять', 'спазм', 'повториться', 'говорить', 'вирусный', 'происхождение', 'проба', 'отделить', 'травматический']"
0,0,1,1,0,0,0,0,0,0,0,0,1,0,0,0,0,0,0,0,0,0,"['монах', 'ущипнуть', 'пара', 'острие', 'метательный', 'звезда']"
0,1,0,0,0,0,0,0,0,0,0,0,0,0,0,0,0,0,0,0,0,0,"['позвать', 'угол', 'коридор', 'замдиректора', 'безопасность', 'сообщить', 'сын', 'саид', 'мать', 'наркотик', 'подбросить', 'кадетский', 'школа', 'получить', 'аккредитация']"
0,1,0,0,0,0,0,0,0,0,0,0,1,0,0,0,0,0,0,0,0,0,"['вообщий', 'диклофенак', 'легко', 'стать']"
0,1,0,0,0,0,0,0,0,0,0,0,0,0,0,0,0,0,0,0,0,0,"['невеста', 'свадьба', 'палец', 'муж', 'ссориться']"
0,1,0,0,0,0,0,0,0,0,0,0,0,0,0,0,0,0,0,0,0,0,"['время', 'слегка', 'повышенный', 'доза', 'еда', 'ед', 'ускорить', 'понижение']"
0,0,1,0,0,0,0,0,0,0,0,0,0,0,0,0,0,0,0,0,0,0,"['попытаться', 'приколоть', 'роза', 'платье', 'вольдемар', 'второпях', 'срезать', 'шип', 'один', 'который', 'графиня', 'палец']"
0,0,0,0,0,0,0,0,0,0,0,0,0,0,0,0,0,0,0,0,0,0,"['легонько', 'пальчик', 'острие']"
0,0,0,0,0,0,0,0,0,0,0,0,0,0,0,0,0,0,0,0,0,0,"['мужчина', 'женщина', 'первоначально', 'обвиняться', 'нападение', 'таксист', 'шприц', 'наполнить', 'героин', 'осудить', 'ограбление', 'сумма', 'доллар', 'третий', 'летний', 'уйгур', 'приговорить', 'год', 'тюрьма', 'булавка', 'низко', 'спина', 'торговка', 'фрукт']"
0,1,0,0,0,0,0,0,0,0,0,0,1,0,0,0,0,0,0,0,0,0,"['диагностика', 'алкогольный', 'энцефалопатия', 'мозги', 'пропить', 'товарищ', 'тактика', 'успокоительный', 'тащить', 'больница', 'минздрав', 'заповедать']"
1,1,0,0,1,1,1,1,1,1,1,1,1,0,1,1,1,1,0,1,1,0,"['метод', 'помочь', 'справиться', 'нагноение', 'рука', 'рыбный', 'кость']"
0,0,0,0,0,0,0,0,0,0,0,0,0,0,0,0,0,0,0,0,0,0,"['прикоснуться', 'полный', 'сила', 'дерево', 'палец', 'кора']"
0,0,0,0,0,0,0,0,0,0,0,0,0,0,0,0,0,0,0,0,0,0,"['феликс', 'зад', 'досталь', 'маленький', 'кусочек', 'картечь', 'перевязать', 'отправить', 'спать', 'домой', 'настоящий', 'мама', 'наденька']"
0,0,0,1,0,0,0,0,0,0,0,0,0,0,1,0,0,0,0,0,0,0,"['ладошка', 'тетя', 'подать', 'плакать', 'пальчик']"
0,0,0,0,0,0,0,0,0,0,0,0,0,0,0,0,0,0,0,0,0,0,"['маникюрша', 'помниться', 'кровь', 'палец']"
0,0,0,0,0,0,0,0,0,0,0,0,0,0,0,0,0,0,0,0,0,0,"['брызнуть', 'осколок', 'плитка', 'один', 'больно', 'джо', 'рука', 'останавливаться', 'поздно', 'прикрывать', 'глаз', 'ладонь', 'приняться', 'бить', 'молоток', 'стенка', 'тумба']"
0,0,0,1,0,0,0,0,0,0,0,0,0,0,0,0,0,0,0,0,0,0,"['сегодня', 'утро', 'ровно', 'наклеить', 'пластырь', 'последний', 'укол', 'трамал', 'жаловаться', 'сильный', 'боль', 'район', 'левый', 'ключица', 'кетонать']"
0,1,0,0,0,0,0,0,0,0,0,0,0,0,0,0,0,0,0,0,0,0,"['взять', 'рука', 'роза', 'понюхать', 'поморщиться', 'палец', 'положить', 'обратно', 'повернуть', 'голова', 'окно']"
1,1,0,0,1,1,1,1,1,1,1,1,0,0,0,1,1,1,0,1,1,0,"['принцесса', 'исполниться', 'год', 'веретено', 'палец', 'заснуть', 'многий', 'век']"
1,1,1,1,1,1,1,1,1,1,1,0,0,0,0,0,1,0,0,0,1,0,"['парень', 'начисто', 'отрицать', 'подмешать', 'еда']"
0,1,0,0,0,0,0,0,0,0,0,0,0,0,0,0,1,0,0,0,0,0,"['изолировать', 'даль', 'таблетка', 'родитель', 'сообщить']"
1,0,1,1,1,1,1,1,1,1,1,1,0,1,1,1,1,1,1,1,1,0,"['окситоцин', 'кубик']"
0,0,0,1,0,0,0,0,0,0,0,0,0,0,0,0,0,0,0,0,0,0,"['посмотреть', 'потрогать', 'ущипнуть', 'хорошо']"
0,1,0,1,0,0,0,0,0,0,0,0,1,1,1,0,1,0,0,0,1,0,"['согласие', 'родитель', 'несовершеннолетний', 'речь', 'медкабинет', 'сказать', 'знак-кавычки', 'знак-кавычки']"
1,1,0,1,1,1,1,1,1,1,1,1,0,1,1,1,1,1,0,1,1,0,"['давать', 'адреналин', 'предложить']"
1,1,1,1,1,1,1,1,1,1,1,1,1,1,1,1,1,1,0,1,1,0,"['обойтись', 'жертва', 'маленький', 'пустяк', 'муж', 'палец']"
1,0,1,1,1,1,1,1,1,1,1,1,0,1,1,1,1,1,0,1,1,0,"['ариетта', 'хотеть', 'вернуть', 'место', 'взяться', 'неловко', 'франсуа', 'шея']"
1,1,0,0,1,1,1,1,1,1,1,0,1,0,0,0,1,0,0,0,1,0,"['быстро', 'пустить', 'процедурный', 'живенький', 'палтус', 'пикнуть']"
1,1,1,1,1,1,1,1,1,1,1,1,0,1,1,1,1,1,0,1,1,0,"['удаться', 'вдруг', 'ощутить', 'плечо', 'обжечь', 'ужалить', 'пчела', 'словно']"
1,0,1,1,1,1,1,1,1,1,1,1,1,1,1,1,1,1,0,1,1,0,"['парень', 'ручка', 'яд', 'подействовать', 'осип', 'понимать', 'отравить', 'стать', 'плохо', 'значительно', 'поздно', 'знак-кавычки']"
1,0,1,0,1,1,1,1,1,1,1,1,0,1,0,1,1,1,0,1,1,0,"['прийти', 'подействовать', 'пройти', 'час']"
1,1,1,1,1,1,1,1,1,1,1,1,0,1,1,1,1,1,0,1,1,0,"['отношение', 'звуковой', 'сигнал', 'гамадрил', 'напоминать', 'междометие', 'человеческий', 'язык', 'одинаково', 'вскрикивать', 'независимо', 'обжечь', 'палец', 'прищемить', 'знак-кавычки']"
1,0,1,1,1,1,1,1,1,1,1,1,0,0,1,1,1,1,0,1,1,0,"['проблема', 'работа', 'анестезистка', 'всплыть', 'чередоваться', 'стерильный', 'нестерильный', 'этап', 'вена', 'вводный', 'наркоз', 'интубация', 'дезинфекция', 'клинок', 'ведение', 'карта']"
1,1,1,1,1,1,1,1,1,1,1,1,1,1,1,1,1,1,0,1,1,0,"['укол', 'палец', 'булавка', 'вызывать', 'телесный', 'ощущение', 'боль', 'время', 'сопровождаться', 'познание']"
1,0,1,1,1,1,1,1,1,1,1,1,0,1,1,1,1,1,0,1,1,0,"['вчера', 'ампула', 'кофеин', 'нейролепсия', 'погуглить', 'понять']"
1,1,1,1,1,1,1,1,1,1,1,1,1,1,1,1,1,1,0,1,1,0,"['сделать', 'шаг', 'вдруг', 'пятка', 'пронзительно', 'резко', 'чувствовать', 'нога', 'мокро']"
1,1,0,0,1,1,1,1,1,1,1,1,0,1,0,1,1,1,0,1,1,0,"['помнить', 'друг', 'признанный', 'авторитет', 'область', 'красота', 'каждый', 'встреча', 'глядеть', 'особенно', 'лоб', 'рано', 'омрачиться', 'морщина', 'разводить', 'рука', 'спрашивать', 'ботокс']"
1,0,1,1,1,1,1,1,1,1,1,1,0,1,1,1,1,1,0,1,1,0,"['отвезти', 'некий', 'лида', 'местный', 'фельшера', 'кторой', 'оказаться', 'последствие', 'намного', 'умный', 'многие', 'светило', 'изучать', 'дать', 'карвалол', 'помнить', 'параметрический', 'данные', 'момент', 'мина', 'присттуп', 'ад', 'знак-кавычки']"
1,1,1,0,1,1,1,1,1,1,1,1,1,1,0,1,1,1,0,1,1,0,"['обезбаливать', 'уехать', 'боль', 'уйти', 'минута', 'езда', 'скорый', 'длиться', 'приезд', 'пойти', 'поликлиника', 'идти', 'начало', 'появляться', 'делать', 'ход', 'отпускать', 'прийти', 'экг', 'сказать', 'перегруз', 'правый', 'желудочек', 'тахикардия']"
0,1,1,1,0,0,0,0,0,0,0,0,1,1,0,0,0,0,0,0,0,0,"['игра', 'пальчик']"
0,0,0,0,0,0,1,0,0,1,1,0,0,0,1,0,0,0,0,0,0,0,"['шук', 'свернуться', 'привычка', 'клубочек', 'иголка', 'больно', 'дина']"
1,0,1,1,1,1,1,1,1,1,1,1,0,1,1,1,1,1,0,1,1,0,"['взрослый', 'человек', 'принимать', 'оскорбление', 'строгий', 'замечание', 'исцелиться', 'получить', 'награда', 'случай', 'невиновность', 'неразумно', 'маленький', 'ребенок', 'который', 'хотеть', 'слушать', 'врач', 'бояться', 'укол', 'игла', 'постоянно', 'страдать', 'жар', 'кашель']"
0,0,1,1,0,1,1,1,1,1,1,0,1,1,1,0,1,0,0,0,1,0,"['увидеть', 'сын', 'толик', 'хотеть', 'высказать', 'накипеть', 'душа', 'сякой', 'хулиган', 'сбегать', 'кино', 'попадать', 'москва', 'слово', 'успеть', 'сорваться', 'губа', 'очередной', 'порция', 'горошина', 'предназначенный', 'ленка', 'больно', 'тетя', 'клава', 'рука']"
0,1,1,0,0,0,0,0,1,0,0,0,1,1,0,0,1,0,0,0,0,0,"['температура', 'сегодня', 'подняться', 'скорый', 'вызвать', 'сказать', 'терапевт', 'вызывать']"
0,0,1,1,0,0,1,0,1,1,1,0,0,1,1,0,1,0,0,0,1,0,"['однажды', 'чистить', 'рыба', 'неосторожно', 'палец', 'рыбий', 'косточка']"
1,1,1,1,1,1,1,1,1,1,1,1,0,1,1,1,1,1,0,1,1,0,"['быстро', 'брать', 'шприц', 'успокоиться']"
0,0,1,1,0,0,0,0,0,0,0,0,0,1,1,0,0,0,0,0,0,0,"['однажды', 'мама', 'выдержать', 'взять', 'страшный', 'хирургический', 'иголка', 'слегка', 'ухо', 'ожидать', 'разреветься', 'передумать']"
0,1,0,0,0,0,0,0,0,0,0,0,0,0,0,0,0,0,0,0,0,0,"['невилл', 'кактус', 'наспех', 'наколдовать', 'иголка']"
0,0,0,0,0,0,0,0,0,0,0,0,0,0,0,0,0,0,0,0,0,0,"['старуха', 'наклонить', 'кроватка', 'трясти', 'голова', 'досада', 'старость', 'сказать', 'принцесса', 'рука', 'веретено', 'умереть', 'знак-кавычки']"
0,0,0,0,0,0,0,0,0,0,0,0,0,0,0,0,0,0,0,0,0,0,"['папаварин', 'кошка', 'успокоиться', 'спать']"
0,1,0,0,0,0,0,0,0,0,0,0,1,0,0,0,0,0,0,0,0,0,"['глюкоза', 'рибоксин', 'физраствор']"
0,0,0,0,0,0,0,0,0,0,0,0,0,0,0,0,0,0,0,0,0,0,"['подождать', 'викасол']"
0,0,0,0,0,0,0,0,0,0,0,0,0,0,0,0,0,0,0,0,0,0,"['физ', 'раствор']"
0,1,0,0,0,0,0,0,0,0,0,0,1,0,0,0,0,0,0,0,0,0,"['вечер', 'обычно', 'помыть', 'закапать', 'глазок', 'пирацет', 'гладить', 'ручка', 'дать', 'кашка', 'яблочко']"
0,0,0,0,0,0,0,0,0,0,0,0,0,0,0,0,0,0,0,0,0,0,"['год', 'сильно', 'палец', 'игла']"
0,0,0,0,0,0,0,0,0,0,0,0,0,0,0,0,0,0,0,0,0,0,"['кошка', 'первородка', 'третий', 'день', 'роды', 'вета', 'обнаружить', 'мастит', 'антибиотик', 'молоко', 'пропасть']"
0,0,0,0,0,0,0,0,0,0,0,0,1,0,0,0,0,0,0,0,0,0,"['сначала', 'понравиться', 'лист', 'острый', 'колючка', 'дворик', 'маленький', 'проходить', 'обязательно']"
0,0,0,0,0,0,0,0,0,0,0,0,0,0,0,0,0,0,0,0,0,0,"['течение', 'день', 'котенок', 'есть', 'глюкоза']"
0,1,0,0,0,0,0,0,0,0,0,0,0,0,0,0,0,0,0,0,0,0,"['детский', 'поликлиника', 'печерский', 'район', 'плата', 'работа', 'врач', 'медсестра', 'брать', 'детеныш', 'гривна', 'знак-кавычки']"
0,1,0,0,0,0,1,0,1,0,1,0,1,0,0,0,1,0,0,0,1,0,"['место', 'тело', 'ранка', 'час', 'появиться', 'капелька', 'кровь']"
0,0,0,0,0,0,0,0,0,0,0,0,0,0,0,0,0,0,0,0,0,0,"['тольяттинец', 'бесплатно', 'тысяча']"
0,0,1,0,0,0,0,0,0,0,0,0,0,0,0,0,0,0,0,0,0,0,"['сказать', 'вчера', 'притон', 'доза', 'бояться', 'дожить', 'утро']"
0,0,0,1,0,0,0,0,0,0,0,0,0,0,0,0,0,0,0,0,0,0,"['больно', 'место', 'укол', 'пойти', 'кровь', 'поп', 'образоваться', 'большой', 'гематома', 'орать', 'ребенок', 'дребезг', 'стекольный']"
0,0,0,1,0,0,0,0,0,0,0,0,0,0,0,0,0,0,0,0,0,0,"['видеть', 'главарь', 'приставить', 'кинжал', 'горло', 'мальчик', 'левый', 'рука', 'хладнокровно', 'ребенок', 'острие']"
0,0,0,0,0,0,0,0,0,0,0,0,0,0,0,0,0,0,0,0,0,0,"['кусаться', 'невидимый', 'тварь', 'впечатление', 'иголка', 'правда', 'всякий', 'последствие', 'как будто']"
0,0,1,1,0,0,0,0,0,0,0,0,0,1,1,0,0,0,0,0,0,0,"['перо', 'палец']"
0,1,0,0,0,0,0,0,0,0,0,0,0,0,0,0,0,0,0,0,0,0,"['герой', 'невидимый', 'фронт', 'разведчик', 'коллега', 'конкурировать', 'организация', 'зонтик', 'начинить', 'быстро', 'неотвратимый', 'действовать', 'яд']"
0,0,0,1,0,0,0,0,0,0,0,0,0,0,0,0,0,0,0,0,0,0,"['детство', 'год', 'родитель', 'заметить', 'десна', 'ранка', 'покраснение', 'вобщий', 'рыбный', 'косточка', 'поцарапать', 'большой', 'значение', 'придать', 'дать', 'знать', 'начало', 'краснеть', 'разрастаться', 'место', 'мягкий', 'стать', 'начать', 'стоматолог', 'водить', 'сказать', 'парадонтит', 'парадонтоз', 'помнить', 'укол', 'колоть', 'отрезать', 'совсем']"
0,1,0,0,0,0,0,0,0,0,0,0,1,0,0,0,0,0,0,0,0,0,"['начертить', 'земля', 'ровно', 'знак', 'кинжал', 'палец', 'капнуть', 'кровь', 'каждый']"
1,0,0,0,0,0,0,0,0,0,0,1,0,0,0,0,0,1,0,0,0,0,"['мадам', 'розенсон', 'отпустить', 'стефка', 'марыська', 'пощечина', 'булавка', 'обругать', 'ужалить', 'невозможно', 'спокойно', 'слушать']"
0,0,0,1,0,0,0,0,0,0,0,0,0,0,1,0,0,0,0,0,0,0,"['палец', 'появиться', 'нарыв']"
0,1,0,0,0,0,0,0,0,0,0,0,1,0,0,0,0,0,0,0,0,0,"['больно', 'плечо']"
0,0,1,1,0,0,0,0,0,0,0,0,0,0,0,0,0,0,0,0,0,0,"['реальность', 'выглядеть', 'хорошо', 'заметный', 'красный', 'мелкий', 'точка', 'иголка']"
1,1,0,0,1,1,1,1,1,1,1,1,1,0,0,1,1,1,0,1,1,0,"['друг', 'доза', 'наркотик', 'введение', 'произойти', 'задуть', 'знак-кавычки']"
1,1,0,0,1,1,0,1,0,0,0,1,0,0,0,1,0,1,0,1,0,0,"['стать', 'мыло', 'тереть', 'воротник', 'больно']"
0,0,1,1,0,0,0,0,0,1,1,0,0,1,1,0,0,0,0,0,0,0,"['этаминал', 'натрий']"
0,0,0,1,0,0,0,0,0,0,0,0,0,1,1,0,0,0,0,0,0,0,"['пассажир', 'перестать', 'обращать', 'внимание', 'украдкой', 'снять', 'шляпа', 'цветок', 'который', 'особенно', 'бросаться', 'глаз', 'положить', 'корзинка', 'прикрыть', 'носовой', 'платок', 'снова', 'задуматься', 'опустить', 'голова', 'шип', 'роза', 'остаться', 'грудь', 'случайно', 'подбородок']"
1,1,1,1,1,1,1,1,1,1,1,0,0,0,1,1,1,0,0,1,1,0,"['прийти', 'филипп', 'александрович', 'сказать', 'урчать', 'живот', 'отличный', 'признак', 'кишечник', 'заработать', 'правильно', 'доктор', 'разрешить', 'сходить', 'душ', 'помыться', 'катетер', 'рука', 'обезболивать', 'поменять', 'пластырь', 'царапинка', 'предложить', 'домой', 'отказаться', 'больница', 'клевый', 'медперсонал', 'нянечка', 'супер', 'профи', 'хирург', 'относиться', 'работа', 'нескрываемый', 'удовольствие', 'любовь', 'решить', 'остаться', 'рай', 'сутки', 'больничный', 'лечение', 'пмц', 'дорого', 'подать', 'завтрак', 'кровать', 'знак-кавычки', 'знак-кавычки']"
1,1,0,0,1,1,0,1,0,0,0,1,0,0,0,1,0,1,0,1,0,0,"['сын', 'температура', 'сбить', 'зуб', 'мучать', 'день', 'ухо', 'стоять', 'спать', 'смотреть', 'стать', 'убежать', 'другой', 'комната', 'муж', 'макс', 'сынин', 'плач', 'стена', 'полезть', 'хотеть', 'остановить', 'врач', 'градусник', 'жаропонижающий', 'помогать', 'один', 'мучиться', 'понять', 'видеть', 'заплаканный', 'глаз', 'слеза', 'дикий', 'крик', 'венок', 'набухнуть', 'голова', 'крик', 'маманька', 'острый', 'надобность', 'начинать', 'ребенок', 'колоть', 'бесить', 'хотеться', 'сказать', 'идти', 'уколоться', 'терпеж', 'простить', 'ругать']"
0,0,0,1,0,0,1,0,0,1,0,1,0,0,1,1,1,1,0,1,1,0,"['любознательный', 'виктория', 'взять', 'иголка', 'пальчик']"
1,1,1,1,1,1,1,1,1,1,1,1,0,1,1,1,1,1,0,1,1,0,"['вдруг', 'почувствовать', 'укусить', 'правый', 'лопатка']"
1,1,0,1,1,1,1,1,1,1,1,1,1,0,1,1,1,1,0,1,1,0,"['обратиться', 'суббота', 'утро', 'вета', 'клиника', 'шпу', 'сказать', 'поить', 'барий', 'ренген']"
0,1,1,1,0,0,0,0,0,0,0,0,1,1,1,0,0,0,0,0,0,0,"['вечер', 'поехать', 'книника', 'сделать', 'капельница', 'физ', 'раствор', 'глюкоза', 'папаверин', 'сердечный', 'сказать', 'напоить', 'барий', 'предваритель', 'укол', 'цирукать', 'мл']"
1,1,1,1,1,1,1,1,1,1,1,1,1,1,1,1,1,1,0,1,1,0,"['броситься', 'злодейка', 'знать', 'острый', 'клюв', 'глаз']"
0,1,0,0,0,0,0,0,0,1,0,0,1,0,0,0,0,0,0,0,0,0,['палец']
1,1,1,1,1,1,1,1,1,1,1,1,1,1,1,1,1,1,0,1,1,0,['палец']
1,1,1,0,1,1,1,1,1,1,1,1,0,1,1,1,1,1,0,1,1,0,"['мазать', 'небольшой', 'ранка', 'жизнь', 'слава', 'бог', 'один', 'придтись', 'воспользоваться', 'помощь', 'палец', 'собирать', 'облепиха']"
1,1,1,1,1,1,1,1,1,1,1,1,0,0,1,1,1,1,0,1,1,0,"['крайний', 'случай', 'баралгин']"
0,1,1,1,0,0,0,0,0,1,0,0,1,1,1,0,0,0,0,0,0,0,"['внезапно', 'чувствовать', 'бедро', 'неприятно']"
1,1,1,0,1,1,1,1,1,1,1,1,1,1,1,1,1,1,0,1,1,0,"['ежик', 'зашевелиться', 'зафыркать', 'таня', 'маленький', 'пальчик', 'острый', 'иголка']"
1,1,1,1,1,1,1,1,1,1,1,1,0,1,1,1,1,1,0,1,1,0,"['больница', 'идти', 'лежать', 'дома', 'неделя', 'настоять', 'повести', 'врач', 'выписать', 'алпрозол', 'посл', 'стать', 'ходить', 'слабость', 'большой', 'быстро', 'уставать']"
1,1,1,0,1,1,1,1,1,1,1,1,1,1,0,1,1,1,0,1,1,0,"['врач', 'заканчивать', 'предыдущий', 'пациент', 'десна', 'наркоз', 'начало', 'действовать']"
0,1,0,0,0,0,0,0,0,0,0,0,0,0,0,0,0,0,0,0,0,0,"['достать', 'черный', 'вороний', 'перо', 'дэмьен', 'резкий', 'движение', 'девушка', 'палец', 'перевернуть', 'пергамент', 'медленно', 'выдавить', 'капля', 'кровь']"
1,0,1,0,1,1,0,1,0,0,0,1,0,1,1,1,0,1,0,1,0,0,"['взять', 'гладкий', 'ручка', 'себастиан', 'поднести', 'лист', 'палец', 'девушка', 'стилет']"
1,1,1,1,1,1,0,1,0,1,0,1,0,1,1,1,0,1,0,1,0,0,"['сказка', 'спать', 'красавица', 'злой', 'фея', 'предсказать', 'новорожденный', 'принцесса', 'шестнадцатилетний', 'возраст', 'палец', 'веретено', 'умереть', 'отец', 'король', 'немедленно', 'велеть', 'сжечь', 'сломать', 'королевство', 'уберечь', 'дочка']"
1,1,1,1,1,1,1,1,1,1,1,1,1,1,1,1,1,1,0,1,1,1,"['поздно', 'мероприятие', 'подходить', 'конец', 'экскурсовод', 'присутствовать', 'никто', 'студент', 'поинтересоваться', 'спонсировать', 'строительство', 'расти', 'нога', 'знак-кавычки', 'знак-кавычки']"
1,0,0,1,1,1,1,1,1,1,1,1,0,1,1,1,1,1,0,1,1,1,"['стейнер', 'передернуться', 'игла']"
1,1,1,1,1,1,1,1,1,1,1,1,1,1,1,1,1,1,0,1,1,1,"['человек', 'самолюбие', 'ближний', 'готовый', 'бить', 'топор', 'собственный', 'иголка', 'вопить']"
1,1,1,1,1,1,1,1,1,1,1,1,1,1,1,1,1,1,0,1,1,1,"['тонкий', 'прежний', 'остром']"
0,0,0,0,0,0,0,0,0,0,0,1,0,0,0,1,0,1,0,1,0,1,"['должно', 'означать', 'совсем', 'понять', 'заноза', 'сердце']"
0,0,1,1,0,0,1,0,1,1,1,0,0,1,1,0,1,1,0,1,1,1,"['отстраненность', 'заниматься', 'дело', 'рэндел', 'один', 'сторона', 'хрен', 'слушать']"
1,1,1,1,1,1,1,1,1,1,1,1,1,1,1,1,1,1,0,1,1,1,"['чуточку', 'расстроить']"
1,1,1,1,1,1,1,1,1,1,1,1,1,1,1,1,1,1,0,1,1,1,"['годлос', 'голос', 'самолюбие', 'наполнить', 'ветр', 'воздушный', 'шар', 'который', 'вырываться', 'буря', 'знак-кавычки']"
1,1,1,1,1,1,1,1,1,1,1,1,0,1,1,1,1,1,0,1,1,1,"['аликс', 'мысль', 'сделать', 'допрос', 'знак-кавычки']"
1,1,1,1,1,1,1,1,1,1,1,1,0,1,1,1,1,1,0,1,1,1,"['почувствовать', 'женщина', 'хотеться', 'особенный', 'отношение', 'приятный', 'сознание', 'постоянный', 'обыденность', 'соседка', 'другой', 'этаж', 'знак-кавычки']"
1,1,1,1,1,1,1,1,1,1,1,1,0,1,1,1,1,1,0,1,1,1,"['говорить', 'стальной', 'леди', 'янтарный', 'край', 'министр', 'финансы', 'елена', 'матвеев', 'найти', 'ахиллесов', 'пята', 'депутат', 'слегка', 'рубль']"
0,1,1,1,0,0,0,0,0,0,0,0,1,1,1,0,0,0,0,0,0,1,"['видный', 'красивый', 'выбрать', 'ефимья', 'андреевна']"
1,1,1,1,1,1,1,1,1,1,1,1,0,1,1,1,1,1,0,1,1,1,"['приступать', 'обсуждение', 'проклятый', 'вопрос', 'должный', 'решить', 'хотеть', 'пребывать', 'комфортный', 'миф', 'раздражение', 'выискивать', 'слабый', 'место', 'автор', 'который', 'пессимистический', 'неправильный', 'вещь', 'самый', 'решать', 'собственный', 'психологический', 'проблема', 'понять', 'действительный', 'положение', 'дело', 'знак-кавычки', 'знак-кавычки']"
1,1,1,1,1,1,1,1,1,1,1,1,0,0,0,1,1,1,0,1,1,1,"['миг', 'острый', 'зависть', 'сестра', 'олимпиада']"
0,0,1,0,0,0,0,0,0,0,0,0,0,1,1,0,0,0,0,0,0,1,"['чувствительно', 'прошедший', 'время', 'глагол', 'суметь', 'знак-кавычки']"
1,1,1,1,1,1,1,1,1,1,1,1,0,1,1,1,1,1,0,1,1,1,"['один', 'прекрасный', 'день', 'флинкс', 'тающий', 'мысленный', 'крик', 'достаточно', 'сильный', 'вернуться']"
1,1,1,1,1,1,1,1,1,1,1,1,0,1,0,1,1,1,0,1,1,1,"['неприятный', 'предчувствие']"
1,1,1,1,1,1,1,1,1,1,1,1,1,1,1,1,1,1,0,1,1,1,"['мысль', 'уйти', 'поезд', 'грудь', 'остаться', 'непонятный', 'холод']"
1,0,1,1,1,1,1,1,1,1,1,1,0,1,1,1,1,1,0,1,1,1,"['почувствовать', 'настоящий', 'облегчение', 'дуглас', 'наконец', 'сказать', 'вместе', 'больно', 'знак-кавычки']"
0,0,0,0,0,0,0,0,0,0,0,0,0,1,0,0,0,0,0,0,0,1,"['слово', 'больно']"
1,1,1,1,1,1,1,1,1,1,1,1,1,1,1,1,1,1,0,1,1,1,"['легендарный', 'аргентинец', 'диего', 'марадон', 'очередной', 'конкурент', 'право', 'называться', 'лучший', 'игрок', 'история', 'футбол', 'пел', 'знак-кавычки']"
1,0,1,0,1,1,1,1,1,1,1,1,0,1,0,1,1,1,0,1,1,1,"['тишина', 'сердце']"
1,0,0,0,1,1,1,1,1,1,1,1,0,0,0,1,1,1,0,1,1,1,"['получить', 'виктор', 'нечаянный', 'искорка', 'который', 'неожиданность', 'больно', 'словно']"
1,1,0,1,1,1,1,1,1,1,1,1,1,1,1,1,1,1,0,1,1,1,"['лайт', 'игла', 'несправедливость']"
1,1,0,1,1,1,1,1,1,1,1,1,1,0,1,1,1,1,0,1,1,1,"['рюдзаки', 'смотреть', 'парочка', 'почувствовать', 'третий', 'лишний', 'снова', 'ревность']"
1,1,0,0,1,1,1,1,1,1,1,1,0,1,1,1,1,1,0,1,1,1,"['рев', 'галя', 'язычок', 'острый', 'случай', 'ухажер', 'мама', 'отпроситься', 'провожать', 'знак-кавычки']"
1,1,0,1,1,1,1,1,1,1,1,1,0,1,1,1,1,1,0,1,1,1,"['давешний', 'иголочка', 'легонько', 'сердце']"
1,0,1,1,1,1,1,1,1,1,1,1,0,1,1,1,1,1,0,1,1,1,"['признаться', 'слово', 'обронить', 'хазиновый', 'драндулет', 'пребольно', 'самолюбие']"
1,1,1,1,1,1,1,1,1,1,1,1,0,1,1,1,1,1,0,1,1,1,"['обидный', 'слово', 'выразить', 'тень', 'сомнение', 'дорога', 'идти', 'сын']"
1,1,1,1,1,1,1,1,1,1,1,1,1,1,0,1,1,1,0,1,1,1,"['позвонить', 'вечер', 'подумать', 'мысль', 'внезапно', 'ледяной', 'игла', 'самый', 'сердце', 'знать']"
1,1,0,1,1,1,1,1,1,1,1,1,0,0,1,1,1,1,0,1,1,1,"['шпилька', 'сторона', 'президент', 'премьер']"
1,1,1,1,1,1,1,1,1,1,1,1,1,1,1,1,1,1,0,1,1,1,"['главное', 'жених', 'случай', 'невеста', 'знак-кавычки']"
1,1,1,0,1,1,1,1,1,1,1,1,1,1,0,1,1,1,0,1,1,1,"['иоганн', 'больно', 'пренебрежительный', 'снисходительный', 'тон', 'генрих', 'легкость', 'который', 'недавний', 'друг', 'расставаться']"
0,1,1,1,0,0,0,0,0,1,1,0,0,1,1,0,0,0,0,0,0,1,"['пример', 'юлия', 'тимошенко', 'глаз']"
1,1,1,0,1,1,1,1,1,1,1,1,0,0,0,1,1,1,0,1,1,1,"['поражение', 'серьезно']"
1,1,0,0,1,1,1,1,1,1,1,1,1,0,0,1,1,1,0,1,1,1,[]
1,1,0,1,1,1,1,1,1,1,1,1,1,1,1,1,1,1,0,1,1,1,"['впечатление', 'получать', 'удовольствие', 'больно', 'друг', 'друг', 'человек', 'другой', 'проблема', 'дело', 'заниматься', 'перемывание', 'косточка', 'самоедство']"
1,1,0,1,1,1,1,1,1,1,1,1,1,1,1,1,1,1,0,1,1,1,"['человек', 'смотреть', 'поджать', 'губа', 'говорить', 'опустить', 'глаз', 'долу', 'взглянуть', 'лицо', 'игла']"
1,1,0,0,1,1,0,1,1,0,0,1,1,0,0,1,1,1,0,1,1,1,"['замечание', 'слегка', 'обида', 'гнев', 'остаться', 'сила', 'время']"
1,1,1,1,1,1,0,1,0,0,0,1,0,1,1,1,0,1,0,1,0,1,"['хорошо', 'мера', 'промурлыкать', 'оля', 'ледяной', 'банальность', 'фраза', 'самый', 'сердце']"
1,1,0,1,1,1,1,1,1,1,1,1,0,1,1,1,1,1,0,1,1,1,"['понять', 'проблема', 'натурщица']"
1,1,0,1,1,1,1,1,1,1,1,1,0,0,1,1,1,1,1,1,1,1,"['острый', 'тревога', 'вдруг', 'вано', 'приподнять', 'голова']"
1,1,1,1,1,1,1,1,1,1,1,1,0,1,1,1,1,1,0,1,1,1,"['сестра', 'поглядеть', 'кинжал', 'словно']"
1,0,1,1,1,1,1,1,1,1,1,1,0,1,1,1,1,1,0,1,1,1,"['секунда', 'запрятать', 'намек', 'тоненький', 'иголочка', 'мысль', 'смерть', 'собственный']"
1,1,0,1,1,1,1,1,1,1,1,1,1,1,1,1,1,1,0,1,1,1,"['вспышка', 'сверкнуть', 'сперва', 'рядышком', 'после', 'залетать', 'глаз', 'проникнуть', 'мозг', 'ворваться', 'сознание', 'больно', 'позорно', 'бежать', 'прочь']"
0,1,0,0,0,0,1,0,0,1,1,0,1,0,0,0,1,0,0,0,1,1,"['иосиф', 'цитата']"
1,1,1,1,1,1,1,1,1,1,1,1,1,1,1,1,1,1,1,1,1,1,"['одноклассник', 'серьезный', 'глубокомысленный', 'выдавить', 'андрей', 'упоминание', 'мужчина', 'который', 'кристина', 'роман', 'неприятно']"
1,1,1,1,1,1,1,1,1,1,1,1,0,1,1,1,1,1,1,1,1,1,"['кошка', 'готовый', 'забеременеть', 'поцелуй', 'лиля', 'маша']"
0,0,0,0,0,0,0,0,0,0,0,0,0,0,0,0,0,0,1,0,0,1,"['доверять', 'сказать', 'георгий']"
0,1,1,1,0,0,1,0,0,1,1,0,1,1,1,0,1,0,1,0,1,1,"['снова', 'чувство', 'вина', 'вдох', 'получиться', 'всхлипывать']"
0,0,1,1,0,0,1,0,1,1,1,1,1,1,1,1,1,1,1,1,1,1,['сознаваться']
0,1,1,1,0,0,0,0,1,1,1,0,1,1,1,0,0,0,1,0,1,1,"['старик', 'считать', 'женщина', 'посматривать', 'некоторый', 'интерес', 'нарочитый', 'безразличие', 'девица', 'задеть', 'александр', 'мужской', 'самолюбие']"
1,1,0,1,1,1,1,1,1,1,1,1,1,1,1,1,1,1,1,1,1,1,['обида']
0,1,1,1,0,0,0,0,0,0,0,0,1,1,1,0,0,0,1,0,0,1,"['удивиться', 'героиня', 'подобный', 'признание', 'болезненно', 'самолюбие']"
1,0,1,1,1,1,1,1,1,1,1,1,1,1,1,1,1,1,1,1,1,1,"['вырвать', 'мадам', 'стыд', 'снова']"
0,0,0,1,0,0,0,0,0,0,0,0,0,0,0,0,0,0,1,0,0,1,"['один', 'фраза', 'больно']"
1,1,0,1,1,1,1,1,1,1,1,1,1,0,1,1,1,1,1,1,1,1,"['уйти', 'ответ', 'взгляд', 'усмехнуться', 'водитель', 'хотеть', 'знать', 'профессия']"
1,1,1,0,1,1,0,1,0,0,0,1,1,1,0,1,0,1,0,1,0,1,"['больно', 'мысль', 'хватить', 'шаг', 'занять', 'место', 'феррис']"
1,0,0,1,1,1,1,1,1,1,1,1,1,1,1,1,1,1,1,1,1,1,"['смех', 'темный', 'эльф', 'неожиданно', 'неприятный', 'самолюбие', 'девушка']"
1,1,1,0,1,1,0,1,1,0,0,1,1,1,0,1,1,1,1,1,1,1,"['месяц', 'неделя', 'назад', 'рассмеяться', 'лицо', 'сильно']"
0,1,1,1,0,0,0,0,0,0,0,0,1,1,1,0,0,0,1,0,0,1,"['совесть', 'герцог', 'вспомнить', 'собственный', 'слово', 'произнести', 'площадь', 'помочь', 'знак-кавычки']"
1,1,1,1,1,1,1,1,1,1,1,1,1,1,1,1,1,1,1,1,1,1,"['высокий', 'слово', 'патриотизм', 'любовь', 'родина', 'далеко', 'крыться', 'достойный', 'мотив', 'трезвый', 'взгляд', 'вещь', 'вызывать', 'симпатия', 'читатель', 'начало', 'утверждать', 'природа', 'фанатский', 'движение', 'автор', 'показывать', 'находиться', 'плен', 'иллюзия', 'знак-кавычки']"
0,1,0,0,0,0,0,0,0,0,0,0,1,0,0,0,0,0,1,0,0,1,"['сомнение', 'укол', 'незначительный', 'повод', 'лирический', 'герой', 'принимать', 'судьбоносный', 'решение', 'знак-кавычки']"
0,0,0,0,0,0,0,0,0,0,0,0,0,0,0,0,0,0,1,0,0,1,"['ревность', 'сэмми', 'сердце', 'прожечь', 'желудок', 'железный', 'рука', 'сжать', 'внутренность']"
0,1,0,0,0,0,0,0,0,0,0,0,1,0,0,0,0,0,1,0,0,1,"['спокойный', 'жизнь', 'жалкий', 'тщеславие', 'вдруг', 'сердце', 'неуязвимый', 'любовь', 'завести', 'далеко']"
0,0,1,1,0,0,0,0,0,0,0,0,1,1,1,0,0,0,1,0,0,1,"['внезапно', 'мысль', 'словно']"
1,0,0,0,1,0,1,0,1,1,1,0,0,0,0,0,1,0,1,0,1,1,"['правда', 'колониализм', 'причинить', 'проша', 'причинять', 'громадный', 'вред', 'народ', 'азия', 'другой', 'район', 'мир', 'высказать', 'прямой', 'недвусмысленный', 'юва', 'самый', 'чувствительный', 'место']"
0,1,0,0,0,0,0,0,0,0,0,0,1,0,0,0,0,0,1,0,0,1,"['просто', 'сильванна', 'констатировать', 'факт', 'который', 'считать', 'очевидный', 'легкий', 'насмешка']"
1,1,0,0,1,1,0,1,0,0,0,1,1,0,0,1,0,1,1,1,0,1,"['время', 'наслушаться', 'язвительный', 'замечание']"
0,0,0,0,0,0,0,0,0,0,0,0,0,0,0,0,0,0,1,0,0,1,"['ранд', 'взгляд']"
0,1,0,0,0,0,0,0,0,0,0,0,1,0,0,0,0,0,1,0,0,1,"['рассвет', 'толкнуть', 'разбудить', 'ранд', 'угрюмый', 'солнце', 'нехотя', 'выглянуть', 'верхушка', 'дерево', 'запустение', 'юноша', 'веко', 'словно']"
0,0,0,0,0,0,0,0,0,0,0,0,1,0,0,0,0,0,1,0,0,1,"['сон', 'шибко', 'охочий', 'сдержаться', 'сергей']"
0,0,0,1,0,0,0,0,0,0,0,0,1,0,0,0,0,0,1,0,0,1,"['мораль', 'читать', 'знак-кавычки']"
0,0,0,0,0,0,0,0,0,0,0,0,0,0,0,0,0,0,1,0,0,1,"['лицо', 'саймон', 'расплыться', 'чистый', 'удовлетворение', 'перрин', 'вновь', 'стыд']"
0,0,0,0,0,0,0,0,0,0,0,0,1,0,0,0,0,0,1,0,0,1,"['письмо', 'уязвить', 'копье', 'изготовить', 'оружейник']"
0,1,0,0,0,0,0,0,0,0,0,0,1,0,0,0,0,0,0,0,0,1,"['слово', 'маленький', 'фрау', 'шмитт', 'больно', 'вонзить', 'тело', 'дюжина', 'булавка']"
0,1,0,0,0,0,0,0,0,0,0,0,1,0,1,0,0,0,0,0,0,1,"['реут', 'отвечать', 'сообщение', 'работа', 'рассказать', 'видеть', 'улица', 'высокий', 'блондин', 'неприятно', 'знать', 'ничто', 'поделать', 'прошлый']"
0,0,1,1,0,0,0,0,0,0,0,0,0,0,1,0,0,0,1,0,0,1,"['сидеть', 'клацать', 'клавиатура', 'спокойно', 'вдруг', 'подпрыгивать', 'стул', 'один', 'место', 'словно']"
0,0,0,0,0,0,0,0,0,0,0,0,0,0,0,0,0,0,1,0,0,1,"['близко', 'утро', 'яковлевич', 'стремительно', 'соскочить', 'топчан']"
0,0,0,0,0,0,0,0,0,0,0,0,0,0,0,0,0,0,1,0,0,1,['дарья']
0,0,0,0,0,0,0,0,0,0,0,0,1,0,0,0,0,0,1,0,0,1,"['хотеть', 'перемена', 'обжечь', 'знак-кавычки', 'знак-кавычки']"
1,1,0,0,1,1,0,1,0,0,0,1,1,0,0,1,0,1,1,1,0,1,"['миролюбивый', 'сказать', 'сдержаться']"
0,0,0,0,0,0,0,0,0,0,0,0,0,0,0,0,0,0,1,0,0,1,"['вступать', 'должность', 'наказание', 'посмотреть', 'наказать', 'думать', 'связанный', 'назначение', 'знак-кавычки', 'знак-кавычки']"
0,0,0,0,0,0,0,0,0,0,0,0,0,0,0,0,0,0,1,0,0,1,"['стартовать', 'сегодня', 'саммит', 'россия', 'ес', 'москва', 'брюссель', 'сложиться', 'традиция', 'друг', 'энергетический', 'тема']"
0,0,1,0,0,0,0,0,0,0,0,0,0,1,1,0,0,0,1,0,0,1,"['защита', 'сработать', 'замечание', 'эндрю', 'быстро', 'нескрываемый', 'горечь', 'парировать']"
0,1,0,0,0,0,0,0,0,0,0,0,1,0,0,0,0,0,1,0,0,1,"['слово', 'сказать', 'больно', 'совестливый', 'младший', 'каноник']"
0,1,1,0,0,0,1,0,1,1,1,0,1,0,0,0,1,0,1,0,1,1,"['больно', 'николай', 'засвидетельствовать', 'зек']"
0,0,0,0,0,0,0,0,0,0,0,0,1,0,0,0,0,0,0,0,0,1,"['татьяна', 'собираться', 'поссориться', 'привычка']"
0,1,0,1,0,0,1,0,0,0,0,0,1,0,0,0,1,0,1,0,0,1,"['разговор', 'сводиться', 'платить', 'жидков', 'повернуться', 'уманский']"
1,1,0,0,1,1,0,1,0,0,1,1,1,0,0,1,1,1,1,1,0,1,"['остальной', 'маг', 'видеть', 'застыть', 'место', 'вздрогнуть', 'вдруг', 'присесть', 'корточки', 'уставиться', 'словно']"
0,0,1,1,0,0,0,0,0,0,0,0,1,0,1,0,0,0,1,0,0,1,"['теплый', 'раскинуться', 'женщина', 'вздрагивать', 'прикосновение', 'длинный', 'должно', 'щекотать', 'борода', 'художник', 'задеть', 'целомудренный', 'веня']"
1,1,0,0,1,1,1,1,1,1,1,1,1,0,0,1,1,1,1,1,1,1,"['народ', 'соревноваться', 'больно', 'ельцин']"
0,0,0,0,0,0,1,0,1,1,1,0,1,0,0,0,1,0,1,0,1,1,"['неожиданно', 'леара', 'неприятный', 'мысль']"
1,1,0,0,1,0,1,1,1,1,1,0,1,0,0,0,1,0,1,0,1,1,"['пара', 'секунда', 'электрический', 'разряд', 'пробежать', 'рука', 'палец', 'плечо', 'тонкий', 'игла', 'сердце', 'словно']"
0,0,0,0,0,0,0,0,0,0,0,0,0,0,0,0,0,0,1,0,0,1,"['потрясающий', 'красота', 'длинный', 'благоухать', 'роза', 'коснуться', 'бархатный', 'лепесток', 'предплечье', 'снова', 'шип', 'спать', 'знак-кавычки']"
0,1,0,0,0,0,0,0,0,0,0,0,1,0,0,0,0,0,1,0,0,1,"['иметь', 'право', 'судить', 'история', 'больной', 'место']"
0,1,0,0,1,0,1,0,1,1,1,0,1,0,0,0,1,0,1,0,1,1,"['успеть', 'подумать', 'почувствовать', 'тысяча', 'иголочка', 'изнутри']"
0,0,1,1,0,0,0,0,0,0,0,0,1,0,0,0,0,0,1,0,0,1,"['шутка', 'самый', 'больной', 'место']"
1,1,1,0,1,1,1,1,1,1,1,1,1,1,0,1,1,1,1,1,1,1,"['знать', 'особенный', 'речь', 'говорить', 'общаться', 'идти', 'минный', 'поле', 'повернуться', 'беседа', 'твой', 'острый', 'язык', 'зацепить', 'следующий', 'секунда', 'знак-кавычки']"
0,0,0,0,0,0,0,0,0,0,0,0,1,0,0,0,0,0,1,0,0,1,"['запах', 'лагерь', 'невдалеке', 'перебивать', 'остальной', 'аромат', 'беспокойство', 'сходный', 'который', 'испытывать', 'первый', 'встреча', 'драконша', 'сердце']"
0,1,0,0,0,0,0,0,0,0,0,0,1,0,1,0,0,0,1,0,0,1,"['слушать', 'куми', 'чан', 'безучастный', 'голос', 'сильно', 'сделать', 'любой', 'крик']"
0,1,0,0,0,0,0,0,0,0,0,0,1,0,0,0,0,0,1,0,0,1,"['один', 'присутствовать', 'молодежный', 'мероприятие', 'астраханский', 'лдпр', 'момент', 'государство', 'озабоченный', 'здоровый', 'образ', 'жизнь', 'проведение', 'концерт', 'пристань', 'июнь', 'сцена', 'обнаружить', 'ящик', 'пиво']"
0,1,0,0,0,0,0,0,0,0,0,0,1,0,0,0,0,0,1,0,0,1,['фраза']
0,0,0,0,0,0,0,0,0,0,0,0,1,0,1,0,0,0,1,0,0,1,"['мальчишка', 'взять', 'заплакать', 'кричать', 'игла', 'успокоить', 'ребенок', 'словно']"
0,1,0,1,0,0,0,0,0,0,0,0,1,0,0,0,0,0,1,0,0,1,"['мысль', 'посвятить', 'дурацкий', 'картина', 'который', 'вводить', 'работа', 'автобус', 'москва', 'вероломный', 'глава']"
0,1,0,0,0,0,0,0,0,0,0,0,1,0,0,0,0,0,1,0,0,1,"['самоуверенность', 'один', 'дама']"
0,0,0,1,0,0,0,0,0,0,0,0,1,0,1,0,0,0,1,0,0,1,"['женщина', 'издали', 'пронзительный', 'крик', 'ужалить', 'рука']"
0,0,1,1,0,0,0,0,0,0,0,0,0,1,1,0,0,0,1,0,0,1,"['михаил', 'хазин', 'президент', 'компания', 'экспертный', 'консультирование', 'неокон', 'либеральный', 'экономист', 'знак-кавычки']"
0,0,1,1,0,0,1,0,0,1,1,0,1,0,0,0,1,0,1,0,1,1,"['штатский', 'подняться', 'пройтись', 'сброд', 'каждый', 'арестованный', 'внимательный', 'взгляд', 'черт', 'зачесаться', 'внутри', 'запугать', 'долго', 'смотреть']"
0,0,1,1,0,0,0,0,0,0,0,0,0,1,1,0,0,0,1,0,0,1,"['хотеть', 'подруга', 'кейт']"
0,0,0,0,0,0,0,0,0,0,0,0,0,0,0,0,0,0,1,0,0,1,"['известие', 'самый', 'отъезд', 'настенька', 'больно', 'неясный', 'предчувствие', 'утрата', 'стеснить', 'грудь']"
0,0,1,1,0,0,0,0,0,0,0,0,1,0,0,0,0,0,1,0,0,1,"['хорошо', 'мило', 'беседовать', 'близкий', 'друг', 'вечер']"
0,0,0,0,0,0,0,0,0,0,0,0,1,0,0,0,0,0,1,0,0,1,['юноша']
0,0,0,0,0,0,0,0,0,0,0,0,0,0,0,0,0,0,1,0,0,1,"['жена', 'ладить', 'ядовито', 'владелец', 'ценный', 'мрамор', 'боярин', 'вышонок']"
1,0,1,1,1,1,1,1,1,1,1,1,0,1,1,1,1,1,1,1,1,1,"['взгляд', 'белый', 'игла', 'зуб']"
0,1,0,1,0,0,1,0,1,0,0,0,1,0,0,0,1,0,1,0,1,1,"['янукович', 'наверное', 'довольный', 'публичный', 'проявление', 'лояльность', 'представитель', 'свобода', 'попиариться', 'борьба', 'московский', 'засилье', 'лавра', 'лишний', 'тимошенко', 'знак-кавычки', 'знак-кавычки', 'знак-кавычки']"
0,1,0,0,0,0,0,0,0,0,0,0,1,0,0,0,0,0,1,0,0,1,"['вдруг', 'сознание', 'неблагодарность']"
0,0,0,0,0,0,0,0,0,0,0,0,0,0,0,0,0,0,1,0,0,1,"['сначала', 'учить', 'петь', 'убить', 'слово', 'кормить', 'обед', 'следить', 'примерный', 'девочка', 'сила', 'справиться', 'внезапный', 'волна', 'злость', 'нахмуриться', 'съесть']"
0,0,0,1,0,0,0,0,0,0,0,0,0,0,1,0,0,0,1,0,0,1,"['чувствительно', 'вейня']"
0,0,0,1,0,0,1,0,0,0,0,0,1,0,1,0,1,0,1,0,1,1,"['белла', 'пробирать', 'дрожь', 'грудь', 'больно']"
0,1,0,0,0,0,0,0,0,0,0,0,1,0,0,0,0,0,1,0,0,1,"['мгновение', 'назад', 'самый', 'дорогой', 'человек', 'мир', 'больно', 'сказать', 'бравый', 'вояка', 'который', 'бояться', 'ничто', 'смерть']"
1,1,0,0,1,1,1,1,1,1,1,1,1,0,0,1,1,1,1,1,1,1,"['горький', 'вкус', 'нежный', 'язык', 'стошнить', 'наоборот', 'завести', 'безумие']"
1,1,1,0,1,1,1,1,1,1,1,1,1,1,1,1,1,1,1,1,1,1,"['английский', 'сторона', 'лишний', 'спецслужба', 'напомнить', 'изобретательный', 'операция', 'позволить', 'вывезти', 'агент', 'гордиевский', 'самый', 'москва', 'багажник', 'автомобиль', 'дипмиссия', 'финский', 'граница', 'запад']"
1,1,1,1,1,1,1,1,1,1,1,1,1,1,1,1,1,1,1,1,1,1,"['дастин', 'вздрогнуть', 'острый', 'игла']"
1,1,1,1,1,1,1,1,0,1,0,1,1,1,1,1,1,1,1,1,1,1,"['солнце', 'залить', 'затхлый', 'вонючий', 'мирок', 'тюрьма', 'перестать', 'стыдливо', 'проскакивать', 'старушка', 'опасаться', 'взглянуть', 'пристально', 'запомниться', 'упасти', 'привидеться', 'совесть', 'неурочный', 'час']"
1,1,1,1,1,1,1,1,1,1,1,1,0,0,1,1,1,1,1,1,1,1,"['ехать', 'знакомый', 'негаснущий', 'огнь', 'небоскреб', 'остановиться', 'бар', 'угол', 'улица', 'выпить', 'дорога', 'сумасшедший', 'мохито', 'уметь', 'делать', 'коктейль', 'подняться', 'крыша', 'дом', 'стиль', 'арт', 'деко', 'вдруг', 'черт', 'побрать', 'нравиться', 'знак-кавычки', 'словно']"
1,1,1,1,1,1,1,1,1,1,1,1,1,1,1,1,1,1,1,1,1,1,"['сердце', 'пронзить', 'игла', 'безжалостно']"
1,1,0,0,1,1,0,1,1,0,0,1,1,0,1,1,0,1,1,1,0,1,"['вульгарный', 'слово', 'больно', 'латыгин']"
1,1,1,1,1,1,0,1,0,0,0,1,1,1,1,1,0,1,1,1,0,1,"['первый', 'иголка', 'саша', 'потерять']"
1,1,1,1,1,1,1,1,1,1,1,1,0,1,1,1,1,1,1,1,1,1,"['леди', 'мэри', 'опустить', 'глаз', 'понимать', 'больно', 'гостья']"
1,0,1,1,1,1,1,1,1,1,1,1,0,1,1,1,1,1,1,1,1,1,"['блин', 'самый', 'куликовская', 'битва', 'словно']"
0,0,1,1,0,0,0,0,0,0,0,0,1,1,1,0,0,0,1,0,0,1,"['соня', 'встрепенуться']"
1,1,1,1,1,1,1,1,1,1,1,1,1,1,1,1,1,1,1,1,1,1,"['премьер', 'журналист', 'режиссер', 'рано', 'ставить', 'спектакль', 'подобный', 'перенос', 'театр', 'нужный']"
1,1,1,1,1,1,1,1,1,1,1,1,1,1,1,1,1,1,1,1,1,1,"['бичевать', 'страшный', 'ирония', 'который', 'бог', 'адам', 'уничтожить', 'первый', 'человек', 'божественный', 'гнев']"
1,1,1,1,1,1,1,1,1,1,1,1,1,1,1,1,1,1,1,1,1,1,"['игорь', 'забегин', 'сравнивать', 'сеть', 'предприятие', 'человеческий', 'организм', 'палец', 'почувствовать', 'тело']"
0,0,1,1,0,1,0,0,0,0,0,0,1,1,1,0,0,1,1,1,0,1,"['верзила', 'неприязненный', 'взгляд']"
0,0,1,1,0,1,0,0,0,0,0,0,0,1,1,0,0,0,1,0,0,1,"['легонечко', 'отшатнуться', 'неожиданность', 'добрый', 'благодушный', 'лицо', 'оружейник', 'пожилой', 'румяный', 'физиономия', 'дед', 'мороз', 'миг', 'стать', 'неузнаваемый', 'жесткий', 'замкнутый', 'злой', 'глаз', 'ледяной', 'холод']"
0,1,1,1,0,0,0,0,0,0,0,0,1,1,1,0,0,0,0,0,0,1,"['думать', 'понимать', 'слово', 'предлагать', 'воспринять', 'случиться', 'сон']"
1,1,1,1,1,1,1,1,1,1,1,1,1,1,0,1,1,1,1,1,1,1,"['вард', 'слушать', 'исполняться', 'благоговение', 'время', 'больно', 'душа', 'рассказать', 'никто']"
1,1,1,1,1,1,1,1,1,1,1,1,1,1,1,1,1,1,1,1,1,1,"['должный', 'признательный', 'который', 'выслать', 'заноза', 'душа', 'даром', 'вскопать', 'поле', 'показать', 'скрытый', 'неизвестный', 'сокровище']"
1,0,1,0,1,1,1,1,1,1,1,1,1,1,0,1,1,1,1,1,1,1,"['гертруда', 'метко', 'думать', 'получиться', 'лионгина', 'застонать', 'стиснуть', 'зуб']"
0,1,1,0,0,0,1,0,1,1,1,0,1,1,0,0,1,0,1,0,1,1,"['увидеть', 'перейти', 'следующий', 'маршрут', 'легкость', 'танцор', 'пойти', 'сердце', 'легкий', 'шип', 'ревность']"
0,1,1,1,0,1,0,1,0,0,0,1,1,1,1,1,0,1,1,1,0,1,['больно']
1,1,1,0,1,1,1,1,1,1,1,1,1,1,0,1,1,1,1,1,1,1,"['нравиться', 'подслушивать', 'жить', 'романтический', 'жизнь', 'жизель']"
1,1,1,0,1,1,1,1,1,1,1,1,1,1,0,1,1,1,1,1,1,1,"['странный', 'предчувствие', 'рамрод']"
1,1,1,1,1,1,1,1,1,1,1,1,1,1,1,1,1,0,1,1,1,1,"['наоборот', 'специально', 'решение', 'проблема', 'нужный', 'другой', 'человек', 'посильный', 'знак-кавычки']"
1,0,1,0,1,1,1,1,1,1,1,1,1,1,0,1,1,1,1,1,1,1,"['айден', 'ощущать', 'разбег', 'наткнуться', 'стеклянный', 'витрина', 'осколок', 'больно', 'самый', 'сердце', 'словно']"
1,1,1,1,1,1,1,1,1,1,1,1,1,1,1,1,1,1,1,1,1,1,"['снова', 'совесть']"
1,1,1,1,1,1,1,1,1,1,1,1,1,1,1,1,1,1,1,1,1,1,"['злиться', 'позволить', 'уехать', 'уик-энд', 'джек', 'харрис']"
1,1,0,0,1,1,0,1,0,0,0,1,1,0,0,1,0,1,1,1,0,1,"['тон', 'кристабель', 'послышаться', 'горечь', 'который', 'больно', 'сердце']"
1,0,1,1,0,1,1,1,0,1,1,1,0,1,1,1,1,1,1,1,1,1,"['требовать', 'рифма', 'строчка', 'лаконичный', 'безжалостный', 'горький', 'очевидность', 'слово', 'быстрый', 'давний', 'воспоминание']"
1,1,0,1,1,1,1,1,1,1,1,1,1,1,1,1,1,1,1,1,1,1,"['робот', 'нищий', 'посадить', 'экзотика', 'исторический', 'антураж', 'знать', 'условность', 'совесть', 'вздрогнуть', 'сиротливый', 'сжаться', 'сердце']"
1,1,1,0,1,1,1,1,1,0,1,1,1,1,0,1,1,1,1,1,1,1,"['девушка', 'расплакаться', 'зоя', 'петровна', 'почувствовать', 'тщательно', 'скрывать', 'удовлетворение', 'сноха']"
1,1,1,1,1,1,1,1,1,1,1,1,1,1,1,1,1,1,1,1,1,1,"['дерзость', 'демократичность', 'главное', 'асфальт', 'представлять', 'пласт', 'бардовский', 'течение', 'узбекистан', 'пробиться', 'росток']"
1,1,1,1,1,1,1,1,1,1,1,1,1,1,1,1,1,1,1,1,1,1,"['договориться', 'написать', 'результат', 'надпись', 'майка', 'оказаться', 'проявление', 'юношеский', 'максимализм', 'мужик', 'козлы', 'фак', 'зем', 'ола', 'думать', 'мальчик', 'понять', 'затеять', 'знак-кавычки', 'знак-кавычки']"
1,0,1,1,0,1,0,1,0,0,0,1,0,1,1,1,0,1,1,1,0,1,"['невидимый', 'игла', 'сознание', 'антон', 'вдруг', 'ощутить', 'большой', 'белый', 'птица', 'лететь', 'полоса', 'безвременье', 'словно']"
0,0,1,0,0,0,0,0,0,0,0,0,0,1,0,0,0,0,1,0,0,1,"['весточка', 'прошлый', 'жизнь', 'дошлый', 'самый', 'сердце', 'отозваться', 'щемящий', 'личный', 'боль']"
0,0,1,0,0,0,1,0,1,1,1,0,0,1,0,0,1,0,1,0,1,1,"['вопрос', 'сложный', 'хотеть', 'человек', 'проверить', 'решение', 'выслушать', 'чужой', 'мнение', 'послушать', 'семен', 'непростой', 'вспомнить', 'князь']"
0,1,1,1,0,1,1,1,1,1,1,1,1,1,1,1,1,1,1,1,1,1,"['мысль', 'больно', 'сердце']"
0,0,1,1,0,0,1,0,1,0,1,0,1,1,1,0,1,0,1,0,1,1,"['богатый', 'язвительный', 'выражение', 'стол', 'ничто', 'рубин', 'игра', 'знак-кавычки']"
1,1,0,0,1,1,1,1,1,1,1,1,1,0,1,1,1,1,1,1,1,1,"['локомотив', 'выступить', 'роль', 'красс', 'спартак', 'соперник', 'больно', 'знак-кавычки', 'знак-кавычки']"
0,0,0,0,0,0,0,0,0,0,0,0,0,0,0,0,0,0,1,0,0,1,"['другой', 'мысль']"
0,0,0,0,0,0,0,0,0,0,0,1,1,0,0,0,0,1,1,1,0,1,"['марк', 'оборвать', 'полуслово', 'мысль', 'пауза', 'затянуться']"
0,0,1,0,0,0,0,0,0,0,0,0,1,1,0,0,0,0,0,0,0,1,"['неясный', 'запрятать', 'глубина', 'подсознание', 'дэк', 'сердце', 'защемить', 'подтянуть', 'другой', 'второй', 'куплет', 'зоран', 'печальный', 'слеза', 'кровавый', 'пролить', 'знак-кавычки']"
0,0,0,1,0,0,1,0,1,1,1,0,1,0,1,0,1,0,1,0,1,1,"['бестактность', 'кейд', 'больно', 'злость', 'заставлять', 'думать', 'ясно']"
0,0,0,0,0,0,0,0,0,0,0,0,0,0,0,0,0,0,1,0,0,1,"['переехать', 'жить', 'германия', 'легкий', 'досада', 'сердечко', 'бизнес', 'граница', 'услышать', 'взвизгнуть', 'психолог', 'машина']"
0,0,1,0,0,0,0,0,0,0,0,0,1,0,0,0,0,0,0,0,0,1,"['пообещать', 'допустить', 'день', 'голосование', 'массовый', 'митинг', 'оправдаться', 'письмо', 'агитка', 'вновь', 'гей', 'знак-кавычки']"
0,0,1,1,0,0,0,0,0,0,0,0,1,1,0,0,0,0,1,0,0,1,"['инквизитор', 'почувствовать', 'чувство', 'вина', 'больно', 'сердце', 'который', 'испытывать', 'большой', 'страдание']"
1,1,0,0,1,1,0,1,0,0,0,1,1,0,0,1,0,1,0,1,0,1,"['шип', 'самый', 'роза', 'прапорщик', 'сердце']"
0,1,0,0,0,0,0,0,0,0,0,0,1,0,0,0,0,0,1,0,0,1,"['мысль', 'изранить', 'мозг']"
0,1,0,0,0,0,0,0,0,0,0,0,1,1,0,0,0,0,1,0,0,1,"['замечание', 'райтен', 'чолик']"
0,0,1,0,0,0,1,0,1,1,1,0,0,0,0,0,1,0,1,0,1,1,"['упоминание', 'имя', 'лицо', 'евгения', 'алексеевна', 'заметно', 'дернуться']"
0,0,0,0,0,0,0,0,0,0,0,0,1,1,1,0,0,0,1,0,0,1,"['двигаться', 'странный', 'невысказанный', 'намек', 'неприятно']"
1,1,1,0,1,1,0,1,0,0,0,1,0,1,0,1,0,1,1,1,0,1,"['мысль', 'больно', 'сердце']"
1,0,0,0,1,1,0,1,0,0,0,1,1,0,0,1,0,1,1,1,0,1,"['война', 'планета', 'земля', 'развитый', 'цивилизация', 'друг', 'миллион', 'год', 'ангел', 'воевать', 'антимир']"
0,0,0,0,0,0,0,0,0,0,0,0,1,0,0,0,0,0,1,0,0,1,"['медленно', 'перемещаться', 'безопасный', 'площадь', 'пустырь', 'скрытый', 'трава', 'колония', 'синька', 'неуклюжий', 'аппарат', 'представлять', 'забавный', 'смесь', 'пылесос', 'газонокосилка', 'собирать', 'лабораторный', 'материал']"
0,0,1,0,0,0,0,0,0,0,0,0,0,1,0,0,0,0,1,0,0,1,"['держать', 'петля', 'европа', 'есть', 'ьспециальный', 'орган', 'который', 'следить', 'подобный', 'род', 'организация', 'малейший', 'намек', 'преступление', 'иметься', 'средство']"
0,0,1,1,0,0,0,0,0,0,0,0,0,1,1,0,1,0,1,0,0,1,"['ратрак', 'специальный', 'трактор', 'укатывать', 'снег', 'склон', 'приходиться', 'каждый', 'вечер', 'подолгу', 'выравнивать', 'бугор', 'набить', 'день', 'лыжник', 'сноубордист']"
0,0,1,0,0,0,0,0,0,0,0,0,1,1,0,0,0,0,1,0,0,1,"['спина', 'дерево', 'брить', 'хвойный', 'ствол']"
0,0,1,0,0,0,0,0,0,0,0,0,0,0,0,0,0,0,1,0,0,1,"['сажать', 'думать', 'говорить', 'сосед', 'лето', 'показать', 'чистый', 'загнить', 'клубника', 'корточки', 'полусогнутый', 'положение', 'грядка', 'выдергивать', 'сорняк']"
0,0,0,0,0,0,0,0,0,1,1,0,0,0,1,0,0,0,1,0,0,1,"['шоссе', 'полк', 'атаковать', 'немецкий', 'истребитель', 'бомбардировщик', 'начать', 'колонна', 'буквально']"
1,0,1,1,1,1,1,1,1,1,1,1,1,1,1,1,1,1,1,1,1,1,"['городок', 'нагоя', 'токио', 'тихий', 'океан', 'прогуливаться', 'дождь', 'удивительный', 'зоопарк', 'тояма', 'лакомиться', 'знаменитый', 'суп', 'мисо', 'завод', 'производить']"
1,0,1,0,1,1,0,1,0,0,0,0,1,0,0,0,0,0,1,0,0,1,"['пустыня', 'друг', 'дивизия', 'бригада', 'резерв', 'британский', 'сторона', 'немецкий', 'условно', 'боеготовый', 'итальянский']"
1,0,0,0,0,0,1,0,1,1,1,1,1,0,0,1,1,1,1,1,1,1,"['следующий', 'участник', 'группа', 'идти', 'след', 'прокладывать', 'лыжня', 'дистанция', 'м', 'друг', 'переменный', 'ход', 'скользящий', 'шаг', 'знак-кавычки']"
0,0,1,0,0,0,0,0,0,0,0,0,1,0,0,0,0,0,1,0,0,1,"['местный', 'промысловик', 'волжский', 'дно', 'начисто', 'подрывать', 'кормовой', 'база', 'нерестилище']"
0,1,0,0,0,0,0,0,0,0,0,0,0,0,0,0,0,0,1,0,0,1,"['месяц', 'объявление', 'решение', 'мировой', 'сми', 'мозги', 'мир', 'процент-знак', 'человек', 'начать', 'искренне', 'считать', 'действительно', 'единственный', 'самый', 'благородный', 'возможный', 'выход', 'ситуация', 'сложиться', 'объективный', 'сильнейший', 'история', 'кризис', 'знак-кавычки']"
0,1,0,0,0,0,0,0,0,0,0,0,1,0,0,0,0,0,1,0,0,1,"['например', 'брать', 'немецкий', 'язык', 'командир', 'катюша', 'окоп', 'танк', 'самый', 'первый', 'бой', 'знак-кавычки', 'знак-кавычки', 'знак-кавычки']"
0,0,0,0,0,0,0,0,0,0,0,0,0,0,0,0,0,0,1,0,0,1,"['разъяренный', 'немецкий', 'танк', 'начать', 'траншея']"
1,0,0,1,1,1,1,1,0,1,0,1,1,0,1,1,1,1,1,1,1,1,"['танк', 'пехота', 'сказать', 'участник', 'курский', 'битва', 'ветеран', 'великий', 'отечественный', 'война', 'алексей', 'барабанов', 'знак-кавычки']"
0,0,0,0,0,0,1,0,0,1,0,0,0,0,0,0,1,0,1,0,1,1,"['снегопад', 'выглаживать', 'умащивать', 'выравнивать', 'карачки', 'ползать']"
0,0,0,0,0,0,0,0,0,0,0,0,1,0,0,0,0,0,1,0,0,1,"['ноябрь', 'самолет', 'высокогорный', 'шатойский', 'шаройский', 'район', 'лес', 'примыкать', 'село', 'бамут', 'окраина', 'равнинный', 'серноводск', 'ассиновская']"
0,0,1,1,0,0,0,0,0,0,0,0,1,0,1,0,0,0,1,0,0,1,"['время', 'вертолет', 'позиция']"
0,1,0,0,0,0,0,0,0,0,0,0,0,0,0,0,0,0,1,0,0,1,"['мысль', 'догма', 'спорить', 'сильный', 'бросить', 'сон']"
0,0,0,0,0,0,0,0,0,0,0,0,1,0,0,0,0,0,1,0,0,1,"['броненосец', 'крейсер', 'день', 'ночь', 'океанский', 'простор', 'обнаруживать', 'беспризорный', 'судно', 'корабль', 'призрак', 'посылать', 'подрывной', 'партия', 'жечь', 'расстреливать', 'орудие']"
0,0,1,0,0,0,0,0,0,0,0,0,0,0,0,0,0,0,1,0,0,1,"['вновь', 'форсирование', 'бой', 'тяжелый', 'артиллерия', 'ранний', 'утро', 'приказ', 'комкор', 'глазунов', 'укрепить', 'враг', 'левый', 'берег', 'корпус', 'время', 'начало', 'переправа']"
0,0,0,0,0,0,0,0,0,0,0,0,1,0,0,0,0,0,1,0,0,1,"['грузинский', 'установка', 'залповый', 'огнь', 'мирный', 'цхинвал', 'западный', 'средство', 'массовый', 'дезинформация', 'показывать', 'гореть', 'дом', 'промывать', 'мозг', 'русский', 'изверг', 'подвергать', 'обстрел', 'населенный', 'пункт']"
1,0,0,0,1,0,1,0,1,0,0,1,1,0,0,1,1,1,1,0,1,1,"['корабельный', 'артиллерия', 'сотня', 'тяжелый', 'бомбардировщик', 'неделя', 'остров', 'высаживаться', 'морпехи']"
0,1,0,1,0,0,0,0,0,0,0,0,1,0,0,0,0,0,1,0,0,1,"['хозяин', 'изначально', 'ставить', 'быстрый', 'переход', 'оборона', 'атака', 'стать', 'просто', 'самоходка', 'разреженный', 'спартаковский', 'тыл']"
0,0,0,1,0,0,0,0,0,0,0,0,1,0,1,0,0,0,1,0,0,1,"['стоить', 'подолгу', 'блесна', 'один', 'место', 'знак-кавычки']"
1,1,0,0,1,0,0,1,0,0,0,1,1,0,0,1,0,1,1,1,0,1,"['танк', 'противник', 'боевой', 'порядок', 'стрелковый', 'дивизия', 'солдат', 'отступать', 'драться', 'цех', 'тракторный', 'завод']"
0,0,0,0,0,0,1,0,0,1,0,0,1,1,1,0,1,0,1,0,1,1,"['пользоваться', 'гитлеровский', 'танк', 'ворваться', 'передний', 'край', 'сталь', 'траншея', 'пулеметный', 'гнездо']"
0,0,0,0,0,0,0,0,0,0,0,0,1,0,0,0,0,0,1,0,0,1,"['время', 'конфисковать', 'лососевый', 'икра', 'краб', 'осетровый', 'вид', 'рыба', 'морской', 'гребешок', 'еж', 'трепанг', 'продукт', 'переработка', 'пытаться', 'закапывать', 'бульдозер', 'измельчать', 'топить', 'море', 'знак-кавычки']"
0,0,0,0,0,0,0,0,0,0,0,0,0,1,0,0,0,0,0,0,0,1,"['время', 'металлический', 'монстр', 'равнина', 'город', 'гоняться', 'безумно', 'метаться', 'тадоскои', 'обратить', 'позорный', 'бегство', 'пуститься', 'погоня', 'передвигаться', 'плавный', 'легкость', 'доставить', 'герсен', 'смешанный', 'чувство', 'удовлетворение', 'сожаление']"
0,0,0,1,0,0,0,0,0,0,0,0,0,0,1,0,0,0,1,0,0,1,"['заночевать', 'перевал', 'знакомый', 'изба', 'верховье', 'речка', 'аякнуть', 'заодно', 'попробовать', 'добить', 'тысяча', 'километраж', 'поиск', 'след', 'тайга', 'плато']"
0,0,0,0,0,0,0,0,0,0,0,0,1,0,0,0,0,0,1,0,0,1,"['палестинец', 'утверждать', 'израильский', 'бульдозер', 'район', 'сельхозугодье', 'знак-кавычки']"
0,0,1,1,0,0,0,0,0,0,0,0,1,1,1,0,0,0,1,0,0,1,"['самый', 'утро', 'асфальт', 'добрый', 'сотня', 'местный', 'владелец', 'который', 'предстоять', 'распределиться', 'команда', 'вступить', 'борьба', 'путевка', 'московский', 'полуфинал']"
0,0,0,1,0,0,1,0,0,1,0,0,0,0,1,0,1,0,1,0,1,1,"['бомбовоз', 'равнять', 'земля', 'сухопутный', 'броненосец', 'захватывать', 'территория']"
1,1,1,1,1,1,1,1,1,1,1,1,1,1,1,1,1,1,1,1,1,1,"['субъективно', 'машина', 'восприниматься', 'валкий', 'отбивать', 'желание', 'вираж', 'высокий', 'скорость']"
0,1,0,0,0,0,0,0,0,0,0,0,1,0,0,0,0,0,1,0,0,1,"['бизнесмен', 'заниматься', 'бизнес', 'школа', 'фарцевать', 'знак-кавычки']"
0,0,0,0,0,0,0,0,0,0,0,0,1,0,0,0,0,0,0,0,0,1,"['союзник', 'бомбардировка', 'гражданский', 'население', 'упоение']"
0,1,0,0,0,0,0,0,0,0,0,0,1,0,0,0,0,0,1,0,0,1,"['улица', 'машина', 'набитый', 'шпана']"
0,0,0,0,0,0,0,0,0,0,0,0,0,0,0,0,0,0,0,0,0,1,"['прорваться', 'первый', 'вражеский', 'траншея', 'танк', 'стать', 'засесть', 'гитлеровец']"
0,0,0,1,0,0,1,0,1,1,1,0,1,0,1,0,1,0,1,0,0,1,"['трактор', 'силос', 'яма', 'собирать', 'вила', 'студент', 'подходящий', 'сторона', 'прицеп', 'самосвал']"
0,0,1,0,0,0,0,0,0,0,0,0,0,1,1,0,0,0,1,0,0,1,"['самый', 'время', 'сша', 'вьетнам', 'ковровый', 'бомбардировка', 'напалм', 'дефолиант']"
0,0,0,1,0,0,1,0,0,0,0,0,0,0,1,0,0,0,1,0,0,1,"['разный', 'калибр', 'уровень', 'мозговой', 'центр', 'давно', 'превратиться', 'танк', 'который', 'глобальный', 'пространство', 'знак-кавычки', 'знак-кавычки']"
0,0,0,0,0,0,0,0,0,0,0,0,0,0,0,0,0,0,1,0,0,1,"['результат', 'воздух', 'поднять', 'самолет', 'ввс', 'турция', 'который', 'утро', 'вечер', 'май', 'территория', 'северный', 'ирак', 'знак-кавычки', 'знак-кавычки']"
0,1,1,0,0,0,0,0,0,0,0,0,1,1,1,0,0,0,1,0,0,1,"['костян', 'троллинг', 'темнота', 'наловить', 'шикарный', 'ухо', 'жареха']"
0,0,1,1,0,0,0,0,0,0,0,0,1,1,1,0,0,0,1,0,0,1,"['реальность', 'день', 'таков', 'школа', 'ребенок', 'попадать', 'психика', 'протяжение', 'год', 'дефицит', 'родительский', 'внимание', 'телевещание', 'известный', 'толк']"
0,0,1,0,0,0,0,0,0,0,0,0,1,1,0,0,0,0,1,0,0,1,"['игра', 'бровка', 'выполнить', 'угловой', 'штрафной', 'удар', 'протащить', 'мяч', 'половина', 'поле', 'выложить', 'прямо', 'нога', 'вагнер', 'который', 'просто', 'попадать', 'пустой', 'ворота']"
0,0,0,0,0,0,0,0,0,0,0,0,0,0,0,0,0,0,1,0,0,1,"['работа', 'тихий', 'период', 'напарник', 'решать', 'абитуриент', 'больший', 'обыкновенно', 'рисковать', 'подсунуть', 'змея', 'история', 'палатка', 'знак-кавычки']"
1,0,0,0,1,1,1,1,1,1,1,1,0,0,0,1,1,1,1,1,1,1,"['мост', 'рвануть', 'давать']"
0,0,0,1,0,0,0,0,0,0,0,0,0,0,0,0,0,0,1,0,0,1,"['помниться', 'один', 'прорваться', 'немецкий', 'танк', 'попытаться', 'окопчик', 'придтись', 'темнота', 'лежать', 'ком', 'мороженый', 'земля', 'снег', 'знак-кавычки']"
0,1,1,0,0,0,0,0,0,0,0,0,1,0,0,0,0,0,1,0,0,1,"['достаточно', 'сказать', 'зима', 'ратрак', 'трасса', 'прокладывать', 'гора', 'дорожка', 'пешеходный', 'прогулка']"
0,1,0,1,0,0,0,0,0,1,1,0,1,0,0,0,1,0,1,0,0,1,"['бой', 'вступить', 'десантный', 'подразделение', 'вновь', 'геннадий', 'николаевич', 'позиция', 'противник', 'предельно', 'малый', 'дистанция', 'поражать', 'ожить', 'огневой', 'точка', 'немалый', 'степень', 'способствовать', 'захват', 'горный', 'база', 'бандит', 'знак-кавычки']"
0,0,1,1,0,0,1,0,1,1,1,0,1,1,1,0,1,0,1,0,1,1,"['настроиться', 'длительный', 'многофигурный', 'сложный', 'борьба', 'придумывать', 'новый', 'расстановка', 'воскрешать', 'идея', 'корифей', 'прошлое', 'восьмиядерный', 'очередной', 'дуэль', 'ван', 'вести', 'раджабов', 'знак-кавычки', 'знак-кавычки']"
1,1,1,0,1,1,1,1,1,1,1,1,0,0,0,1,1,1,1,1,1,1,"['танк', 'прорваться', 'линия', 'часть', 'пойти', 'вперед', 'другой', 'развернуться', 'начать', 'траншея', 'засыпать', 'земля', 'хоронить', 'заживо', 'находиться', 'окоп']"
1,0,1,1,1,1,1,1,1,1,1,1,1,1,1,1,1,1,1,1,1,1,"['захлебнуться', 'ярость', 'гнев', 'американский', 'военный', 'долго', 'бомба', 'вес', 'тонна', 'территория', 'афганистан', 'каждый', 'приговаривать', 'точно', 'мулло', 'омар', 'бен', 'ладен', 'прятаться', 'знак-кавычки']"
1,0,0,0,1,1,1,1,1,1,1,0,1,0,0,0,1,1,1,0,1,1,"['менять', 'курс', 'американец', 'терять', 'трудолюбивый', 'океан', 'получить', 'сигнал', 'начинать', 'раскручивать']"
0,0,1,1,0,0,0,0,0,0,0,0,0,1,0,0,0,0,1,0,0,1,"['партия', 'человек', 'обвязаться', 'веревка', 'уходить', 'темнота', 'завывание', 'полярный', 'ночь', 'белый', 'пустыня', 'вездеход', 'зажечь', 'фара', 'безуспешно']"
0,1,0,0,0,0,0,0,0,0,0,0,1,0,0,0,0,0,1,0,0,1,"['осатанеть', 'пулеметный', 'гнездо', 'давить', 'пыхать', 'жар', 'многотонный', 'тушь', 'окоп', 'дикий', 'рев', 'вертеться', 'место', 'делать', 'убийственный', 'восьмерка', 'раздирать', 'гусеница', 'труп', 'человек', 'валя', 'дерево', 'разносить', 'землянка', 'засыпать', 'ход', 'сообщение']"
0,0,0,0,0,0,0,0,0,0,0,0,0,0,1,0,0,0,1,0,0,1,"['навалиться', 'нато', 'воздух', 'ракета', 'безоружный', 'араб']"
1,0,0,0,0,0,0,0,1,0,0,0,1,0,0,0,0,0,1,0,0,1,"['тротуар', 'совершенно', 'пустой', 'множество', 'железный', 'ящик', 'проезжий', 'часть', 'улица']"
0,0,0,0,0,0,0,0,0,0,0,0,0,0,0,0,0,0,1,0,0,1,"['танк', 'степан', 'горобец', 'маневрировать', 'начало', 'немецкий', 'батарея', 'прорваться', 'вперед']"
1,1,0,0,1,1,1,1,1,1,1,1,1,0,0,1,1,1,1,1,1,1,['муамар']
0,0,1,1,0,0,1,0,1,1,1,0,1,1,1,0,1,0,1,0,1,1,"['писать', 'ребята', 'зеленка', 'знак-кавычки']"
0,0,0,0,0,0,0,0,0,0,0,0,0,0,0,0,0,0,1,0,0,1,"['долго', 'гора']"
0,0,0,0,0,0,0,0,0,0,0,1,1,0,0,1,0,0,1,0,0,1,"['сверху', 'грузовик']"
1,1,1,1,1,1,1,1,1,1,1,1,1,0,1,1,1,1,1,1,1,1,"['вспомнить', 'пример', 'балет', 'ромео', 'джульетта', 'кремлевский', 'сцена', 'рождаться', 'натовский', 'бомбардировщик', 'крушить', 'сербский', 'город', 'селение', 'израильский', 'танк', 'земля', 'лагерь', 'палестинский', 'беженец', 'автоматный', 'очередь', 'заглушать', 'стон', 'убивать', 'горячий', 'точка', 'старик', 'крик', 'гибнуть', 'ребенок', 'плач', 'женщина', 'знак-кавычки', 'знак-кавычки', 'знак-кавычки', 'знак-кавычки']"
1,1,1,0,1,1,1,1,1,1,1,1,1,0,1,1,1,1,1,1,1,1,"['разгар', 'война', 'год', 'назад', 'никто', 'представить', 'гордый', 'сдаваться', 'город', 'бомбить', 'самолет', 'обстреливать', 'установка', 'град', 'танк', 'знак-кавычки']"
1,1,0,1,1,1,1,1,1,1,1,1,1,0,1,1,1,1,1,1,1,1,"['случай', 'год', 'лишний', 'назад', 'тогдашний', 'министр', 'оборона', 'сша', 'форрестол', 'померещиться', 'танк', 'красный', 'звезда', 'мостовая', 'уолл', 'стрит']"
1,1,1,1,1,1,1,1,1,1,1,1,1,1,1,1,1,1,1,1,1,1,"['танк', 'развеваться', 'грузинский', 'флаг', 'стоять', 'путь', 'стрелять', 'спина', 'убегать', 'гражданский', 'мирный', 'житель', 'забрасывать', 'ручной', 'граната', 'окно', 'жилой', 'дом']"
1,0,0,0,1,1,1,1,1,1,1,1,0,0,0,1,1,1,1,1,1,1,"['убежденный', 'овчинка', 'стоять', 'выделка', 'улица', 'останавливаться', 'старый', 'адрес', 'вспоминать', 'делать', 'запись']"
1,1,0,1,1,1,1,1,1,1,1,1,1,1,1,1,1,1,1,1,1,1,"['дождь', 'город', 'мощно', 'продвигаться', 'четко', 'единый', 'просвет', 'струя']"
0,0,0,1,0,0,1,0,1,1,1,1,0,1,1,0,1,0,1,0,1,1,"['советский', 'танкист', 'ударить', 'южный', 'плацдарм', 'река', 'дубисс', 'который', 'обосноваться', 'боевой', 'группа', 'зекендорф', 'танковый', 'дивизия', 'выбить', 'передовой', 'батальон', 'противник', 'переслать', 'левый', 'берег', 'сосредоточенный', 'огнь', 'сотня', 'панцеров', 'приняться', 'позиция', 'германский', 'артиллерия', 'окутать', 'дым', 'неотвратимый', 'двигаться', 'вперед', 'сокрушать', 'путь', 'знак-кавычки', 'знак-кавычки', 'знак-кавычки']"
1,1,1,1,1,1,1,1,1,1,1,1,1,1,1,1,1,1,1,1,1,1,"['румыния', 'произойти', 'государственный', 'переворот', 'переметнуться', 'сторона', 'антигитлеровский', 'коалиция', 'завод', 'производство', 'синтетический', 'топливо', 'угль', 'систематически', 'авиация', 'союзник', 'старый', 'запас', 'иссякать']"
0,0,1,0,0,0,0,0,0,0,0,0,0,1,0,0,0,0,1,0,0,1,"['байдарка', 'фартук', 'пруха', 'нахально', 'корова', 'конек', 'уверенный', 'лед', 'стихия']"
1,0,1,1,1,1,1,1,1,1,1,1,1,1,1,1,1,1,1,1,1,1,"['полчаса', 'место', 'разный', 'воблер']"
1,1,1,1,1,1,1,1,1,1,1,1,1,1,1,1,1,1,1,1,1,1,"['ежедневно', 'немец', 'производить', 'авианалет', 'бить', 'пушка', 'немецкий', 'танк', 'поле', 'солдат', 'уничтожать', 'подниматься', 'боец']"
1,1,1,1,1,1,1,1,1,1,1,1,1,1,1,1,1,1,1,1,1,1,"['быстро', 'собраться', 'свернуть', 'палатка', 'вычистить', 'печка', 'выдвинуться', 'сторона', 'кишлак', 'который', 'неделя', 'подряд', 'град', 'знак-кавычки']"
1,0,1,0,1,1,0,1,0,0,0,1,0,1,0,1,0,1,1,1,0,1,"['приписать', 'главный', 'ляпис', 'хулиганка', 'найти', 'свидетель', 'холуй', 'поболее', 'нары', 'матрац']"
1,0,1,1,1,1,1,1,1,1,1,1,0,1,1,1,1,1,1,1,1,1,"['робинсон', 'начинать', 'снова', 'недоступный', 'загонщик', 'середина', 'лесной', 'участок', 'решать', 'остаться', 'место', 'команда', 'сниматься', 'загон', 'далеко', 'закончить', 'знак-кавычки']"
1,1,0,0,1,1,0,1,0,0,0,1,1,0,0,1,0,1,1,1,0,1,"['амер', 'расслабиться', 'здорово', 'подкатить', 'авианосец', 'побережье', 'страна', 'ковровый', 'бомбардировка']"
0,1,1,0,0,0,0,0,0,1,0,0,1,1,0,0,0,0,1,0,0,1,"['смысл', 'голый', 'песчаный', 'дно', 'минимальный', 'видимость']"
1,1,1,1,1,1,1,1,1,1,1,1,1,1,1,1,1,1,1,1,1,1,"['стюард', 'стараться', 'придать', 'глаз', 'бессмысленный', 'выражение', 'гамлет', 'палец', 'складка', 'длинный', 'ночной', 'рубаха']"
1,1,0,0,1,1,0,1,0,0,0,1,1,0,0,1,0,1,1,1,0,1,"['костлявый', 'бедро', 'слышать', 'один', 'дорога', 'знак-кавычки']"
1,0,1,0,1,1,1,1,1,1,1,1,1,0,0,1,1,1,1,1,1,1,"['немецкий', 'танк', 'окоп', 'рота', 'буквально']"
1,0,1,1,1,1,1,1,1,1,1,1,0,1,1,1,1,1,1,1,1,1,"['жуткий', 'монстр', 'большущий', 'величие', 'мужской', 'молния', 'нечто', 'некрасивый', 'клубок', 'серый', 'нить', 'змея']"
1,1,1,1,1,1,1,1,1,1,1,0,1,0,0,0,1,0,1,0,1,1,"['танк', 'сворачивать', 'шоссе', 'колонна', 'таранить', 'давить', 'машина', 'солдат', 'знак-кавычки']"
1,1,1,1,1,1,0,1,0,0,1,1,1,1,1,1,0,1,1,1,0,1,"['точно', 'справа', 'оборона', 'двигаться', 'немецкий', 'танк']"
1,1,1,1,1,1,1,1,1,1,1,1,1,1,1,1,1,1,1,1,1,1,"['лыжа', 'бегать', 'любить', 'школа', 'спускаться', 'гора', 'приходиться', 'юрка', 'наоборот', 'малолетство', 'горный', 'прямой', 'рельс', 'склон', 'эльбрус', 'чегет', 'жить', 'тырныауз']"
1,1,1,1,1,1,1,1,1,1,1,1,1,1,1,1,1,1,1,1,1,1,"['эскадренный', 'миноносец', 'продолжать', 'поверхность', 'море']"
1,0,0,1,1,1,1,1,1,1,1,1,0,0,1,1,1,1,1,1,1,1,"['немецкий', 'дивизия', 'окрестность', 'половина', 'завязнуть', 'вязьма', 'оправдать', 'название']"
0,0,1,1,0,0,0,0,0,0,0,0,0,1,1,0,0,0,1,0,0,1,"['кокос', 'палец', 'растирать', 'начинать', 'кончик', 'волос', 'корень', 'наносить', 'жирный', 'знак-кавычки']"
1,1,1,1,1,1,1,1,1,1,1,1,1,1,1,1,1,1,1,1,1,1,"['получаться', 'интеллектуальный', 'оружие', 'афганистан', 'мелкий', 'сущность', 'никто', 'нужный', 'горный', 'пустыня', 'затаиться', 'бен', 'ладен', 'который', 'сбежать', 'несчастный', 'афганец', 'довести', 'мусульманский', 'фанатик', 'первобытный', 'состояние', 'организовать', 'экспедиция', 'марс', 'знак-кавычки']"
1,0,1,1,1,1,1,1,1,1,1,1,0,1,1,1,1,1,1,1,1,1,"['кузьмич', 'кивать', 'голова', 'начинать', 'ладонь', 'макушка']"
1,0,1,0,1,1,1,1,1,1,1,1,1,0,0,1,1,1,1,1,1,1,"['пехотинец', 'приходиться', 'туго', 'фашистский', 'танк', 'прорвать', 'боевой', 'порядок', 'левый', 'фланг', 'окоп', 'раздавить', 'засыпать', 'ячейка']"
1,1,0,1,1,1,1,1,1,1,1,1,1,1,1,1,1,1,1,1,1,1,"['час', 'море', 'рядом', 'человек', 'брать', 'рыба']"
1,1,0,1,1,1,1,1,1,1,1,1,1,1,1,1,1,1,1,1,1,1,"['урод', 'далеко', 'собираться', 'долго', 'хватить']"
1,0,0,1,1,1,1,1,1,1,1,1,0,0,1,1,1,1,1,1,1,1,"['нло', 'линия', 'высоковольтный', 'передача', 'нью', 'хэмпшир', 'арка', 'нью-джерси']"
1,0,1,0,1,1,1,1,1,1,1,1,0,1,0,1,1,1,1,1,1,1,"['лесовоз', 'курорт', 'вконец', 'разбить', 'сельский', 'улица']"
0,1,1,1,0,0,1,0,1,1,1,0,1,1,1,0,1,0,1,0,1,1,"['замыкать', 'колонна', 'каток', 'девятитонный', 'махина', 'дорога']"
1,1,1,1,1,1,1,1,1,1,1,1,1,1,1,1,1,1,1,1,1,1,"['американский', 'военный', 'корабль', 'атлантика', 'постоянно', 'испания', 'существовать', 'база']"
1,0,1,0,1,1,1,1,1,1,1,1,1,1,0,1,1,1,1,1,1,1,"['вызывать', 'авиация', 'воздух', 'подряд']"
0,0,1,1,0,0,1,0,1,1,1,0,0,1,1,0,1,0,1,0,1,1,"['обычно', 'гусеница', 'танк', 'руины', 'окапываться', 'злоумышленник']"
0,0,1,1,0,0,1,0,1,1,1,1,0,1,1,1,1,1,1,1,1,1,"['похожесть', 'псевдолитературный', 'персонаж', 'морячок', 'запеть', 'песенка', 'клеш', 'мостовая', 'заливать', 'глотка', 'ром', 'знак-кавычки', 'знак-кавычки']"
1,1,1,1,1,1,1,1,1,1,1,1,1,1,1,1,1,1,1,1,1,1,"['большой', 'часть', 'площадь', 'вспахать', 'осень', 'борона', 'земля', 'выравнивать', 'поле', 'закрывать', 'влага']"
1,0,0,0,1,1,1,1,1,1,1,1,0,0,1,1,1,1,1,1,1,1,"['долгий', 'время', 'подконтрольный', 'сми', 'новороссийск', 'рассказывать', 'ужасный', 'кризис', 'энергоснабжение', 'город', 'знак-кавычки']"
1,0,1,1,1,1,1,1,1,1,1,1,0,1,1,1,1,1,1,1,1,1,"['стремительно', 'разреженный', 'высота', 'воздух', 'одеться', 'слабо', 'светящийся', 'кокон']"
1,1,1,1,1,1,1,1,1,1,1,1,1,1,1,1,1,1,1,1,1,1,"['скоро', 'сформироваться', 'узкий', 'список', 'хит', 'который', 'шерсть', 'вставать', 'загривок', 'мозги', 'обыватель']"
1,1,1,1,1,1,1,1,1,1,1,1,1,1,1,1,1,1,1,1,1,1,"['море', 'район', 'предполагать', 'катастрофа', 'точка', 'гибель', 'суд', 'расположенный', 'относительно', 'недалеко', 'друг', 'регулярно', 'висеть', 'самолет', 'морской', 'авиация', 'тоф', 'вертолет', 'владивостокавиа', 'разбить', 'квадрат', 'поиск', 'водный', 'гладь', 'подойти', 'транспортный', 'рыбацкий', 'судно', 'мощный', 'буксир', 'помощь', 'гриф', 'срочно', 'сняться', 'владивосток', 'принадлежать', 'компания', 'римский', 'шуя', 'который', 'слово', 'участвовать', 'крупный', 'учение', 'спасение', 'знак-кавычки', 'знак-кавычки', 'знак-кавычки', 'знак-кавычки', 'знак-кавычки']"
0,0,0,0,0,0,1,0,1,1,1,1,0,0,0,1,1,1,1,1,1,1,"['ми', 'шпынять', 'автомат', 'ребята', 'комендантский', 'взвод', 'славный', 'воспоминание']"
1,0,0,0,1,1,1,1,1,1,1,1,0,0,0,1,1,1,1,1,1,1,"['сожаление', 'говорить', 'новый', 'дорога', 'поселок', 'который', 'зима', 'сотня', 'двадцатидвухтонный', 'фура', 'скорый', 'время', 'остаться']"
0,1,0,1,0,0,1,0,1,1,1,0,1,0,0,0,1,0,1,0,1,1,"['немец', 'земля', 'воздух', 'снаряд', 'бомба', 'армейский', 'позиция', 'воля', 'божий', 'спасти', 'дно', 'окоп', 'землянка']"
1,0,1,1,1,1,1,1,1,1,1,1,0,1,1,1,1,1,1,1,1,1,"['предполагаться', 'база', 'ценный', 'грузовик', 'прикрытие', 'мародер', 'начать', 'нелегкий', 'путь', 'спасение', 'знак-кавычки']"
1,0,1,1,1,1,1,1,1,1,1,1,0,1,1,1,1,1,1,1,1,1,"['время', 'признаваться', 'всякий', 'сантименты', 'знак-кавычки']"
0,0,0,0,0,0,1,0,1,1,1,0,0,1,1,0,1,0,1,0,1,1,"['домашний', 'обязанность', 'детство', 'вечер', 'мятый', 'трешка', 'пятерка', 'червонец']"
1,0,0,1,1,1,1,1,1,1,1,1,1,0,1,1,1,1,1,1,1,1,"['отдохнуть', 'год', 'свежий', 'сила', 'подписать', 'новый', 'контракт', 'вновь', 'приниматься', 'мозги', 'преданный', 'почитатель', 'услышать', 'творение', 'тяжелейший', 'рифф', 'громоподобный', 'голос', 'дэйв', 'роттен']"
1,0,1,1,1,1,1,1,1,1,1,1,1,1,1,1,1,1,1,1,1,1,"['начать', 'поганец', 'жена', 'рубеж', 'отправлять', 'танк', 'население']"
0,1,0,0,0,0,0,0,0,0,0,0,1,0,0,0,0,0,1,0,0,1,"['танк', 'слегка', 'отвернуть', 'курс', 'ровно', 'настолько', 'снять', 'слой', 'земля']"
0,0,1,1,0,0,0,0,0,0,0,0,0,1,1,0,0,0,1,0,0,1,"['забыть', 'сталин', 'народ', 'хотеть']"
0,1,0,0,0,0,0,0,0,1,1,0,1,0,0,0,0,0,1,0,1,1,"['год', 'назад', 'реформа', 'основательно', 'страна', 'половина', 'тысяча', 'предприятие', 'различный', 'форма', 'собственность', 'занятый', 'производство', 'мебель']"
0,1,0,1,1,0,1,0,1,1,1,1,1,0,1,1,1,1,1,1,1,1,"['очередной', 'прогнуться', 'генеральный', 'линия', 'партия', 'вашингтон', 'подмахнуть', 'глядеть', 'подготовить', 'американец', 'резолюция', 'совбез', 'оон', 'прикрываться', 'который', 'сша', 'натовский', 'союзник', 'массированный', 'авиаудара', 'ливийский', 'земля', 'российский', 'дипломатия', 'последний', 'время', 'активно', 'заниматься', 'поиск', 'потерянный', 'лицо', 'глаз', 'международный', 'общественность', 'знак-кавычки', 'знак-кавычки', 'знак-кавычки']"
1,1,0,1,1,1,1,1,1,1,1,1,0,0,1,1,1,1,1,1,1,1,"['местный', 'житель', 'видеть', 'бинокль', 'утро', 'остров', 'трактор', 'остановка', 'загораться', 'пламень']"
1,1,0,0,1,0,1,0,1,0,1,0,1,0,0,0,1,0,1,0,1,1,"['настоящий', 'канадец', 'регулярно', 'всякий', 'напраздноваться']"
0,1,0,0,0,0,1,0,1,1,1,0,0,0,0,0,1,0,1,0,1,1,"['немецкий', 'самолет', 'окоп', 'бомба', 'танковый', 'поддержка']"
0,1,0,1,0,0,1,0,1,1,1,0,1,1,1,0,1,0,1,0,1,1,"['действительно', 'большинство', 'день', 'цена', 'примерно', 'один', 'диапазон', 'знак-кавычки']"
0,0,0,0,0,0,0,0,0,1,1,1,1,1,1,1,1,1,1,1,1,1,"['химкинский', 'каток', 'продолжать', 'партизан', 'самый', 'финальный', 'сирена', 'установить', 'попутно', 'новый', 'клубный', 'рекорд', 'евролига', 'знак-кавычки']"
1,0,0,1,1,1,1,1,1,1,1,1,1,0,1,1,1,1,1,1,1,1,"['голова', 'пролететь', 'аист', 'земля', 'тень']"
0,1,1,0,0,0,1,0,1,1,1,0,1,1,0,0,1,0,1,0,1,1,"['грузинский', 'руководство', 'принять', 'решение', 'городской', 'квартал', 'спящий', 'человек']"
1,1,0,0,1,1,1,1,1,1,1,1,1,0,0,1,1,1,1,1,1,1,"['путь', 'осетинкий', 'дом', 'танк']"
1,1,0,1,1,1,1,1,1,1,1,1,1,0,1,1,1,1,1,1,1,1,"['бомбить', 'город', 'мирный', 'житель']"
1,0,0,1,1,1,1,1,1,1,1,1,0,0,1,1,1,1,1,1,1,1,"['важный', 'уточнение', 'морской', 'каяк', 'принадлежать', 'клуб', 'лето', 'финский', 'озеро', 'саймаа', 'собственно', 'впервые', 'познакомиться', 'настоящий', 'гребля']"
1,1,0,0,1,1,1,1,1,1,1,1,1,0,1,1,1,1,1,1,1,1,"['японский', 'летчик', 'воздух']"
0,1,0,1,0,0,1,0,1,1,1,0,1,0,1,0,1,0,1,0,1,1,"['единственный', 'готовый', 'доска', 'фигура', 'второй', 'пришествие', 'иванчук']"
0,0,1,1,0,0,1,0,1,1,1,0,1,0,0,0,1,0,1,0,1,1,"['сила', 'остановиться', 'плато', 'пара', 'час', 'абсолютно', 'ситуация', 'стрельнуть', 'угорь', 'промахнуться', 'дойти', 'предел', 'видимость']"
1,1,0,0,1,1,1,1,1,1,1,1,1,0,0,1,1,1,1,1,1,1,"['танк', 'островной', 'пространство', 'желтый', 'подводный', 'лодка', 'звезда', 'всплывать', 'везде', 'гриб', 'лес']"
1,1,0,0,1,1,1,1,1,1,1,1,1,0,0,1,1,1,1,1,1,1,"['называть', 'утюг', 'бегать', 'андреевский', 'туда-сюда', 'продавать', 'иностранец', 'матрешка', 'брелка', 'рюкзак', 'знак-кавычки', 'словно']"
1,1,0,1,1,1,0,1,0,0,0,1,1,0,1,1,0,1,1,1,0,1,"['осень', 'муп', 'дорога', 'владивосток', 'вечер', 'сухой', 'асфальт', 'машина', 'знак-кавычки']"
0,1,0,0,0,0,1,0,1,1,1,0,0,0,0,0,1,0,1,0,1,1,"['командир', 'выдать', 'механика', 'направление', 'дальнейший', 'движение', 'боевой', 'машина', 'советский', 'пехота', 'приняться', 'нетронутый', 'целина', 'афганский', 'пустыня']"
1,1,0,0,1,1,1,1,1,1,1,1,1,0,0,1,1,1,1,1,1,1,"['третий', 'час', 'степаныч', 'буран', 'енто', 'снегоход', 'рассейский', 'шняга', 'редкий', 'надежный', 'белый', 'безмолвие', 'тундра', 'знак-кавычки']"
1,0,0,0,1,1,1,1,1,1,1,1,0,0,0,1,1,1,1,1,1,1,"['каждый', 'великий', 'произведение', 'хотеть', 'изгаляться']"
1,0,1,1,1,1,1,1,1,1,1,1,0,1,1,1,1,1,1,1,1,1,"['прийти', 'понедельник', 'садик', 'мрачно', 'просидеть', 'день', 'созерцать', 'остальной', 'маленький', 'идиот', 'друг', 'слюнявый', 'заунывный', 'визг', 'который', 'должный', 'означать', 'рокот', 'мотор', 'звук', 'горячий', 'бой']"
0,0,0,0,0,0,1,0,0,1,0,0,0,1,0,0,1,0,1,0,1,1,"['наташа', 'арбатский', 'переулочек', 'далее', 'гнездниковский', 'бронне', 'тверской', 'никитский']"
1,0,0,0,1,1,1,1,1,1,1,1,0,0,0,1,1,1,1,1,1,1,"['ил', 'штурмовик', 'целый', 'день', 'немец', 'сбрасывать', 'бомба', 'пускать', 'ракета', 'знак-кавычки']"
1,1,1,1,1,1,1,1,1,1,1,1,1,1,1,1,1,1,1,1,1,1,"['слово', 'представитель', 'вооруженный', 'сила', 'пакистан', 'атар', 'аббас', 'авиация', 'нато', 'час', 'пакистанский', 'блокпост', 'обращение', 'местный', 'командование']"
0,1,0,1,0,0,1,0,1,1,1,0,1,0,1,0,1,0,1,0,1,1,"['военный', 'техника', 'немец', 'хвост', 'грива']"
1,1,0,1,1,1,1,1,1,1,1,1,1,0,1,1,1,1,1,1,1,1,"['высота', 'авиация', 'работать', 'артиллерия', 'перебираться', 'укрытие', 'противоположный', 'сторона', 'склон']"
1,1,0,1,1,0,1,0,1,1,1,1,1,0,1,1,1,0,1,0,1,1,"['англоязычный', 'блогосфера', 'барыкин', 'прямой', 'рука', 'носить', 'понимать', 'наверно', 'многий', 'специфицкий', 'совдеповский', 'момент']"
1,0,0,1,1,1,1,1,1,1,1,1,1,0,1,1,1,1,1,1,1,1,"['вернадский', 'самый', 'страшный', 'месяц', 'фашистский', 'нашествие', 'танк', 'крест', 'смоленск', 'малоярославец', 'волоколамск', 'повторять', 'ноосфера', 'победить', 'знак-кавычки']"
1,0,0,0,1,1,1,1,1,1,1,1,1,0,0,1,1,1,1,1,1,1,"['русский', 'генерал', 'упорно', 'танк', 'гора']"
0,0,1,1,0,0,0,0,0,0,0,0,1,1,1,0,0,0,1,0,0,1,"['ил', 'минута', 'вражеский', 'траншея', 'окоп', 'пешка', 'пикирование', 'забрасывать', 'бомба', 'долговременный', 'огневой', 'точка', 'противник', 'выводить', 'строй', 'знак-кавычки', 'знак-кавычки']"
1,1,1,1,1,1,1,1,1,1,1,1,1,1,1,1,1,1,1,1,1,1,"['добрый', 'половина', 'изрешетить', 'огнь', 'штурмовик', 'который', 'точение', 'октябрь', 'вражеский', 'аэродром']"
1,0,0,0,1,0,1,0,1,1,1,1,0,0,0,1,1,0,1,0,1,1,"['заказчик', 'функция', 'закуп', 'выполнять', 'далее', 'работа', 'вести', 'направление', 'прикармливать', 'дизайнер', 'подрядчик']"
1,0,0,0,1,1,1,1,1,1,1,1,0,0,0,1,1,1,1,1,1,1,"['ждать', 'клиент', 'комфортно', 'место', 'тратиться', 'топливо', 'убивать', 'машина', 'москва']"
1,1,1,1,1,1,1,1,1,1,1,1,1,1,1,1,1,1,1,1,1,1,"['улица', 'поиск', 'клиент']"
0,1,0,1,0,0,0,0,0,0,0,0,1,0,1,0,0,0,1,0,0,1,"['угадать', 'куролесить', 'поручик', 'впору', 'крутить', 'бутылка', 'подряд', 'город', 'автомобиль', 'решиться', 'опытный', 'кавалерист']"
0,0,0,0,0,0,0,0,0,0,0,0,1,0,0,0,0,0,1,0,0,1,"['сдаваться', 'правый', 'бровка', 'поиск', 'путь', 'чужой', 'ворота', 'пятерка', 'заслуживать', 'старание']"
0,0,1,1,0,0,0,0,0,0,0,0,0,1,1,0,0,0,1,0,0,1,"['неделя', 'склон', 'ак', 'тру', 'петя', 'наслушаться', 'сказка', 'возможность', 'человек', 'настороженно', 'уточнить', 'сделать', 'опущение', 'знак-кавычки', 'знак-кавычки']"
1,0,1,0,1,1,1,1,0,1,1,1,1,0,0,1,1,1,1,1,1,1,"['всяармада', 'начинать', 'трасса', 'который', 'ехать', 'бедолага', 'один', 'ракета', 'попадать']"
0,1,0,0,0,0,0,0,0,0,0,0,1,0,0,0,0,0,1,0,0,1,"['грузинский', 'артиллерия', 'безнаказанно', 'войско', 'остаток', 'цхинвал']"
0,1,0,1,0,0,0,0,0,0,0,0,1,1,1,0,0,0,1,0,0,1,"['один', 'горожанин', 'утверждать', 'немец', 'взрывать', 'сталинград', 'квартал', 'другой', 'уничтожать', 'красный', 'армия', 'дом', 'дальнобойный', 'артиллерия', 'катюша', 'знак-кавычки']"
0,1,0,0,0,0,0,0,0,0,0,0,1,0,0,0,0,0,1,0,0,1,"['похоже', 'зачистка', 'агрессивный', 'биосфера', 'планета', 'колония', 'окружить', 'указанный', 'квадрат']"
0,0,0,0,0,0,0,0,0,0,0,0,1,0,0,0,0,0,1,0,0,1,"['хотеться', 'вспоминать', 'другой', 'критик', 'который', 'комментарий', 'слабый', 'автор']"
0,0,0,0,0,0,0,0,0,0,0,0,1,0,0,0,0,0,1,0,0,1,"['колея', 'держаться', 'поворот', 'цепко', 'должный', 'уметь', 'махина', 'капот', 'грудь']"
0,1,0,0,0,0,0,0,0,0,0,0,1,0,0,0,0,0,1,0,0,1,"['боец', 'закончиться', 'патрон', 'бутылка', 'горючий', 'смесь', 'граната', 'танк', 'сталь', 'позиция']"
0,1,0,0,0,0,0,0,0,0,0,0,1,0,0,0,0,0,0,0,0,1,"['слово', 'проситься', 'взять', 'кавычка', 'истинный', 'культура', 'вынужденный', 'труд', 'пробиваться', 'трава', 'асфальт', 'который', 'ежесекундный', 'наглый', 'хамоватый', 'беспринципный', 'бессовестный', 'колесо', 'чистоган', 'стремиться', 'подмять', 'уничтожить']"
0,1,0,0,0,0,0,0,0,0,0,0,1,0,0,0,0,0,1,0,0,1,"['незримо', 'работать', 'лапа', 'весло', 'вода', 'способный', 'занырнуть', 'настолько', 'легкий', 'воздушный', 'мешок', 'кожа', 'воздухоносный', 'кость', 'рыхлый', 'оперенье']"
0,1,0,0,0,0,0,0,0,0,0,0,1,0,0,0,0,0,0,0,0,1,"['ликвидация', 'провал', 'уйти', 'один', 'миллион', 'тонна', 'эквивалентный', 'погрузка', 'тысяча', 'железнодорожный', 'вагон', 'объем', 'камаз', 'сегодня', 'место', 'омут', 'ровный', 'площадка', 'размер', 'футбольный', 'поле', 'песчаный', 'поверхность', 'навевать', 'мысль', 'пляжный', 'футбол', 'край', 'который', 'бульдозер', 'знак-кавычки', 'знак-кавычки']"
0,0,0,0,0,0,1,0,1,1,1,0,0,0,0,0,1,0,1,0,1,1,"['снегоход', 'продолжать', 'снежный', 'простор']"
0,1,0,1,0,0,0,0,0,0,0,0,1,0,0,0,0,0,1,0,0,1,"['израильский', 'ввс', 'начинать', 'дворец', 'асад', 'уничтожать', 'инфраструктура']"
0,0,0,1,0,0,1,0,1,1,1,0,0,0,1,0,1,0,1,0,1,1,"['особенно', 'поразить', 'прекрасно', 'выделать', 'зашнуровать', 'бронзовый', 'ботинок', 'колосс', 'который', 'пьедестал']"
0,1,0,0,0,0,0,0,0,0,0,0,1,0,0,0,1,0,1,0,1,1,"['бензиновый', 'двигатель', 'практически', 'незаметно', 'пускаться', 'минута', 'сильно', 'нажимать', 'газ', 'продолжать', 'гладкий', 'асфальт', 'полигон', 'привычный', 'сытый', 'урчание', 'шестерка', 'легендарный', 'серия', 'знак-кавычки']"
0,1,0,0,0,0,0,0,0,0,0,0,0,0,0,0,0,0,1,0,0,1,"['земля', 'трактор', 'собирать', 'измельчать', 'перерабатывать', 'биомасса', 'производить', 'сложнейший', 'технологический', 'операция']"
0,0,1,0,0,0,0,0,0,0,0,0,1,0,1,0,0,0,1,0,0,1,"['корпусный', 'артиллерия', 'артиллерийский', 'полк', 'танковый', 'дивизия', 'советский', 'позиция', 'русский', 'укрепление', 'сработать', 'слава', 'тщательно', 'замаскировать']"
0,1,0,1,0,0,0,0,0,0,0,0,1,0,1,0,0,0,1,0,0,1,"['день', 'рождественский', 'каникулы', 'который', 'год', 'кубань', 'выдаться', 'редкость', 'погожий', 'многий', 'житель', 'станица', 'ленинградский', 'наблюдать', 'странный', 'картина', 'красивый', 'импортный', 'трактор', 'принадлежать', 'агрофирма', 'ооо', 'возрождение', 'хладнокровно', 'зеленый', 'всходы', 'озимый', 'пшеница', 'площадь', 'гектар', 'знак-кавычки', 'знак-кавычки']"
0,1,0,0,0,0,0,0,0,0,0,0,1,0,0,0,0,0,1,0,0,1,"['гора', 'пускать', 'танк', 'думать', 'противостоять', 'некого', 'войско', 'давать', 'противник', 'отпор', 'снова', 'знак-кавычки', 'буквально']"
0,1,0,1,0,0,0,0,0,0,0,0,1,0,0,0,0,0,1,0,0,1,"['сообщить', 'взводный', 'засада', 'медведь', 'знать', 'вскоре', 'проплыть', 'двойка', 'крокодил', 'лопасть', 'камень', 'знак-кавычки', 'знак-кавычки']"
0,0,1,1,0,0,0,0,0,0,0,0,0,1,1,0,0,0,1,0,0,1,"['самолет', 'каждый', 'день', 'разбить', 'зона', 'огромный', 'площадь', 'тайга']"
0,1,0,1,0,0,0,0,0,0,0,0,0,1,1,0,0,0,1,0,0,1,"['танк', 'подбить', 'артиллерист', 'удаться', 'прорваться', 'расположение', 'начать', 'окоп', 'который', 'находиться']"
0,0,0,1,0,0,1,0,1,1,1,0,1,0,1,0,1,0,1,0,1,1,"['история', 'никто', 'глупость', 'заботиться', 'наслать', 'зацепка', 'гражданский', 'кодекс', 'гусеница']"
0,0,0,0,0,0,0,0,0,0,0,0,0,0,1,0,0,0,1,0,0,1,"['минута', 'смена', 'прилететь', 'второй', 'группа', 'лаптежник', 'никто', 'атаковать', 'безнаказанно', 'приняться', 'лес', 'восток', 'болото', 'знак-кавычки']"
1,1,0,0,1,1,1,1,1,1,1,1,1,0,0,1,1,1,1,1,1,1,"['удаться', 'отыскать', 'подвал', 'один', 'бог', 'известно', 'благополучно', 'просидеть', 'рассвет', 'прислушиваться', 'американский', 'танк', 'район', 'эльчорильо', 'ровнять', 'земля']"
0,1,0,0,0,0,0,0,0,0,0,0,1,0,0,0,0,0,1,0,0,1,"['особенно', 'последний', 'год', 'крокодил', 'афганский', 'ущелье', 'флаг', 'вчерашний', 'враг', 'душман', 'воевать', 'талиб', 'знак-кавычки']"
0,0,0,0,0,0,0,0,0,0,0,0,0,0,0,0,0,0,1,0,0,1,"['могучий', 'каток', 'народнохозяйственный', 'освоение', 'свирепо', 'простор', 'край', 'оставлять', 'исковеркать', 'природа', 'превращать', 'останки', 'небытие', 'драгоценнейший', 'монумент', 'история', 'могильник', 'поселение', 'городище', 'жертвенный', 'место', 'клад']"
0,0,0,0,0,0,0,0,0,0,0,0,1,0,0,0,0,0,1,0,0,0,"['вязаный', 'изделие', 'мохеровый', 'пряжа', 'шелковый', 'синтетический', 'отпаривать']"
0,0,0,0,0,0,0,0,0,0,0,0,0,0,0,0,0,0,1,0,0,0,"['отутюжить', 'изделие', 'периметр', 'узор', 'цветок', 'стать', 'плоский', 'надеть', 'наволочка', 'подушка', 'расправить', 'рельефный']"
0,1,0,0,0,0,1,0,1,1,1,0,1,0,0,0,1,0,1,0,1,0,"['пробовать', 'описать', 'особый', 'достоинство', 'сутюжка', 'бывать', 'потянуть', 'легко', 'сутюживать', 'приходиться', 'запас', 'знак-кавычки']"
0,1,0,0,0,0,0,0,0,0,0,0,1,1,1,0,0,0,1,0,0,0,"['кроить', 'скалывать', 'строчить', 'шов', 'обутюживать', 'межшовный', 'пространство', 'обрабатывать', 'пояс', 'рулик', 'втачивать', 'замок', 'подводить', 'подклад', 'притачивать', 'сделать', 'подгибка']"
0,0,0,0,0,0,0,0,0,0,0,0,0,0,0,0,0,0,1,0,0,0,"['жар', 'хорошо', 'носить', 'трикотажный', 'модный', 'рубашка', 'который', 'стирка']"
0,0,0,0,0,0,0,0,0,0,0,0,0,0,0,0,0,0,0,0,0,0,"['кожа', 'изнаночный', 'сторона', 'негорячий', 'утюг', 'пара', 'сухой', 'ткань', 'предварительно', 'хорошо', 'попробовать', 'маленький', 'кусочек']"
0,0,0,0,0,0,0,0,0,0,0,0,0,0,0,0,0,0,0,0,0,0,"['готовый', 'парик', 'расчесывать', 'стричь', 'причесывать', 'завивать', 'придавать', 'нужный', 'форма']"
0,1,0,0,0,0,0,0,0,0,0,0,1,0,0,0,0,0,0,0,0,0,"['делаться', 'процент', 'шнурок', 'гладить', 'гетра', 'жребий', 'контроль']"
0,0,1,0,0,0,0,0,0,0,0,0,0,1,0,0,0,0,1,0,0,0,"['отворот', 'выстегать', 'прокладка', 'увлажнять']"
0,0,0,0,0,0,0,0,0,0,0,0,1,0,0,0,0,0,0,0,0,0,"['белье', 'больной', 'чесотка', 'вываривать', 'платье', 'другой', 'одежда', 'случай', 'невозможность', 'подвергнуть', 'дезинфекция', 'камера', 'тщательно', 'горячий', 'утюг', 'проветривать', 'воздух', 'день', 'мороз', 'один']"
0,1,0,0,0,0,0,0,0,0,0,0,0,0,0,0,0,0,0,0,0,0,"['подобный', 'мысль', 'знать', 'спокойно', 'крутить', 'фарш', 'белье', 'твой', 'ненаглядный', 'муж', 'храпеть', 'телевизор']"
0,1,0,0,0,0,0,0,0,0,0,0,0,0,0,0,0,0,0,0,0,0,"['успеть', 'научить', 'правильно', 'держать', 'игла', 'наперсток', 'строчить', 'ручной', 'ножной', 'машинка', 'гладить', 'обметывать']"
0,0,0,0,0,0,0,0,0,0,0,0,0,0,0,0,0,0,0,0,0,0,"['зависимость', 'вязка', 'готовый', 'деталь', 'следовать', 'отпаривать', 'накрывать', 'влажный', 'ткань', 'некоторый', 'время']"
0,0,0,0,0,0,0,0,0,0,0,0,0,0,0,0,0,0,1,0,0,0,"['один', 'аппарат', 'делать', 'уборка', 'кухня', 'ванная', 'мыть', 'окно', 'ухаживать', 'одежда', 'другой', 'текстиль']"
0,0,0,0,0,0,0,0,0,0,0,0,1,0,0,0,0,0,0,0,0,0,"['совет', 'карман', 'влажный', 'подкладывать', 'плотный', 'бумага', 'ткань', 'оставаться', 'отпечаток']"
0,0,0,0,0,0,0,0,0,0,0,0,0,0,0,0,0,0,0,0,0,0,"['одежда', 'должно', 'удобно', 'снимать', 'надевать', 'застегивать', 'изменять', 'размер']"
0,0,0,0,0,0,0,0,0,0,0,0,0,0,0,0,0,0,0,0,0,0,"['швейный', 'изделие', 'готовить', 'продажа', 'подбирать', 'размер', 'рост', 'устранять', 'маленький', 'недостаток', 'чистить']"
0,0,0,0,0,0,0,0,0,0,0,0,1,0,0,0,0,0,0,0,0,0,"['первый', 'уборка', 'поддержание', 'чистота', 'дом', 'рабочий', 'вымывать', 'пол', 'пылесосить', 'ковровый', 'покрытие', 'посуда', 'белье', 'смахивать', 'пыль', 'бытовой', 'техника']"
0,0,0,0,0,0,0,0,0,0,0,0,0,0,0,0,0,0,0,0,0,0,"['снимать', 'балкон', 'высохший', 'белье', 'идти']"
0,0,0,0,0,0,0,0,0,0,0,0,0,0,0,0,0,0,0,0,0,0,"['искусственный', 'мех', 'осторожно', 'изнаночный', 'сторона']"
0,0,0,0,0,0,0,0,0,0,0,0,0,0,0,0,0,0,0,0,0,0,"['шелк', 'умеренно', 'горячий', 'утюг', 'изнаночный', 'сторона', 'слегка', 'влажный']"
0,1,0,0,0,0,0,0,0,0,0,0,0,0,0,0,0,0,0,0,0,0,"['следовать', 'сметка', 'стежок', 'оставлять', 'тонкий', 'ткань', 'отпечаток']"
0,0,0,0,0,0,0,0,0,0,0,0,0,0,0,0,0,0,0,0,0,0,"['слово', 'постельный', 'белье', 'рекомендоваться', 'данный', 'процедура', 'хлопчатобумажный', 'полотно', 'становиться', 'гигроскопичный', 'жесткий']"
0,0,0,0,0,0,0,0,0,0,0,0,0,1,0,0,0,0,0,0,0,0,"['брюки', 'гладильный', 'доска']"
0,0,0,0,0,0,0,0,0,0,0,0,0,0,0,0,0,0,0,0,0,0,"['полиэстер', 'большинство', 'синтетический', 'ткань', 'сильно', 'нагреть', 'утюг']"
1,1,0,0,1,1,0,1,0,0,0,1,0,0,0,1,0,1,0,1,0,0,"['осторожно', 'повредить', 'сетчатый', 'основа', 'синтетический', 'кружево', 'горячий', 'утюг']"
0,0,0,0,0,0,0,0,0,0,0,0,0,0,0,0,0,0,0,0,0,0,"['требовать', 'соблюдение', 'особый', 'предосторожность', 'уход', 'стирать', 'вода', 'комнатный', 'температура', 'хорошо', 'парча', 'подвергать', 'химический', 'чистка', 'сильно', 'нагреть', 'утюг']"
1,0,0,0,0,0,0,0,0,0,0,0,0,0,0,0,0,0,0,0,0,0,"['гладить', 'бархат', 'вес', 'влажный', 'ткань', 'касаться', 'утюг', 'подкладывать', 'щетка', 'который', 'войти', 'ворсинка']"
1,1,1,1,1,1,0,1,0,0,1,1,1,1,1,1,0,1,0,1,0,0,"['шов', 'гладить', 'ребро', 'надсекать', 'ткань', 'сгиб', 'линия', 'строчка', 'раскладывать', 'разный', 'сторона', 'обрезать', 'лишний', 'рис', 'знак-кавычки']"
1,1,1,1,1,1,1,1,1,1,1,1,1,1,1,1,1,1,0,1,1,0,"['мягкий', 'кисточка', 'наносить', 'цвет', 'эскиз', 'давать', 'высохнуть', 'краска', 'ткань', 'снимать', 'рама', 'перекладывать', 'слой', 'газета', 'горячий', 'утюг', 'пора', 'воск', 'парафин', 'сойти', 'полностью', 'вновь', 'натягивать', 'проделывать', 'начальный', 'операция', 'покрывать', 'плоскость', 'ранее', 'покрыть', 'следующий', 'сила', 'тон']"
1,0,0,1,1,1,1,1,1,1,1,1,1,0,1,1,1,1,0,1,1,0,"['отчитываться', 'обещать', 'дошить', 'постирать']"
0,0,1,1,0,0,0,0,0,0,0,0,0,1,1,0,0,0,0,0,0,0,"['показ', 'вместе', 'друг', 'спать', 'ночь', 'вдевать', 'лента', 'обувь', 'дошивать', 'пуговица']"
1,0,1,1,1,1,1,1,1,1,1,1,0,1,1,1,1,1,1,1,1,0,"['похоже', 'генри', 'ощущать', 'любимый', 'случай', 'тиффани', 'соглашаться', 'каждый', 'неделя', 'рубашка', 'полиэфирный', 'волокно']"
1,0,1,1,1,1,1,1,1,1,1,1,0,1,1,1,1,1,0,1,1,0,"['европейский', 'мужчина', 'вести', 'супруга', 'интеллектуальный', 'беседа', 'веселиться', 'носить', 'завтрак', 'постель', 'белье', 'ранний', 'утро']"
1,1,1,1,1,1,1,1,1,1,1,1,1,1,1,1,1,1,0,1,1,0,"['максимально', 'сжатый', 'срок', 'помогать', 'белье', 'сильный', 'разбрызгиватель', 'вода']"
0,0,1,1,0,0,1,0,1,1,1,0,0,1,1,0,1,0,0,0,1,0,"['честер', 'нравиться', 'помятый', 'выглядеть', 'круто']"
1,1,0,1,1,1,1,1,1,1,1,1,1,1,1,1,1,1,1,1,1,0,"['знать', 'товарищ', 'сержант', 'каждый', 'день', 'обмундирование']"
1,0,1,1,1,1,1,1,1,1,1,1,0,1,1,1,1,1,0,1,1,0,"['женщина', 'тяжелый', 'неудобный', 'утюг']"
1,0,1,1,1,1,1,1,1,1,1,1,0,1,1,1,1,1,0,1,1,0,"['единственный', 'женщина', 'аэродром', 'хильда', 'кормить', 'летчик', 'штопать', 'носок', 'брюки', 'стирать', 'белье']"
0,1,1,1,0,0,0,0,0,0,0,0,1,0,1,0,0,0,0,0,0,0,"['обрабатывать', 'край']"
1,1,1,1,1,1,1,1,1,1,1,1,1,1,1,1,1,1,0,1,1,0,"['мужчина', 'смело', 'идти', 'бюро', 'добрый', 'услуга', 'пришивать', 'пуговица', 'рубашка', 'знакомство', 'знак-кавычки']"
1,1,1,1,1,1,1,1,1,1,1,1,0,0,1,1,1,1,0,1,1,0,"['помнить', 'часто', 'папин', 'рубашка', 'постельный', 'белье']"
1,1,1,1,1,1,1,1,1,1,1,1,1,1,1,1,1,1,0,1,1,0,"['смело', 'вещь', 'одевать', 'показ']"
1,1,1,1,1,1,1,1,1,1,1,1,1,1,1,1,1,1,0,1,1,0,"['изделие', 'шерсть', 'исключительно', 'влажный', 'ткань', 'специальный', 'режим', 'увлажнение', 'знак-кавычки']"
1,1,1,1,1,1,1,1,1,1,1,1,1,0,0,1,1,1,0,1,1,0,"['стирать', 'каждый', 'игра']"
0,0,0,1,0,0,1,0,1,1,0,0,0,0,1,0,1,0,1,0,1,0,"['шерстяной', 'ткань', 'утюг', 'увлажнитель', 'влажный', 'проутюжильник']"
1,1,1,1,1,1,1,1,1,1,1,1,1,1,1,1,1,1,0,1,1,0,"['любить', 'спать', 'чистый', 'отутюжить', 'простыня', 'простой', 'вещь', 'должный']"
1,1,1,1,1,1,1,1,1,1,1,1,1,1,1,1,1,1,0,1,1,0,"['рано', 'каждый', 'простыночка', 'пододеяльник', 'убивать', 'масса', 'время', 'толк', 'никакой']"
1,0,1,1,1,1,1,1,1,1,1,1,0,1,1,1,1,1,0,1,1,0,"['ткань', 'шелк', 'вискоза', 'ацетатный', 'волокно', 'всухую', 'увлажнение', 'результат', 'достигнуть', 'быстро']"
0,0,0,1,0,0,0,0,0,0,0,0,0,1,1,0,0,0,0,0,0,0,['ткань']
0,0,0,1,0,0,0,0,0,0,0,0,1,0,1,0,0,0,0,0,0,0,"['шифон', 'съеживаться', 'соприкосновение', 'вода', 'утюг', 'увлажнитель']"
1,0,1,0,1,1,1,1,0,1,1,1,0,1,0,1,1,1,0,1,1,0,"['ткань', 'слабо', 'нагреть', 'утюг']"
1,1,1,1,1,1,1,1,1,1,1,0,1,0,0,0,1,0,1,0,1,0,"['ткань', 'увлажнение', 'образовываться', 'неисчезающий', 'развод']"
1,1,0,1,1,1,1,1,1,1,1,0,1,1,1,0,1,0,0,0,1,0,"['вышеназванный', 'ткань', 'изнаночный', 'сторона', 'сухой', 'проутюжильник', 'умеренно', 'нагреть', 'утюг']"
1,0,1,1,1,1,0,1,0,0,0,1,1,0,0,1,0,1,0,1,0,0,"['одежда', 'больной', 'часто', 'проветривать', 'солнце']"
0,0,1,1,0,0,0,0,0,0,0,0,0,0,1,0,0,0,0,0,0,0,"['трикотаж', 'тереть', 'рука', 'выкручивать']"
1,1,1,1,1,1,1,1,1,1,1,1,1,1,1,1,1,1,1,1,1,0,"['лучший', 'разглаживание', 'белье', 'следовать', 'влажный']"
1,1,0,0,1,1,1,1,1,1,1,1,0,1,0,1,1,1,0,1,1,0,"['белье', 'бязь', 'прочно', 'долговечный', 'стирать', 'трудно', 'ситец', 'батист']"
1,0,0,0,1,1,0,1,0,0,0,0,0,0,0,0,0,0,0,0,0,0,"['мытье', 'споласкивать', 'сырой']"
0,1,0,1,0,0,0,0,0,0,0,0,0,0,1,0,0,0,0,0,0,0,"['приобретать', 'данный', 'предмет', 'мебель', 'больше', 'заботиться', 'костюм', 'каждый', 'желание', 'надеть', 'работа', 'деловой', 'встреча']"
0,0,1,0,0,0,0,0,0,0,0,0,1,1,0,0,0,0,0,0,0,0,"['мама', 'готовить', 'кухня', 'делать', 'уборка', 'соседний', 'комната', 'стирать', 'момент', 'малыш', 'спать']"
1,1,0,0,1,1,1,1,1,1,1,0,0,0,0,0,1,0,0,0,1,0,"['данный', 'изделие', 'достаточно', 'прочный', 'трудно', 'стирать']"
0,0,1,1,0,0,0,0,0,0,0,0,0,0,1,0,0,0,1,0,0,0,"['край', 'который', 'пришить', 'заканчивать', 'ряд', 'вспомогательный', 'нить', 'отплетать', 'деталь', 'примеривать', 'лицевой', 'сторона', 'изделие']"
0,0,0,0,0,0,0,0,0,0,0,1,0,1,0,1,0,1,0,1,0,0,"['гладить', 'одежда', 'ремонтировать', 'реставрировать', 'наиболее', 'изношенный', 'место']"
0,0,1,0,0,0,0,0,0,0,0,0,0,1,0,0,0,0,0,0,0,0,"['шерсть', 'легко', 'садиться', 'влажный', 'ткань', 'изнанка']"
0,1,1,0,0,0,0,0,0,0,0,0,1,1,1,0,0,0,0,0,0,0,"['шерстяной', 'трикотаж', 'вытянуться', 'слегка', 'увлажнить', 'умеренно', 'нагреть', 'утюг', 'тонкий', 'влажный', 'ткань']"
1,0,1,1,1,1,0,1,0,1,1,1,1,1,1,1,0,1,0,1,0,0,"['мужской', 'брюки', 'гладить', 'следующий', 'образ']"
0,0,1,0,0,0,0,0,0,0,0,0,0,0,0,0,0,0,0,0,0,0,"['пузырь', 'колено', 'мокрый', 'ткань', 'прикладывать', 'убирать', 'утюг', 'пора', 'исчезнуть', 'выпуклость', 'знак-кавычки']"
1,1,1,0,1,1,1,1,1,1,1,1,0,0,0,1,1,1,0,1,1,0,"['брюки', 'следовать', 'сложить', 'наружный', 'шаговый', 'шов', 'совпадать', 'сильный', 'нажим', 'плотный', 'мокрый', 'ткань', 'который', 'пересушивать', 'вызвать', 'появление', 'нежелательный', 'блеск']"
1,0,1,0,1,1,1,1,1,0,0,0,0,0,0,0,1,0,0,0,1,0,"['случай', 'растянутый', 'шов', 'мокрый', 'тряпка', 'горячий', 'утюг', 'время', 'прижимать', 'наружный', 'давать', 'пара', 'пропитать', 'ткань', 'гладильный', 'стать', 'совершенно', 'сухой']"
0,0,1,1,0,0,0,0,0,0,0,1,0,1,1,1,0,1,1,1,0,0,"['готовый', 'брюки', 'влажный', 'ткань']"
1,1,1,0,1,1,1,1,1,1,1,1,0,0,0,1,1,1,1,1,1,0,"['принести', 'темно-синий', 'серый', 'пиджак', 'который']"
1,1,1,0,1,1,1,1,1,1,1,1,1,1,0,1,1,1,0,1,1,0,"['долго', 'ограждать', 'инфекция', 'ничто', 'хороший', 'достаточно', 'один', 'день', 'сторона']"
1,0,1,1,1,1,1,1,1,1,1,1,1,1,1,1,1,1,0,1,1,0,"['приходиться', 'форма']"
1,1,1,0,1,1,1,1,1,1,1,1,1,1,0,1,1,1,0,1,1,0,"['носить', 'блузка', 'удобно', 'правда', 'подгонять', 'фигура', 'форма', 'трусики', 'стринг', 'любить', 'одежда', 'выделяться', 'белье', 'конкретно', 'нравиться', 'возникать', 'один', 'вопрос', 'жабо', 'выглядеть', 'хрустеть', 'накрахмалить', 'казаться', 'стирка']"
1,0,1,1,1,1,1,1,1,1,1,1,0,1,1,1,1,1,1,1,1,0,"['ткань', 'проходить', 'год', 'испытание', 'младший', 'офицер', 'советский', 'армия', 'вести', 'прекрасно', 'тщательно', 'выцветать', 'долго', 'мяться', 'знак-кавычки']"
1,1,1,1,1,1,1,1,1,1,1,1,0,0,1,1,1,1,1,1,1,0,"['шерстяной', 'отпаривать', 'полушерстяной', 'льняной']"
1,0,1,1,1,1,1,1,1,1,1,1,0,1,1,1,1,1,0,1,1,0,"['синтетика', 'отпаривать']"
1,1,1,1,1,1,1,1,1,1,1,1,0,1,1,1,1,1,0,1,1,0,"['трикотаж', 'изнанка']"
1,1,1,1,1,1,1,1,1,1,1,1,1,1,1,1,1,1,1,1,1,0,"['горничная', 'опыт', 'работа', 'семья', 'гостиница', 'поддерживать', 'квартира', 'загородный', 'дом', 'безупречный', 'чистота', 'стирать', 'белье', 'мыть', 'окно']"
1,0,1,1,1,1,1,1,0,1,0,1,1,1,1,1,1,1,0,1,1,0,"['лоскутный', 'набор', 'готовый', 'изделие', 'особенно', 'выстегать', 'желательно', 'отпарить', 'касаться', 'ткань']"
1,1,1,0,1,1,0,1,0,0,0,0,1,1,0,1,0,1,0,1,0,0,"['выкраивать', 'бейка', 'ширина', 'см', 'косая', 'поперечный', 'нить', 'вытягивать', 'длина']"
1,1,1,1,1,1,1,1,1,1,1,1,0,1,1,1,1,1,0,1,1,0,"['выкраивать', 'косая', 'поперечный', 'нить', 'ширина', 'см', 'вытягивать', 'длина', 'приметывать', 'готовый', 'присборить', 'оборка', 'сложить', 'лицевой', 'сторона', 'уровнять', 'срез']"
0,0,1,1,0,1,0,1,0,0,0,1,0,1,1,1,0,1,1,1,0,0,"['шов', 'ребро', 'подравнивать', 'ножницы', 'знак-кавычки']"
1,1,1,1,1,1,1,1,1,1,1,1,0,1,1,1,1,1,0,1,1,0,"['человек', 'мыть', 'голова', 'делать', 'прическа', 'выбирать', 'лучший', 'платье', 'костюм', 'дама', 'доставать', 'бабушкин', 'сережка', 'кавалер', 'слово', 'первый', 'последний', 'жизнь', 'завязывать', 'галстук']"
1,0,1,1,1,1,1,1,1,1,1,1,0,1,1,1,1,1,0,1,1,0,"['ткань', 'вид', 'запретить']"
1,0,1,1,1,1,1,1,1,1,1,1,0,1,1,1,1,1,0,1,1,0,"['ателье', 'деликатный', 'ткань', 'толстый', 'мягкий', 'основа', 'влажный', 'отпарк', 'применить', 'большой', 'махровый', 'полотенце', 'слой', 'важно', 'получаться', 'хорошо', 'мохер', 'парогенератор']"
1,1,1,1,1,1,1,1,1,1,1,1,1,1,1,1,1,1,0,1,1,0,"['засунуть', 'лист', 'бумага', 'обычно']"
1,1,1,1,1,1,1,1,1,1,1,1,0,1,1,1,1,1,0,1,1,0,"['лен', 'хлопок', 'шерсть', 'лиолен', 'следовать', 'увлажнить']"
1,0,1,0,1,1,1,1,1,1,1,1,0,1,1,1,1,1,1,1,1,0,"['ткань', 'ворс', 'бархат', 'плюш', 'мягкий', 'драп', 'велюр', 'т.', 'п.', 'изнаночный', 'сторона', 'сильный', 'нажим', 'щетка', 'пар', 'заключительный', 'утюжка', 'сухой', 'делать', 'осторожно', 'оставить', 'ласа']"
0,0,1,1,0,0,0,0,0,0,0,0,0,1,1,0,0,1,0,0,0,0,"['волос', 'вытягивать', 'фен', 'высокий', 'мощность']"
1,1,1,1,1,1,1,1,1,1,1,1,1,1,1,1,1,1,1,1,1,0,"['придтись', 'наряд', 'репетировать', 'песня', 'пляска', 'прикидываться', 'волшебница']"
1,1,1,1,1,1,1,1,1,1,1,1,1,1,1,1,1,1,0,1,1,0,"['помощница', 'фотограф', 'ангельский', 'платье', 'изрядно', 'помятый', 'дорога', 'знак-кавычки']"
1,0,1,0,1,1,1,1,1,1,1,1,0,1,0,1,1,1,1,1,1,0,"['перерыв', 'куховарство', 'убирать', 'квартира', 'стирать']"
1,0,1,1,1,1,1,1,1,1,1,1,0,1,1,1,1,1,0,1,1,0,"['натуральный', 'шелк', 'нейлон', 'горячий', 'утюг', 'высокий', 'температура', 'применять', 'глажка', 'искусственный']"
1,1,1,1,1,1,1,1,1,1,1,1,1,1,1,1,1,1,1,1,1,0,"['каждый', 'фрагмент', 'следовать', 'внешний', 'внутренний', 'сторона']"
1,1,1,1,1,1,1,1,1,1,1,1,1,1,1,1,1,1,0,1,1,0,"['проблема', 'волос', 'тонкий', 'легкое', 'жалко']"
0,0,1,1,0,1,1,1,1,1,1,1,0,1,1,1,1,1,0,1,1,0,"['конни', 'суетиться', 'вокруг', 'белье', 'пришивать', 'пуговица', 'аккуратно', 'складывать', 'брюки']"
1,1,1,0,1,1,1,1,1,1,1,1,1,1,1,1,1,1,0,1,1,0,['стрелка']
1,0,0,0,1,1,0,1,0,0,0,1,0,0,0,1,0,1,0,1,0,0,"['разогрев', 'утюг', 'максимум', 'начинать', 'равномерно', 'плавно', 'сторона', 'медь', 'хорошо', 'прижимать']"
0,0,1,0,0,0,0,0,0,0,0,0,0,1,0,0,0,0,0,0,0,0,"['подобать', 'честный', 'фраер', 'опрятный', 'чисто', 'выбрить', 'постоянно', 'стирать', 'тщательно', 'роба', 'полировать', 'тяжелый', 'зековский', 'говнодав', 'знак-кавычки']"
0,1,1,0,0,0,0,0,0,0,0,0,0,1,0,0,0,0,0,0,0,0,"['вспоминать', 'подробность', 'смешной', 'костюм', 'брюки', 'класть', 'матрац', 'вес']"
0,0,1,0,0,0,0,0,0,0,0,0,0,1,0,0,0,0,0,0,0,0,"['погода', 'довольно', 'долго', 'благоволить', 'враг', 'американский', 'бреющий', 'полет', 'позиция']"
0,0,1,1,0,0,0,0,0,0,0,0,0,0,1,0,0,0,0,0,0,0,"['памперс', 'время', 'ребенок', 'хныкать', 'часто', 'мать', 'пеленка', 'стирать', 'сушить', 'помощь', 'четверолапый']"
0,0,0,0,0,0,0,0,0,0,0,0,1,0,0,0,0,0,0,0,0,0,"['высушить', 'комната', 'батарея', 'белье', 'удобно', 'современный', 'гладильный', 'доска']"
0,1,0,0,0,0,0,0,0,0,0,0,1,0,0,0,0,0,1,0,0,0,"['например', 'поинтересоваться', 'долго', 'кофточка', 'появляться', 'складочка']"
0,0,0,0,0,0,0,0,0,0,0,0,0,0,0,0,0,0,0,0,0,0,"['правило', 'хранение', 'галстук', 'должный', 'висеть', 'развязать']"
0,1,0,0,0,0,0,0,0,0,0,0,0,0,0,0,0,0,0,0,0,0,"['деваться', 'решить', 'оказать', 'должный', 'внимание', 'купить', 'большой', 'букет', 'красивый', 'роза', 'привести', 'полный', 'боевой', 'порядок', 'сходить', 'парикмахерская', 'долго', 'наряд', 'смотреться', 'ведущий', 'программа', 'взгляд', 'знак-кавычки']"
0,0,0,0,0,0,1,0,0,0,0,0,0,0,0,0,1,0,0,0,0,0,"['клеевой', 'прокладка', 'раскрой', 'следовать']"
0,0,0,0,0,0,0,0,0,0,0,0,0,0,1,0,0,0,0,0,0,0,"['продекатировать', 'ткань', 'следовать', 'направление', 'долевой', 'нить', 'хлопчатобумажный', 'проутюжельник', 'калька']"
1,0,0,0,1,1,1,1,1,1,1,1,0,0,0,1,1,1,1,1,1,0,"['следовать', 'тщательно', 'стирать', 'хорошо', 'мыло', 'наружный', 'внутренний', 'сторона']"
0,0,1,0,0,0,0,0,0,0,0,0,0,1,0,0,0,0,0,0,0,0,"['кудри', 'выпрямлять', 'локон', 'устраивать', 'особа', 'экстравагантный', 'волос', 'завивать', 'зависимость', 'настроение', 'знак-кавычки']"
1,0,0,0,1,1,1,0,1,1,1,0,0,0,0,0,1,0,0,0,1,0,"['юбка', 'платье', 'безупречный', 'вид', 'который', 'необходимо', 'постоянно', 'следить', 'чистить', 'стирать', 'крахмалить', 'бережно', 'хранить']"
0,0,1,0,0,0,0,0,0,0,0,0,0,1,1,0,0,0,0,0,0,0,"['некоторые', 'наверняка', 'гладильный', 'доска', 'вакуум', 'вид', 'ткань']"
0,1,0,0,0,0,0,0,0,0,0,0,1,0,0,0,0,0,1,0,0,0,"['значит', 'обязанный', 'твой', 'тряпка', 'искать', 'театр']"
0,0,1,1,0,0,0,0,0,0,0,1,0,1,1,1,0,1,0,1,0,0,"['полоса', 'сшивать', 'лицевой', 'последовательность', 'показать', 'рисунок', 'шов']"
0,0,0,0,0,0,0,0,0,0,0,0,1,0,0,0,0,0,1,0,0,0,"['особый', 'аккуратность', 'работа', 'требовать', 'шелковый', 'ткань', 'раскраивать', 'сшивать', 'элемент', 'шелк', 'осторожно', 'вещь', 'горячий', 'утюг', 'желательно', 'использование', 'специальный', 'чехол']"
1,0,1,1,0,1,1,1,1,1,1,0,0,0,0,0,1,1,0,1,1,0,"['единственный', 'минус', 'лен', 'сильно', 'мяться', 'льняной', 'изделие', 'легко', 'просто']"
0,0,0,0,0,0,0,0,0,0,0,0,0,0,0,0,0,0,0,0,0,0,"['хорошо', 'лен', 'хлопок', 'джинсовый', 'ткань', 'слегка', 'увлажнить', 'состояние']"
0,0,0,1,0,0,0,0,0,0,0,0,0,0,1,0,0,0,1,0,0,0,"['изделие', 'шерсть', 'изнаночный', 'сторона', 'желательно', 'использовать', 'подкладка', 'лен', 'бязь']"
0,0,1,1,0,0,0,0,0,0,0,0,1,0,1,0,0,0,1,0,0,0,"['ночь', 'мама', 'форма', 'который', 'двенадцатилетний', 'сестра', 'носить', 'первый', 'класс']"
0,0,0,0,0,0,0,0,0,0,0,0,0,0,0,0,0,0,1,0,0,0,"['одежда', 'выгладить', 'хруст', 'день', 'помять', 'как будто']"
0,0,1,0,0,0,0,0,0,0,0,0,0,0,0,0,0,0,1,0,0,0,"['наволочка', 'каждый', 'сон', 'лечение', 'хорошо', 'выбросить', 'белье']"
0,0,1,0,0,0,0,0,0,0,0,0,1,1,0,0,0,0,1,0,0,0,"['зося', 'бешено', 'выстирать', 'вчера', 'белье', 'непрерывно', 'бормотать', 'нос']"
0,0,0,0,0,0,0,0,0,0,0,0,0,0,0,0,0,0,1,0,0,0,"['воротник', 'подкладка', 'складывать', 'лицевой', 'сторона', 'внутрь', 'прометывать', 'прострачивать', 'отступить', 'см', 'обрезный', 'край', 'оставлять', 'незастрочить', 'линия', 'пришив', 'шов', 'расправлять', 'выворачивать', 'перекантовка']"
1,1,1,1,1,1,1,1,1,1,1,1,1,0,1,1,1,1,1,1,1,0,"['шов', 'расправлять', 'выворачивать', 'лицевой', 'сторона', 'прометывать', 'край', 'пришивать', 'сутаж', 'машина', 'вручную']"
1,1,1,1,1,1,1,1,1,1,1,1,1,1,1,1,1,1,1,1,1,0,"['слушать', 'причитание', 'диксон', 'надеяться', 'выказать', 'сочувствие', 'помешать', 'излить', 'жалоба', 'миссис', 'хейл']"
1,1,0,1,1,1,1,1,0,0,1,1,1,1,1,1,1,1,1,1,1,0,"['стирать', 'использовать', 'неоднократно']"
1,1,0,0,1,1,1,1,1,1,1,1,1,0,0,1,1,1,1,1,1,0,"['изделие', 'влажный', 'ткань']"
1,1,1,1,1,1,1,1,1,1,1,1,1,0,0,1,1,1,1,1,1,0,"['трикотаж', 'досуха']"
1,1,1,0,1,1,1,1,1,1,1,1,1,1,1,1,1,1,1,1,1,0,"['шерстяной', 'вещь', 'сесть', 'необходимо', 'изнаночный', 'сторона', 'влажный', 'марля']"
1,1,1,1,1,1,1,1,1,1,1,1,1,1,1,1,1,1,1,1,1,0,"['вещь', 'синтетический', 'пряжа']"
1,1,1,1,1,1,1,1,1,1,1,1,1,1,1,1,1,1,1,1,1,0,"['касаться', 'мохеровый', 'изделие', 'хорошо', 'разложить', 'сушка', 'ровно', 'появиться', 'складка']"
0,1,1,1,0,0,1,0,1,1,1,0,1,1,1,0,1,0,1,0,1,0,"['изделие', 'хлопчатобумажный', 'льняной', 'пряжа']"
1,1,1,1,1,1,1,1,1,1,1,1,1,1,1,1,1,1,1,1,1,0,"['швейный', 'мастерская', 'ребята', 'шить']"
0,0,1,0,0,0,0,0,0,0,0,0,0,1,0,0,0,0,1,0,0,0,"['один', 'мять', 'жизнь', 'валять', 'мочить', 'сушить']"
1,1,1,1,1,1,1,1,1,1,1,1,1,1,1,1,1,1,1,1,1,0,"['первый', 'ребенок', 'пеленка', 'сторона', 'второй', 'чистый', 'сухой', 'вполне', 'достаточно', 'разница', 'ощутить', 'м', 'знак-кавычки']"
1,0,1,1,1,1,1,1,1,1,1,1,0,1,1,1,1,1,1,1,1,0,"['обычный', 'ткань', 'стирать', 'время', 'прочный', 'дешевый', 'изготовление', 'подобно']"
1,1,1,1,1,1,1,1,1,1,1,1,1,1,1,1,1,1,1,1,1,0,"['мануфактура', 'разглаживать', 'сильно', 'нагреть', 'подошва', 'простой', 'утюг', 'использование', 'опция', 'наддув', 'подвесить', 'вещь', 'паровой', 'дотрагиваться', 'ткань', 'знак-кавычки']"
1,1,1,1,1,1,1,1,1,1,1,1,1,1,1,1,1,1,1,1,1,0,"['многие', 'гладильный', 'пресс', 'утюг', 'изделие', 'например', 'прием', 'сначала', 'левый', 'часть', 'многий', 'вместе', 'доска', 'арробабруйск', 'служить']"
1,0,1,1,1,1,1,1,1,1,1,1,1,1,1,1,1,1,1,1,1,0,"['вязаный', 'полотно', 'досуха']"
1,1,1,1,1,1,1,1,1,1,1,1,1,1,1,1,1,1,1,1,1,0,"['утюг', 'увлажнитель', 'обязательно', 'изнаночный', 'сторона', 'действие', 'горячий', 'тепло', 'вискозный', 'волокно', 'изменять', 'цвет']"
1,1,1,1,1,1,1,1,1,1,1,1,1,1,1,1,1,1,1,1,1,0,"['волос', 'здоровый', 'желательно', 'иметь', 'запас', 'щадить', 'режим', 'знак-кавычки']"
1,1,1,1,1,1,1,1,1,1,1,1,1,1,1,1,1,1,1,1,1,0,"['понравиться', 'традиция', 'гладить', 'вещь']"
1,0,0,1,1,1,1,1,1,1,1,1,1,0,1,1,1,1,1,1,1,0,"['волос', 'смерть', 'спасибо', 'пробовать', 'правда', 'ничто', 'перечисленный']"
1,1,1,1,1,1,1,1,1,1,1,1,1,1,1,1,1,1,1,1,1,0,"['следующий', 'утро', 'встать', 'рано', 'долго', 'сарафан', 'который', 'надевать', 'пир', 'мир', 'добрый', 'человек']"
0,1,1,1,0,0,1,0,1,1,1,0,1,1,1,0,1,1,1,1,1,0,"['структура', 'ткань', 'достаточно', 'устойчивый', 'полотняный', 'переплетение', 'стирать', 'следовать', 'осторожно']"
1,1,1,0,1,1,1,1,1,1,1,1,1,1,0,1,1,1,1,1,1,0,"['готовый', 'рубашка', 'самостоятельно', 'мужчина', 'делать', 'плохо', 'готовить', 'ужин', 'хорошо', 'произведение', 'искусство', 'ежедневный', 'занятие', 'заботливо', 'метаться', 'постель', 'больной', 'пустяшный', 'температура', 'замужний', 'дама', 'известно', 'начинаться', 'мысль', 'наследник', 'завещание', 'надгробный', 'речь']"
1,0,1,0,1,1,1,1,1,1,1,1,1,1,1,1,1,1,1,1,1,0,"['каждый', 'квадратик', 'складывать', 'диагональ', 'изнанка', 'внутрь']"
1,1,1,1,1,1,1,1,1,1,1,1,1,1,1,1,1,1,1,1,1,0,"['получиться', 'треугольник', 'перегибать', 'пополам']"
1,1,1,1,1,1,1,1,1,1,1,1,1,1,1,1,1,1,1,1,1,0,"['нарезать', 'прямоугольный', 'лоскут', 'один', 'длинный', 'сторона', 'ткань', 'загибать', 'изнаночный', 'см']"
0,0,1,0,0,0,0,0,0,0,0,0,1,1,1,0,0,0,1,0,0,0,"['отгибать', 'угол', 'средний', 'линия', 'прямоугольный', 'лоскуток', 'шов', 'центр']"
1,0,1,1,1,1,1,1,1,1,1,1,1,1,1,1,1,1,1,1,1,0,"['отмечать', 'средний', 'линия', 'подворачивать', 'ткань']"
0,0,1,1,0,0,0,0,0,0,0,0,1,1,1,0,0,0,1,0,0,0,"['складывать', 'лоскуток', 'пополам', 'шов', 'сбоку']"
0,0,0,0,0,0,0,0,0,0,0,0,0,0,0,0,0,0,1,0,0,0,"['каждый', 'ряд', 'тщательно']"
0,0,0,1,0,0,1,0,1,1,1,0,1,0,0,0,1,0,1,0,1,0,"['уложить', 'последний', 'ряд', 'уголок', 'изделие', 'снова', 'подрезать', 'выступать', 'угол', 'окантовывать', 'кайма', 'вместе', 'подкладка']"
0,0,0,0,0,0,0,0,0,0,0,0,1,0,0,0,0,0,1,0,0,0,"['готовить', 'учить', 'посуда', 'правильно', 'мыть', 'стирать', 'белье']"
0,1,0,0,0,0,0,0,0,0,0,0,1,0,0,0,0,0,1,0,0,0,"['утюжок', 'кожа', 'изнаночный', 'сторона', 'умеренно', 'нагреть', 'утюг', 'пара', 'проутюжильник']"
0,1,0,0,0,0,0,0,0,0,0,0,1,0,0,0,0,0,1,0,0,0,"['шерстяной', 'драповый', 'вещь']"
0,0,0,0,0,0,0,0,0,0,0,0,1,0,0,0,0,0,1,0,0,0,"['кожа', 'прессовать']"
1,1,0,0,1,1,0,1,0,0,0,0,1,0,0,0,0,0,1,0,0,0,"['готовый', 'куртка', 'очищать', 'наметка', 'пыль', 'отутюживать', 'сначала', 'шов', 'рукав', 'плечевой', 'манжета', 'карман', 'основа', 'воротник']"
0,0,1,1,0,0,0,0,0,1,1,0,1,0,0,0,0,0,1,0,0,0,"['последовательно', 'порядок', 'карман', 'листочек', 'плечо', 'окат', 'рукав', 'вытачка', 'низ', 'пиджак', 'лацкан', 'воротник', 'борт']"
0,0,0,0,0,0,0,0,0,0,0,0,1,0,0,0,0,0,1,0,0,0,"['мягкий', 'игрушка', 'очищать', 'пыль', 'неделя', 'хорошо', 'пылесос', 'стирать', 'стоять']"
1,0,0,1,1,1,1,1,1,1,1,1,1,0,1,1,1,0,1,0,1,0,"['льняной', 'полотно', 'горячий', 'утюг', 'увлажнитель', 'проутюжильник']"
0,0,0,1,0,0,1,0,1,1,1,0,1,0,1,0,1,0,1,0,1,0,"['первый', 'примерка', 'место', 'стачка', 'который', 'получаться', 'недостаточный', 'ширина', 'ткань', 'надтачок', 'рукав', 'клин', 'юбка', 'пр']"
0,1,0,1,0,0,1,0,1,1,1,0,1,0,1,0,1,0,1,0,1,0,"['обработка', 'деталь', 'изделие', 'рекомендоваться', 'сострочить', 'шов']"
0,0,0,0,0,0,0,0,0,0,0,0,0,0,0,0,0,0,0,0,0,0,"['нижний', 'край', 'изделие', 'мягкий', 'шов', 'отпечататься', 'лицевой', 'сторона']"
0,0,0,0,0,0,0,0,0,0,0,0,1,0,0,0,0,0,1,0,0,0,"['перекос', 'неравномерный', 'растяжение', 'прямой', 'нить', 'изделие']"
1,0,0,1,1,1,0,1,0,1,1,1,1,0,0,1,1,1,1,1,1,0,"['изделие', 'шерстяной', 'ткань', 'капроновый', 'волокно', 'хорошо', 'сильно', 'нагреть', 'утюг', 'мокрый', 'тряпка', 'смочить', 'вода', 'который', 'добавить', 'уксус', 'мыло']"
0,0,0,0,0,0,0,0,0,0,0,0,1,0,0,0,0,0,1,0,0,0,"['изделие', 'натуральный', 'шелк', 'увлажнение', 'сильно', 'нагреть', 'утюг', 'который', 'следовать', 'держать', 'долго', 'один', 'место']"
0,0,0,0,0,0,0,0,0,0,0,0,1,0,0,0,0,0,1,0,0,0,"['изделие', 'искусственный', 'шелк', 'изнаночный', 'сторона', 'ласа', 'держать', 'долго', 'утюг', 'один', 'место']"
0,0,0,1,0,0,0,0,0,0,0,0,1,0,1,0,0,0,1,0,0,0,"['вынимать', 'раскладывать', 'тепленький', 'некоторый', 'вещь', 'сушилка', 'забивать', 'встряхивать', 'мокрый', 'положить', 'распрямиться', 'выйти', 'совсем', 'пожамканый']"
1,1,0,0,1,0,1,0,1,1,1,0,1,0,0,0,1,0,1,0,1,0,"['натуральный', 'кожа']"
0,0,0,0,0,0,0,0,0,0,0,1,1,0,0,1,0,0,1,0,0,0,"['стирка', 'шерстяной', 'вещь', 'деталь', 'крой', 'слегка', 'отжимать', 'сторона', 'который', 'изнаночный', 'предпочтительно', 'нить', 'основа']"
1,1,1,0,1,1,1,1,1,1,1,0,1,0,0,0,1,0,1,0,1,0,"['необходимо', 'каждый', 'прострочить', 'шов']"
0,0,0,0,0,0,0,0,0,0,0,0,1,1,0,0,0,0,1,0,0,0,"['изделие', 'легко', 'делать', 'необходимый', 'влажный']"
0,1,0,0,0,0,0,0,0,0,0,0,1,0,0,0,0,0,1,0,0,0,"['рекомендовать', 'трикотажный', 'товар', 'воздушный', 'подушка', 'вручную', 'знак-кавычки']"
0,1,0,0,0,0,1,0,1,1,1,0,1,0,0,0,1,0,1,0,1,0,"['внутренний', 'часть', 'изделие']"
0,1,0,0,0,0,0,0,0,0,0,0,1,0,0,0,0,0,1,0,0,0,"['глаз', 'титов', 'отразиться', 'скорбь', 'мир', 'перестирывать', 'кипятить', 'знак-кавычки']"
1,1,0,0,1,1,0,1,0,0,0,1,1,0,0,1,0,1,1,1,0,0,"['часто', 'стирать', 'постельный', 'белье', 'температура', 'высокий', 'градус', 'сторона', 'бояться', 'клещ', 'ультрафиолетовый', 'луч', 'сухой', 'помещение']"
1,1,0,1,1,1,1,1,1,1,1,1,1,0,0,1,1,1,1,1,1,0,"['верхний', 'деталь', 'лиф', 'рукав', 'чертеж', 'ткань', 'трикотаж', 'связать', 'крючок', 'ст']"
1,0,0,0,1,1,1,1,1,1,1,1,1,0,0,1,1,1,1,1,1,0,"['замечательный', 'вещь', 'получаться', 'наборный', 'полоса', 'барджело', 'прямоугольный', 'полоска', 'конус']"
1,0,1,1,1,1,0,1,0,0,0,1,1,1,1,1,0,1,1,1,0,0,"['следующий', 'совет', 'прием', 'помочь', 'косой', 'полоска', 'окантовка', 'обтачка', 'вытачный', 'шнур', 'другой', 'деталь', 'легко', 'быстро']"
1,1,0,1,1,1,1,1,1,1,1,1,1,0,1,1,1,1,1,1,1,0,"['сказка', 'купец', 'интересоваться', 'шапка', 'овечий', 'шкура']"
0,1,1,1,0,0,1,0,1,0,1,0,1,1,1,0,1,0,1,0,1,0,"['одновременно', 'деталь', 'крыло', 'флизелин', 'выглядеть', 'объемный']"
0,1,1,1,0,0,1,0,0,1,1,0,1,1,1,0,0,0,1,0,1,0,"['юбка', 'основа', 'выкройка', 'самый', 'обычный', 'карандаш']"
1,1,0,0,1,1,1,1,1,1,1,1,1,1,1,1,1,1,1,1,1,0,"['яхта', 'нести', 'парус', 'штормовой', 'стаксель', 'обликованный', 'вокруг', 'полный', 'оказаться', 'бесполезный', 'лавировочный']"
1,0,0,1,1,0,1,0,1,1,0,1,1,0,1,1,1,1,1,1,1,0,"['уметь', 'левый', 'рукав']"
0,1,0,0,0,0,0,0,0,0,0,0,1,0,0,0,0,0,1,0,0,0,"['оставить', 'припуск', 'шов', 'объем']"
1,0,1,1,1,1,1,1,1,1,1,1,1,1,1,1,1,1,1,1,1,0,"['большинство', 'деталь', 'кроватка', 'цельный', 'древесина']"
1,1,0,1,1,1,1,1,1,1,1,1,1,0,1,1,1,1,1,1,1,0,"['речь', 'идти', 'лоскутный', 'шитье', 'следовать', 'тщательно', 'продумать', 'месторасположение', 'предмет', 'другой', 'ткань', 'деталь', 'заполнение', 'остаться', 'пространство']"
1,1,1,1,1,1,1,1,1,1,1,1,1,1,1,1,1,1,1,1,1,0,"['полиэтилен', 'кожа', 'согнуть', 'металлический', 'лента', 'обшить']"
0,1,1,0,0,0,0,0,0,0,0,1,1,1,1,1,0,1,1,1,0,0,"['левый', 'часть', 'перед', 'припуск', 'заход', 'застежка', 'равный', 'см', 'правый', 'шов']"
1,1,1,1,1,1,1,1,1,1,1,0,1,1,0,1,1,1,1,1,1,0,"['деталь', 'вместе', 'мешковина', 'карман']"
0,1,0,1,0,0,0,0,0,0,0,0,1,0,1,0,0,0,1,0,0,0,"['спинка', 'вариант', 'разрезать', 'деталь', 'выкройка', 'рукав', 'раздвинуть', 'часть', 'драпировка', 'передний', 'рисунок']"
1,1,1,1,1,1,1,1,1,1,1,1,1,1,1,1,1,1,1,1,1,0,"['кожа', 'полиэтилен', 'согнуть', 'металлический', 'лента', 'обшить', 'аккуратно', 'сшить']"
1,1,1,1,1,1,1,1,1,1,1,1,1,1,1,1,1,1,1,1,1,0,"['нужный', 'количество', 'одинаковый', 'деталь', 'допустить', 'припуск', 'шов', 'см']"
1,1,1,0,1,1,1,1,1,1,1,1,1,1,0,1,1,1,1,1,1,0,"['обрезать', 'ткань', 'пояс', 'прострочить', 'отделочный', 'строчка']"
0,0,0,1,0,0,0,0,0,0,0,0,1,0,1,0,0,0,1,0,0,0,"['деталь', 'оформление', 'дека', 'картон']"
1,1,1,1,1,1,1,1,1,1,1,1,1,1,1,1,1,1,1,1,1,0,"['полоса', 'картон', 'один', 'размер', 'см', 'второй', 'припуск']"
1,0,0,1,1,0,1,0,1,1,1,0,1,1,1,0,1,0,1,0,1,0,"['деталь', 'головка', 'гриф', 'снизу', 'делать', 'припуск']"
1,1,1,1,1,1,1,1,1,1,1,1,1,1,1,1,1,1,1,1,1,0,"['картонный', 'полоса', 'длина', 'равный', 'край', 'головка', 'гриф', 'низ', 'припуск']"
1,1,0,0,1,1,1,1,1,1,1,1,1,1,1,1,1,1,1,1,1,0,"['замша', 'полоса', 'соответствующий', 'размер', 'см']"
1,1,1,1,1,1,1,1,1,1,1,1,1,1,1,1,1,1,1,1,1,0,"['заливать', 'тонкий', 'слой', 'жидкий', 'латекс', 'марка', 'ревультекс', 'горизонтально', 'лежать', 'огромный', 'стекло', 'давать', 'жидкость', 'засохнуть', 'получать', 'листовой', 'который', 'деталь', 'будущее', 'предмет', 'одежда']"
0,1,1,1,0,0,1,0,1,1,1,0,1,1,1,0,1,0,1,0,1,0,"['изнаночный', 'сторона', 'подушка', 'сшивать', 'лицевой', 'часть', 'хорошо', 'отутюживать', 'решить', 'укрепить', 'вышивка', 'флизелин']"
1,0,1,0,1,1,1,1,1,1,1,1,1,1,1,1,1,1,1,1,1,0,"['синий', 'трикотаж', 'деталь', 'перед', 'лиф', 'сгиб', 'спинка', 'рукав', 'припуск', 'ширина', 'см', 'нижний', 'срез']"
1,1,1,1,1,1,1,1,1,1,1,1,1,1,1,1,1,1,1,1,1,0,"['белый', 'шелк', 'деталь', 'воротник', 'припуск', 'ширина', 'см']"
1,0,1,0,1,1,1,1,1,1,1,1,1,1,0,1,1,1,1,1,1,0,"['синий', 'трикотаж', 'деталь', 'сгиб', 'обтачка', 'горловина', 'припуск', 'внутренний', 'срез']"
0,1,0,1,0,0,0,0,0,0,1,0,1,0,1,0,1,0,1,0,1,0,"['вариант', 'красиво', 'смотреться', 'косая', 'деталь', 'ткань', 'клетка']"
1,1,0,0,1,1,1,1,1,1,1,1,1,0,0,1,1,1,1,1,1,0,"['красный', 'искусственный', 'кожа', 'стелька', 'см', 'схема', 'го', 'размер', 'нога', 'полоска', 'см', 'коричневый', 'цвет']"
0,1,1,1,0,1,1,1,1,1,1,1,0,1,1,1,1,1,0,1,1,0,"['полиэтиленовый', 'пленка', 'скатерть', 'иметься', 'достаток', 'девушка', 'некий', 'подобие', 'гидрокостюм']"
1,1,1,1,1,1,1,1,1,1,1,1,1,1,1,1,1,1,0,1,1,0,"['заготовка', 'деталь', 'сумка', 'спинка', 'карман']"
1,0,1,1,1,1,1,1,1,1,1,1,0,1,1,1,1,1,0,1,1,0,"['забыть', 'корешок', 'оставить', 'место', 'пришивание', 'лист', 'см', 'т.е.']"
1,1,0,0,1,1,1,1,1,1,1,1,1,0,0,1,1,1,0,1,1,0,"['размер', 'подкладка', 'дублерин']"
1,1,1,1,1,1,1,1,1,1,1,1,0,1,1,1,1,1,1,1,1,0,"['омыватель', 'фара', 'ставить', 'второй', 'родной', 'бачок', 'фьюжик', 'рядом', 'первый', 'металл', 'жесть', 'подкладка', 'крепить', 'балка', 'крыло', 'жестяной', 'прокладка', 'обтягивать', 'термоусадка']"
0,1,0,0,0,0,0,0,0,0,1,1,0,0,0,1,0,1,0,1,0,0,"['ткань', 'квадрат', 'см', 'обрезать', 'строго', 'клетка', 'канва', 'знак-кавычки']"
1,1,1,1,1,1,1,1,1,1,1,1,0,1,1,1,1,1,0,1,1,0,"['косой', 'бейка', 'удобно', 'роликовый', 'нож', 'плотный', 'подложка', 'использование', 'длинный', 'линейка']"
0,0,1,1,0,0,0,0,0,0,0,0,0,1,1,0,0,0,0,0,0,0,"['брать', 'плотный', 'белый', 'бязь', 'деталь', 'прострачивать', 'машинка']"
1,0,1,1,1,1,1,1,1,1,1,1,1,1,1,1,1,1,0,1,1,0,"['перекос', 'вышивка', 'работа', 'стирка', 'располагать', 'долевой', 'нить', 'независимо', 'горизонтальный', 'картина', 'вертикальный']"
1,0,1,1,1,1,1,1,1,1,1,1,1,1,1,1,1,1,0,1,1,0,"['увидеть', 'пьер', 'встать', 'отложить', 'сторона', 'кусок', 'кожа', 'который', 'привычный', 'движение', 'заготовка', 'фартук', 'предложить', 'гость', 'табурет']"
0,1,1,1,0,0,0,0,0,0,0,1,0,1,1,1,1,0,0,0,1,0,"['прокладка', 'шнур', 'предусмотреть', 'продекатировать', 'полоска', 'окантовка']"
1,1,1,1,1,1,1,1,1,1,1,1,1,1,0,1,1,1,0,1,1,0,"['пластина', 'обрезать', 'некоторый', 'запас', 'величина', 'рисунок', 'простой', 'открытый', 'коробка']"
1,1,1,1,1,1,1,1,1,1,1,1,1,1,1,1,1,1,0,1,1,0,"['довольно', 'большой', 'лоскут', 'кожа', 'голень', 'бедро', 'другой', 'нижний', 'конечность', 'функциональный', 'расстройство', 'донорский', 'место']"
1,1,1,1,1,1,1,1,1,1,1,1,0,1,1,1,1,1,0,1,1,0,"['измерить', 'ширина', 'открытый', 'участок', 'стена', 'угол', 'обои', 'деталь', 'нужный', 'размер']"
1,1,1,1,1,1,1,1,1,1,1,1,0,1,1,1,1,1,0,1,1,0,"['соседний', 'полотно', 'другой', 'сторона', 'стена', 'см', 'заходить', 'угол']"
0,1,1,1,0,0,1,0,1,1,1,0,1,1,1,0,1,0,1,0,1,0,"['каждый', 'тюльпан', 'который', 'собираться', 'сшить', 'деталь', 'бутон', 'лист', 'стебель']"
0,1,1,1,0,1,0,1,1,0,1,1,1,1,1,1,0,1,0,1,1,0,"['окантовка', 'потребоваться', 'полоска', 'ткань', 'прямой', 'проходить', 'прямая', 'сторона', 'косая', 'обработать', 'угол']"
1,0,1,1,1,1,1,1,1,1,1,1,0,1,1,1,1,1,0,1,1,0,"['подкладка', 'размер', 'майка']"
1,0,1,1,1,1,1,1,0,1,1,1,0,1,1,1,1,1,0,1,1,0,"['мешочный', 'фильтр', 'шить', 'белый', 'фланель', 'бязь', 'кусок', 'материя', 'форма', 'треугольник', 'длина', 'сантиметр', 'ширина', 'открытый', 'конец', 'закрытый']"
1,0,0,1,1,1,1,1,1,1,1,1,0,1,1,1,1,1,0,1,1,0,"['основа', 'передний', 'часть', 'доспех', 'сомнение', 'задний', 'иметь', 'аналогичный', 'покрой', 'деталь', 'формировать', 'нагрудник', 'подол']"
1,0,1,1,1,1,1,1,1,1,1,1,1,1,1,1,1,1,0,1,1,0,"['покрой', 'карман', 'пояс', 'слегка', 'закругленный', 'шлевка', 'ремень']"
1,1,1,0,1,1,1,1,1,1,1,0,1,0,0,1,1,0,0,0,1,0,"['натяжной', 'потолок', 'черутти', 'самостоятельно', 'больший', 'размер', 'отрез', 'рулон']"
0,0,1,1,0,0,1,0,1,1,1,0,0,1,1,0,1,0,0,0,1,0,"['глаз', 'догадываться', 'вещь', 'ткань', 'вид', 'снаружи', 'обращать', 'внимание', 'свидетельство', 'ярлык']"
1,1,1,1,1,1,1,1,1,1,1,1,1,1,1,1,1,1,0,1,1,0,"['готовый', 'вышивка', 'отутюжить', 'изнаночный', 'сторона', 'влажный', 'ткань', 'строго', 'клеточка', 'деталь', 'нужный', 'размер']"
1,1,1,1,1,1,1,1,1,1,1,1,1,1,0,1,1,1,0,1,1,0,"['центральный', 'квадрат', 'нарезать', 'полоска', 'боковой', 'сторона']"
1,0,1,1,1,1,1,1,1,1,1,1,0,1,1,1,1,1,0,1,1,0,"['портной', 'вышивать', 'плащ', 'другой', 'заниматься', 'плетение', 'сеть', 'расписывать', 'подушка', 'сандалия']"
1,1,1,1,1,1,1,1,1,1,1,1,0,1,1,1,1,1,1,1,1,0,"['кроить', 'квадрат', 'см', 'деталь', 'который', 'бок', 'дно', 'сумка', 'материал', 'позволять', 'сделать', 'один', 'наконец', 'клапан']"
1,0,1,1,1,1,1,1,1,1,1,1,0,1,1,1,1,1,0,1,1,0,"['размер', 'деталь', 'клапан', 'который', 'делать', 'однослойный', 'прокладочный', 'подкладочный', 'материал']"
1,0,1,1,1,1,1,1,1,1,1,1,0,1,1,1,1,1,0,1,1,0,"['внимание', 'раскрой', 'указать', 'деталь', 'зеркальный', 'отображение']"
1,0,1,1,1,1,1,1,1,1,1,1,0,1,1,1,1,1,0,1,1,0,"['флис', 'дополнительный', 'цвет', 'деталь', 'ушко', 'зеркальный', 'отображение']"
1,0,1,1,1,1,1,1,1,1,1,1,1,1,1,1,1,1,0,1,1,0,"['ткань', 'предназначенный', 'основа', 'квадрат', 'сторона', 'см']"
1,1,1,1,1,1,1,1,1,1,1,1,1,1,1,1,1,1,0,1,1,0,"['например', 'подушка', 'см', 'высота', 'необходимо', 'квадрат']"
1,1,1,1,1,1,1,1,1,1,1,1,0,1,1,1,1,1,0,1,1,0,"['один', 'ствол', 'удаваться', 'десяток', 'изделие', 'знак-кавычки']"
1,1,1,1,1,1,1,1,1,1,1,1,0,1,1,1,1,1,0,1,1,0,"['ткань', 'изнаночный', 'сторона', 'прямоугольник', 'размер', 'см', 'расстояние', 'срез', 'выполнить', 'средний', 'шов', 'оставлять', 'открытый', 'отрезок', 'длина', 'молния']"
1,1,1,1,1,1,1,1,1,1,1,1,1,1,1,1,1,1,0,1,1,0,"['небный', 'поверхность', 'область', 'дефект', 'обратный', 'косой', 'разрез', 'полный', 'лоскут', 'толщина', 'сохранять', 'целостность', 'ткань', 'межзубный', 'промежуток']"
0,1,1,1,1,1,1,1,1,1,1,1,1,1,1,1,1,1,0,1,1,0,"['лоден', 'деталь', 'нужный', 'размер', 'срез', 'отвернуть', 'лицевой', 'сторона', 'ширина', 'см', 'настрочить']"
0,0,1,1,0,0,0,0,0,0,0,0,0,1,0,0,0,0,0,0,0,0,"['придерживаться', 'требовать', 'направление', 'укладка', 'утка', 'основа', 'любой', 'участок', 'нужный', 'деталь']"
1,1,1,1,1,1,1,1,1,1,1,1,0,1,1,1,1,1,0,1,1,0,"['пестрый', 'ткань', 'деталь', 'комбинезон']"
1,1,1,1,1,1,0,1,0,0,0,1,0,1,0,1,0,1,0,1,0,0,"['хлопчатобумажный', 'ткань', 'полоска', 'прямоугольник', 'размер', 'см', 'основной', 'часть', 'сумка', 'круг', 'диаметр', 'дно']"
1,1,1,1,1,1,1,1,1,1,1,1,1,1,1,1,1,1,0,1,1,0,"['карман', 'размер', 'см', 'деталь', 'клапан']"
1,0,1,1,1,1,1,1,1,1,1,1,0,1,1,1,1,1,0,1,1,0,"['темно', 'красный', 'сарафан', 'фабричный', 'ткань', 'выработка', 'искусно', 'топорщиться', 'грудь']"
1,1,1,1,1,1,1,1,1,1,1,1,1,1,1,1,1,1,0,1,1,0,"['бывший', 'употребление', 'большой', 'простыня']"
1,1,1,1,1,1,1,1,1,1,1,1,1,1,1,1,1,1,0,1,1,0,"['полотно', 'больший', 'размер', 'измерить', 'площадь']"
0,0,1,1,0,0,0,0,0,0,0,0,0,1,1,0,1,0,0,0,0,0,"['полоса', 'определиться', 'размер']"
0,0,1,1,0,0,0,0,0,0,0,0,0,1,1,0,1,0,1,0,0,0,"['тесто', 'кружка', 'размер', 'см', 'диаметр']"
0,0,0,1,0,0,1,0,1,1,0,0,0,1,1,0,1,0,0,0,1,0,"['наволочка', 'срез', 'обметать', 'зигзгообразный', 'строчка']"
0,1,0,1,0,0,0,0,0,0,0,0,0,0,1,0,0,0,0,0,0,0,"['деталь', 'прокладочный', 'материал', 'следовать', 'продекатировать']"
1,1,0,0,1,0,0,0,1,0,0,1,1,1,1,1,0,1,0,1,0,0,"['деталь', 'ткань', 'другой', 'цвет']"
0,1,0,1,0,0,0,0,0,0,0,0,1,1,1,0,0,0,0,0,0,0,"['деталь', 'вместе', 'бейка', 'сместить', 'середина', 'спинка', 'край', 'ткань', 'см']"
0,0,0,0,0,0,0,0,0,0,0,0,0,0,0,0,0,0,0,0,0,0,"['вставка', 'встречный', 'складка', 'ширина', 'см']"
0,0,0,0,0,0,0,0,0,0,0,0,1,0,0,0,0,0,0,0,0,0,"['изготовить', 'выкройка', 'аналогично', 'вариант', 'рисунок']"
0,0,1,0,0,0,1,0,1,1,1,1,0,0,0,0,1,1,0,0,1,0,"['середина', 'спинка', 'приложить', 'сгиб', 'ткань', 'сместить', 'рельефный', 'линия', 'см', 'деталь', 'припуск', 'шов', 'боковой', 'срез', 'кокетка']"
0,0,0,0,0,0,0,0,0,0,0,0,0,0,0,0,0,0,0,0,0,0,"['сложенный', 'вдвое', 'ткань', 'деталь']"
1,1,0,1,1,1,0,1,1,0,0,1,0,0,1,1,0,1,0,1,0,0,"['деталь', 'припуск', 'шов', 'срез', 'см', 'отлетный', 'часть', 'клапан']"
0,0,1,1,0,0,0,0,0,0,0,0,0,1,0,0,0,0,0,0,0,0,"['ограниченный', 'пространство', 'мастерская', 'подвал', 'большинство', 'крупногабаритный', 'фанерный', 'деталь', 'бокс', 'придтись', 'размер', 'рынок', 'пиломатериал']"
0,1,0,0,0,0,0,0,0,0,0,0,1,0,0,0,0,0,0,0,0,0,"['корпус', 'листовой', 'сталь', 'толщина']"
1,0,0,1,1,1,1,1,1,1,1,1,0,1,1,1,1,1,1,1,1,0,"['деталь', 'узкий', 'припуск', 'шов']"
0,0,0,0,0,0,0,0,0,0,0,0,0,0,0,0,0,0,0,0,0,0,"['кольчужный', 'рубаха', 'высокий', 'воротник']"
1,1,0,0,1,1,1,1,1,1,1,1,1,0,0,1,1,1,0,1,1,0,"['бумага', 'делать', 'выкройка', 'птица', 'деталь', 'флис']"
1,0,0,0,1,0,0,0,0,0,0,0,0,0,0,0,0,0,0,0,0,0,"['юбка', 'клин', 'спираль']"
0,0,0,0,0,0,0,0,0,0,0,0,0,0,0,0,0,0,0,0,0,0,"['облегчение', 'вес', 'сумка', 'межсекционный', 'деталь', 'хорошо', 'кусок', 'капрон', 'болоний', 'размер', 'см']"
0,0,0,0,0,0,0,0,0,0,0,1,0,0,0,0,0,0,0,0,0,0,"['воротник', 'обрабатывать', 'прокладка', 'полиамидный', 'пропитка', 'обладать', 'клеевой', 'способность', 'верхний', 'конец', 'широко', 'нижний', 'см', 'каждый', 'сторона']"
0,0,1,1,0,0,0,0,0,0,0,0,0,1,1,0,0,0,0,0,0,0,"['особенность', 'являться', 'обтачка', 'угол', 'нить', 'основа', 'форма', 'прорез', 'карман']"
0,0,1,0,0,0,0,0,0,0,0,0,0,1,0,0,0,0,0,0,0,0,"['тюль', 'квадрат', 'сторона', 'см']"
0,1,0,0,0,0,0,0,0,0,0,0,1,0,0,0,0,0,0,0,0,0,"['полотнище', 'дерматин', 'точно', 'размер', 'дверь']"
0,0,0,0,0,0,0,0,0,0,0,0,0,0,0,0,0,0,0,0,0,0,"['полоса', 'ширина', 'мм', 'прибивать', 'каждый', 'сторона', 'дверной', 'коробка']"
1,1,1,0,1,1,1,1,1,1,1,0,0,0,0,0,1,1,0,1,1,0,"['набор', 'обрезок', 'фон', 'месиво', 'выкройка', 'который', 'непонятно', 'линия', 'наползать', 'друг']"
0,0,0,0,0,0,0,0,0,0,0,0,0,0,0,0,0,0,0,0,0,0,"['подкладочный', 'полотно', 'длина', 'ширина', 'штора', 'законченный', 'вид', 'плюс', 'см', 'каждый', 'кулиска']"
0,0,0,0,0,0,0,0,0,0,0,0,0,0,0,0,0,0,0,0,0,0,"['деталь', 'сендвич', 'спинка', 'полочка', 'рукав', 'складывать', 'задумать', 'последовательность', 'начинать', 'самый', 'нижний', 'слой', 'знак-кавычки']"
0,1,0,0,0,0,0,0,0,0,0,0,1,0,0,0,0,0,0,0,0,0,"['полотно', 'обои', 'рулон', 'соответствовать', 'ширина', 'потолок', 'учет', 'напуск', 'стена', 'мм', 'усадка', 'полотнище', 'который', 'намазывание', 'клей', 'сесть', 'примерно', 'процент-знак', 'длина', 'знак-кавычки']"
0,0,0,0,0,0,0,0,0,0,0,0,0,0,0,0,0,0,0,0,0,0,"['цель', 'экономия', 'ткань', 'допускаться', 'третий', 'деталь', 'длина', 'складка', 'нестачать', 'часть', 'рис']"
0,1,0,0,0,0,0,0,0,0,0,0,1,0,0,0,0,0,0,0,0,0,"['передний', 'часть', 'колпачок', 'деталь', 'см', 'чертеж', 'припуск', 'отворот']"
1,0,1,1,1,1,1,1,1,1,1,1,1,1,1,1,1,1,1,1,1,0,"['лазерный', 'резка', 'металл', 'нужный', 'форма', 'легкодеформируемый', 'нежесткий', 'вид', 'который', 'невозможно', 'обработать', 'механический', 'способ', 'повреждение']"
1,1,1,1,1,1,1,1,1,1,1,1,1,1,1,1,1,1,1,1,1,0,"['выкройка', 'переснять', 'увеличить', 'обвести', 'ткань', 'мел', 'деталь', 'припуск', 'шов', 'см']"
0,0,1,1,0,0,0,0,1,1,1,0,0,1,1,0,1,1,1,1,1,0,"['клин', 'тулья', 'лепесток', 'обвести', 'деталь', 'джинсовый', 'подкладочный', 'ткань']"
1,1,1,1,1,1,1,1,1,1,1,1,1,1,1,1,1,1,1,1,1,0,"['деталь', 'клин', 'джинсовый', 'подкладочный', 'ткань', 'необходимо', 'стачать']"
1,0,1,1,1,1,1,1,1,1,1,1,0,1,1,1,1,1,1,1,1,0,"['лицевой', 'панель', 'дверка', 'целесообразно', 'склеивать', 'лист', 'пластика', 'симметрично', 'деформировать', 'хорошо', 'выпуклость', 'сторона', 'декоративный', 'покрытие', 'отрывать', 'нагрузка', 'клеевой', 'соединение', 'действовать', 'центр', 'край']"
1,1,1,1,1,1,1,1,1,1,1,1,1,1,1,1,1,1,1,1,1,0,"['процесс', 'шитье', 'ускорить', 'сначала', 'сшить', 'лоскутный', 'полотно', 'любой', 'техника', 'деталь']"
1,1,1,1,1,1,1,1,1,1,1,1,1,1,1,1,1,1,1,1,1,0,"['пчела', 'листорез', 'мегахила', 'который', 'нетрудно', 'выследить', 'наполнять', 'трубочка', 'камыш', 'цветочный', 'пыльца', 'оранжевый', 'окраска', 'смешивать', 'нектар', 'упаковывать', 'вкусный', 'таблетка', 'зеленый', 'обвертка', 'умело', 'лист', 'чернотал']"
1,0,1,0,1,1,1,1,1,1,1,1,0,1,0,1,1,1,1,1,1,0,"['маленький', 'насекомое', 'ведущий', 'одиночный', 'образ', 'жизнь', 'расчетливый', 'экономно', 'использовать', 'строительный', 'материал', 'зеленый', 'лист', 'растение', 'нужный', 'деталь', 'ячейка', 'который', 'оказываться', 'мастерски', 'подогнать', 'другой']"
1,1,1,0,1,1,0,1,0,0,1,1,1,1,0,1,0,1,1,1,0,0,"['передний', 'задний', 'часть', 'маска', 'припуск', 'шов', 'примерно', 'см', 'лично', 'делать', 'самый', 'линейка', 'неидельность', 'глазомер', 'легко', 'убедиться', 'посмотреть', 'снимок']"
1,1,1,1,1,1,1,1,1,1,1,1,1,1,1,1,1,1,1,1,1,0,"['обертка', 'резинка', 'знак-кавычки']"
1,0,1,0,1,1,1,1,1,1,1,1,1,1,0,1,1,1,1,1,1,0,"['одноразовый', 'нож', 'расслаиватель', 'глубокий', 'склеральный', 'лоскут', 'одновременный', 'удаление', 'наружный', 'стенка', 'синус', 'часть', 'роговичный', 'ткань', 'десцеметова', 'оболочка']"
1,1,1,1,1,1,1,1,1,1,1,1,1,1,1,1,1,1,1,1,1,0,"['внутренний', 'подушка', 'деталь', 'выкройка', 'сложенный', 'пополам', 'белый', 'хлопчатобумажный', 'ткань']"
1,0,1,1,1,1,1,1,1,1,1,1,1,1,1,1,1,1,1,1,1,0,"['раскрой', 'припуск', 'шов', 'см', 'лицевой', 'сторона', 'квадрат', 'тыльный', 'полукруг', 'диаметр', 'прямой']"
1,1,1,1,1,1,1,1,1,1,1,1,1,1,1,1,1,1,1,1,1,0,"['ткань', 'вышивка', 'круг', 'диаметр', 'см']"
1,1,0,0,1,1,1,1,1,1,1,1,1,0,0,1,1,1,1,1,1,0,"['использовать', 'небольшой', 'квартира', 'укромный', 'уголок', 'отдых', 'работа']"
1,1,1,0,1,1,1,1,1,1,1,1,1,1,0,1,1,1,1,1,1,0,"['оставаться', 'игрушка', 'новый', 'ткань', 'следить', 'направление', 'ворс', 'сшить']"
1,1,1,1,1,1,1,1,1,1,1,1,1,1,1,1,1,1,1,1,1,0,"['соединить', 'нога', 'цельнокроить', 'боковой', 'часть', 'отдельно', 'деталь', 'внутренний', 'поверхность']"
1,1,1,1,1,1,1,1,1,1,1,1,1,0,1,1,1,1,1,1,1,0,"['деталь', 'мешковина', 'карман']"
1,1,1,0,1,1,0,1,1,1,1,1,1,1,0,1,0,1,1,1,1,0,"['приложить', 'середина', 'спинка', 'перед', 'сгиб', 'ткань', 'один', 'деталь']"
1,0,1,0,1,1,1,1,1,1,1,0,1,0,0,0,1,0,1,0,1,0,"['бумага', 'разрезать', 'часть', 'соответствовать', 'элемент', 'рисунок', 'деталь', 'цветной', 'кусочек', 'ткань']"
1,1,1,1,1,1,1,1,1,1,1,1,1,1,1,1,1,1,1,1,1,0,"['вариант', 'днище', 'боковой', 'стенка', 'выполнить', 'один', 'деталь', 'отдельно', 'оставить', 'припуск', 'последующий', 'соединение']"
1,1,1,1,1,1,1,1,1,1,1,1,1,1,1,1,1,1,1,1,1,0,"['обширный', 'лоскут', 'перемещение', 'подвергаться', 'некроз', 'хорошо', 'развитый', 'сеть', 'коллатераль', 'повреждаться', 'магистральный', 'артерия']"
1,1,1,0,1,1,1,1,1,1,1,1,1,1,1,1,1,1,1,1,1,0,"['ткань', 'прямоугольник', 'высота', 'сумка', 'дно', 'длинный', 'равный', 'ширина', 'знак-кавычки']"
1,0,1,1,1,1,1,1,1,1,1,1,0,1,1,1,1,1,1,1,1,0,"['иметь', 'дело', 'легкий', 'ткань', 'манжета', 'один', 'деталь', 'обтачка', 'прокладка']"
1,1,1,1,1,1,1,1,1,1,1,1,1,1,1,1,1,1,1,1,1,1,"['часто', 'удаваться', 'время', 'занятие', 'герцогиня', 'постоянно', 'загружать', 'шитье']"
1,1,1,1,1,1,1,1,1,1,1,1,1,1,1,1,1,1,1,1,1,1,"['средство', 'долг', 'зимний', 'зарплата']"
1,1,1,1,1,1,1,1,1,1,1,1,1,1,1,1,1,1,1,1,1,1,"['простой', 'учитель', 'деньги', 'машина']"
1,1,1,0,1,1,1,1,1,1,1,1,1,1,1,1,1,1,1,1,1,1,"['ярый', 'болельщик', 'футбол', 'труд', 'удаваться', 'время', 'посещение', 'матч']"
1,0,1,1,1,1,1,1,1,1,1,1,1,1,1,1,1,1,1,1,1,1,"['современный', 'мир', 'бешеный', 'темп', 'бывать', 'непросто', 'время', 'посещение', 'специальный', 'учебный', 'мероприятие']"
1,1,1,1,1,1,0,1,0,0,0,1,1,1,1,1,0,1,1,1,0,1,"['нужный', 'уйма', 'время', 'съездить', 'магазин', 'купить', 'цветок', 'доехать', 'букет', 'адресат']"
1,1,1,1,1,1,0,1,0,0,0,1,1,1,1,1,0,1,1,1,0,1,"['известный', 'ритм', 'большой', 'город', 'трудно', 'время', 'регулярный', 'занятие', 'вид', 'спорт', 'выход']"
1,0,1,1,1,1,1,1,1,1,1,1,1,1,1,1,1,1,1,1,1,1,"['достаточно', 'часто', 'обучение', 'фотография', 'удаленный', 'формат', 'выбирать', 'занятый', 'человек', 'который', 'представляться', 'невозможный', 'час', 'плотный', 'рабочий', 'график', 'посещение', 'лекция', 'привычный', 'многие', 'аудитория']"
1,1,1,1,1,1,1,1,1,1,1,1,1,1,1,1,1,1,1,1,1,1,"['уважать', 'слушатель', 'который', 'покупать', 'билет', 'концерт', 'свободный', 'время']"
1,1,1,1,1,1,1,1,1,1,1,1,1,1,1,1,1,1,1,1,1,1,"['жить', 'роскошный', 'особняк', 'маленький', 'однокомнатный', 'квартира', 'любой', 'случай', 'необходимо', 'уголок', 'детский', 'знак-кавычки']"
0,0,1,0,0,1,0,0,0,0,0,0,1,0,0,0,0,0,1,0,0,1,"['ежедневный', 'гонка', 'время', 'сходить', 'магазин', 'прикупить', 'нужный', 'понравиться', 'вещь']"
1,1,1,1,1,1,0,1,0,0,0,1,1,1,1,1,0,1,1,1,0,1,"['близкий', 'расположение', 'дом', 'позволить', 'наладить', 'тесный', 'дружеский', 'связь', 'одноклассник', 'время', 'игра', 'отдых', 'необходимый', 'ученик']"
0,1,1,0,0,0,0,0,0,0,0,0,1,1,0,0,0,0,1,0,0,1,"['медиаменеджер', 'первый', 'лицо', 'издательский', 'дом', 'телевизионный', 'канал', 'радиокомпания', 'далеко', 'напряженный', 'график', 'достаточно', 'время', 'полноценный', 'окунуться', 'педагогический', 'процесс']"
0,0,1,1,0,0,0,0,1,0,0,0,1,0,0,0,0,0,1,0,0,1,"['видеть', 'сложно', 'время', 'занятие', 'безусловно', 'работа', 'нужный', 'издательский', 'дом', 'подбирать', 'толковый', 'студент', 'первый', 'этап', 'выращивать', 'сотрудник', 'знак-кавычки']"
0,0,1,0,0,0,0,0,0,0,0,0,1,0,0,0,0,0,1,0,0,1,"['ближайший', 'время', 'планировать', 'начать', 'активно', 'использовать', 'данный', 'идея', 'технология', 'бизнес', 'принести', 'дополнительный', 'нехилый', 'денежный', 'ручеек', 'электронный', 'кошелек', 'банковский', 'счет']"
1,0,1,1,1,1,1,1,1,1,1,1,1,1,1,1,1,1,1,1,1,1,"['деловой', 'человек', 'бизнесмен', 'время', 'посещение', 'тренажерный', 'зал', 'регулярный', 'проблематичный', 'дома', 'сделать', 'просто']"
0,1,1,1,0,0,0,0,0,0,0,0,1,0,0,0,0,0,1,0,0,1,"['хотеть', 'увидеть', 'маленький', 'антилопа', 'стоить', 'время', 'поездка', 'кения', 'танзания', 'уганда', 'февраль']"
1,0,1,1,1,1,1,1,1,1,1,1,1,0,0,1,1,1,1,1,1,1,"['хотеться', 'довести', 'шаблон', 'ум', 'особенно', 'решить', 'вопрос', 'темный', 'комментарий', 'удаваться', 'время']"
1,1,1,0,1,1,0,1,0,0,0,0,1,0,1,0,0,0,1,1,0,1,"['некоторый', 'время', 'подходящий', 'момент', 'сбегать', 'начинать', 'скрываться', 'деревня', 'псков']"
1,1,1,0,1,1,0,1,0,0,0,1,1,0,0,1,0,1,1,1,0,1,"['ситуация', 'особенно', 'плачевный', 'ближайший', 'день', 'запланировать', 'важный', 'мероприятие', 'время', 'деньги', 'новый', 'одежда', 'проблематичный']"
1,1,1,1,1,1,1,1,1,1,1,1,1,1,1,1,1,1,1,1,1,1,"['ценить', 'работа', 'идея', 'время', 'работать', 'ночь', 'делать', 'добавить', 'последний', 'штрих', 'который', 'действительно', 'заставить', 'восхищаться', 'дизайн']"
0,0,1,0,0,0,0,0,0,0,0,0,0,0,0,0,0,0,1,0,0,1,"['некоторый', 'клиент', 'слово', 'представитель', 'турфирма', 'день', 'отдых', 'лечение', 'период', 'командировка', 'европа']"
0,0,1,0,0,0,0,0,0,0,0,0,1,0,0,0,0,0,1,0,0,1,"['жизнь', 'большинство', 'человек', 'рано', 'поздно', 'возникать', 'ситуация', 'требоваться', 'определенный', 'сумма', 'деньги', 'возможность', 'семейный', 'бюджет', 'покупка', 'необходимый']"
0,1,1,0,0,0,0,0,0,0,0,0,1,1,1,0,0,0,1,0,0,1,"['беспокойный', 'гостиница', 'час', 'сон', 'остальной', 'время', 'постоянно', 'въезжать', 'шумный', 'постоялец', 'полночь', 'исчезать', 'неизвестный', 'направление']"
0,0,1,1,0,0,0,0,0,0,0,0,1,0,1,0,0,0,1,0,0,1,"['ускорение', 'темп', 'жизнь', 'думать', 'удаваться', 'современный', 'хозяйка', 'время', 'приготовление', 'полноценный', 'обед', 'ужин']"
0,0,0,0,0,0,0,0,0,0,0,0,0,0,0,0,0,0,1,0,0,1,"['способствовать', 'конец', 'рабочий', 'неделя', 'предстоящий', 'выходной', 'милый', 'дама', 'наконец', 'время', 'уход']"
0,0,0,0,0,0,0,0,0,0,0,0,1,0,0,0,0,0,1,0,0,1,"['понятный', 'место', 'приоритетный', 'езда', 'общественный', 'транспорт', 'основной', 'сужение', 'проезжий', 'часть', 'остальной', 'участник', 'движение', 'крайний', 'правый', 'полоса', 'рано', 'привыкнуть', 'безнаказанно', 'парковаться']"
0,1,1,0,0,0,0,0,0,0,0,0,1,0,0,0,0,0,1,0,0,1,"['зачастую', 'час', 'немыслимо', 'говорить', 'ожидать', 'очередь', 'налоговый', 'учет', 'занять', 'рано', 'время', 'увеличиваться']"
0,0,0,0,0,0,0,0,0,0,0,0,0,0,0,0,0,0,1,0,0,1,"['казаться', 'капля', 'море', 'прийти', 'конец', 'минувший', 'год', 'администрация', 'удаться', 'средство', 'сверстать', 'бюджет']"
0,0,0,0,0,0,0,0,0,0,0,0,1,0,0,0,0,0,1,0,0,1,"['удаться', 'время', 'плотный', 'график', 'радость', 'откликнуться', 'помощь', 'проведение', 'фестиваль']"
1,0,0,0,1,1,1,1,1,1,1,1,0,0,0,1,1,1,1,1,1,1,"['условие', 'вермахт', 'желание', 'дюжина', 'отборный', 'дивизия', 'танковый', 'придача', 'затребовать', 'бем', 'овладение', 'швейцария', 'говорить', 'парашютно-десантный', 'часть', 'который', 'время', 'гитлеровский', 'вояка', 'остаться', 'один', 'воспоминание', 'настолько', 'германия', 'утратить', 'былой', 'превосходство', 'воздух']"
0,1,1,0,0,0,1,0,1,0,0,0,1,0,0,0,1,0,1,0,0,1,"['время', 'график', 'корректироваться', 'итог', 'час', 'свободный', 'который', 'посвящать', 'работа']"
0,0,1,0,0,0,0,0,0,0,0,0,0,1,1,0,0,0,1,0,0,1,"['устройство', 'позволять', 'наблюдать', 'малыш', 'мирно', 'спать', 'кроватка', 'молодой', 'мамочка', 'свободный', 'минутка']"
0,0,0,0,0,0,1,0,1,1,1,1,0,0,0,0,1,0,1,0,1,1,"['практический', 'подход', 'планирование', 'недорогой', 'свадьба', 'результат', 'продлить', 'состояние', 'эйфория', 'влюбленный', 'пара', 'процесс', 'удаться', 'бюджет', 'проведение', 'медовый', 'месяц', 'небольшой', 'отпуск', 'свадебный', 'путешествие']"
0,1,1,0,0,0,0,0,0,0,0,0,1,0,0,0,0,0,1,0,0,1,"['упоминаться', 'основной', 'работа', 'изучение', 'материал', 'студент', 'заочник', 'приходиться', 'делать', 'самостоятельно', 'время', 'сессия']"
1,1,1,1,1,1,1,1,1,1,1,1,1,1,1,1,1,1,1,1,1,1,"['учесть', 'государственный', 'учреждение', 'открываться', 'достаточно', 'поздно', 'закрываться', 'рано', 'человек', 'время', 'сбор', 'различный', 'вид', 'документ', 'сложно']"
1,1,0,1,1,1,1,1,1,1,1,1,1,0,1,1,0,1,1,1,1,1,"['время', 'уходить', 'переезд', 'наточить', 'кант', 'собственный', 'лыжа']"
1,1,1,1,1,1,1,1,1,1,1,1,1,1,1,1,1,1,1,1,1,1,"['день', 'расписать', 'минута', 'плотный', 'рабочий', 'график', 'невозможно', 'достаточно', 'свободный', 'время', 'посещение', 'клиника', 'выручить', 'новый', 'услуга', 'чешский', 'медицинский', 'центр', 'карлов', 'вар', 'знак-кавычки']"
0,1,0,0,0,0,0,0,0,0,0,0,1,0,0,0,0,0,1,0,0,1,"['сожаление', 'вынужденный', 'согласиться', 'написать', 'обзор', 'данный', 'момент', 'сложно', 'минутка', 'преобразовать', 'блог']"
0,1,1,1,0,0,0,0,0,0,0,0,1,0,1,0,0,0,1,0,0,1,"['рано', 'суд', 'подолгу', 'лежать', 'дрейф', 'капитан', 'зачастую', 'выбирать', 'оптимальный', 'путь', 'час', 'сон']"
1,1,1,1,1,1,1,1,1,1,1,1,1,1,1,1,1,1,1,1,1,1,"['работать', 'приходиться', 'сложный', 'условие', 'тренировать', 'спортсмен', 'новичок', 'образ', 'время', 'хозрасчетный', 'группа']"
1,1,1,1,1,1,1,1,1,1,1,1,1,1,1,1,1,1,1,1,1,1,"['наконец', 'удаться', 'один', 'выходной', 'рвануть', 'машина', 'город', 'мечта']"
0,1,0,0,0,0,0,0,0,0,0,0,1,0,0,0,0,0,1,0,0,1,"['редко', 'время', 'позавтракать', 'правило', 'неразлучный', 'утро', 'день', 'фиона', 'оставаться', 'один']"
1,1,1,1,1,1,1,1,1,1,1,1,1,1,1,1,1,1,1,1,1,1,"['дальнейший', 'обманывать', 'доверие', 'занятый', 'стараться', 'час', 'неделя', 'вдоволь', 'поиграть', 'любимец']"
1,1,1,0,1,1,1,1,1,1,1,1,1,0,0,1,1,1,1,1,1,1,"['покупать', 'тур', 'копенгаген', 'осло', 'забыть', 'частичка', 'время', 'совершить', 'путешествие', 'уголок', 'природа', 'который', 'навсегда', 'оставить', 'память', 'самый', 'хороший', 'ностальгический', 'воспоминание']"
1,0,1,1,1,1,1,1,1,1,1,1,0,1,1,1,1,1,1,1,1,1,"['прекрасно', 'стоять', 'тамица', 'время', 'год', 'удаться', 'день', 'отпуск']"
1,1,1,1,1,1,1,1,1,1,1,1,1,1,1,1,1,1,1,1,1,1,"['статья', 'описывать', 'разный', 'способ', 'дополнительный', 'часы', 'сутки']"
1,1,1,0,1,1,1,1,1,1,1,1,1,1,1,1,1,1,1,1,1,1,"['случай', 'человек', 'большой', 'доля', 'собственный', 'время', 'созидать', 'полезный', 'близкие', 'получаться', 'час', 'вытереть', 'повсюду', 'пыль']"
1,1,1,1,1,1,1,1,1,1,1,1,1,1,1,1,1,1,1,1,1,1,"['многий', 'артист', 'любить', 'рассказывать', 'заоблачный', 'занятость', 'реальность', 'время', 'человек', 'который', 'важный', 'нужный']"
1,1,1,1,1,1,1,1,1,1,1,1,1,1,1,0,1,1,1,1,1,1,"['загруженность', 'повседневный', 'обязанность', 'трудно', 'час', 'ответить', 'папа', 'знак-кавычки']"
1,1,1,1,1,1,1,1,1,1,1,1,1,1,1,1,1,1,1,1,1,1,"['тяжело', 'время', 'любимый', 'будни']"
0,0,1,1,0,0,0,0,0,0,1,0,1,1,1,0,0,1,1,1,0,1,"['делать', 'год', 'получиться', 'деньги', 'время', 'отдых']"
1,1,0,0,1,1,1,1,1,1,1,1,1,1,0,1,1,1,1,1,1,1,"['наступить', 'мир', 'время', 'узнать', 'должный']"
1,1,1,1,1,1,1,1,1,1,1,1,1,1,1,1,1,1,1,1,1,1,"['сожаление', 'динамичный', 'время', 'сложно', 'поездка', 'спорт', 'клуб', 'забота', 'здоровье', 'откладывать', 'долгий', 'ящик']"
0,1,1,1,0,0,1,0,1,1,1,1,1,1,1,1,1,1,1,1,1,1,"['хорошо', 'удаться', 'неделя', 'свобода']"
1,1,0,1,1,1,1,1,1,1,1,1,1,1,1,1,1,1,1,1,1,1,"['стараться', 'время', 'пообщаться', 'каждый', 'наедине', 'обсудить', 'личный', 'близнецовый', 'проблема', 'знак-кавычки']"
0,0,1,1,0,0,0,0,0,1,0,0,1,1,1,0,0,1,1,1,0,1,"['достаточно', 'время', 'роскошный', 'достойный', 'отдых', 'ванная']"
0,1,1,1,0,0,0,0,0,0,0,0,1,1,1,0,0,0,1,0,0,1,"['момент', 'неплохо', 'приехать', 'осмотреть', 'город']"
1,1,1,1,1,1,1,1,1,1,1,1,1,1,1,1,1,1,1,1,1,1,"['глубина', 'душа', 'укорять', 'потратить', 'время', 'польза', 'дело', 'чтение', 'знак-кавычки']"
1,0,0,1,1,1,1,1,1,1,1,1,1,0,0,1,1,1,1,1,1,1,"['известно', 'сила', 'современный', 'спешка', 'занятость', 'достаточный', 'количество', 'время', 'пробежка', 'магазин', 'поиск', 'наилучший', 'подарок', 'знак-кавычки']"
1,1,1,1,1,1,1,1,1,1,1,1,1,1,1,1,1,1,1,1,1,1,"['вздохнуть', 'время']"
1,1,1,1,1,1,1,1,1,1,1,1,1,1,1,1,1,1,1,1,1,1,"['удочка', 'осень', 'купить', 'кризис', 'бакс', 'катушка', 'удаваться']"
0,1,0,0,0,0,0,0,0,0,0,0,1,0,0,0,0,0,0,0,0,1,"['выпуск', 'рынок', 'новый', 'продукт', 'автодок', 'требоваться', 'привлечение', 'значительный', 'инвестиция', 'который', 'бывать', 'сложно', 'бюджет', 'компания', 'знак-кавычки']"
1,1,1,0,1,1,1,1,1,1,0,1,1,1,1,1,1,1,1,1,1,1,"['тренировка', 'день', 'умудряться', 'время', 'увлечение', 'играть', 'любительский', 'спектакль']"
1,1,1,1,1,1,1,1,1,1,1,1,1,1,1,1,1,1,1,1,1,1,"['погода', 'отпуск', 'хороший', 'повод', 'вечер', 'послушать', 'часовой', 'концерт', 'стена', 'клуб', 'выбраться', 'целый', 'день', 'несколько', 'город', 'граница', 'вдоволь', 'насладиться', 'игра', 'любимый', 'исполнитель']"
1,1,1,1,1,1,1,1,1,1,1,1,1,1,1,1,1,1,1,1,1,1,"['администрация', 'город', 'стараться', 'деньги', 'водоканал', 'сделать', 'знак-кавычки']"
1,1,0,0,1,1,0,1,0,0,0,1,1,1,0,1,0,1,0,1,0,1,"['значить', 'пойти', 'сделать', 'клиент', 'подумать', 'время']"
1,0,1,1,1,1,1,1,1,1,1,1,1,1,1,1,1,1,1,1,1,1,"['небольшой', 'зона', 'опасность', 'зайти', 'наслаждение', 'наблюдать', 'твой', 'агония', 'прикончить', 'знак-кавычки']"
1,1,1,1,1,1,1,1,1,1,1,1,1,1,1,1,1,1,1,1,1,1,"['причина', 'милый', 'дачный', 'домик', 'уютный', 'городской', 'квартира', 'устраивать', 'хозяин', 'который', 'стремиться', 'дополнительный', 'квадратный', 'метр']"
1,0,1,1,1,1,1,1,1,1,1,1,0,1,1,1,1,1,1,1,1,1,"['важно', 'мама', 'папа', 'бабушка', 'время', 'посещение', 'подобный', 'мероприятие']"
1,1,0,1,1,1,1,1,1,1,1,1,1,1,1,1,1,1,1,1,1,1,"['постараться', 'час', 'неделя', 'провести', 'супруг']"
1,0,1,0,1,1,1,1,1,1,1,0,1,0,1,0,1,0,1,0,1,1,"['женщина', 'удаваться', 'свободный', 'время', 'физический', 'упражнение', 'дома']"
1,1,1,1,1,1,1,1,1,1,1,1,1,0,1,1,1,1,1,1,1,1,"['придерживаться', 'диета', 'становиться', 'непросто', 'время', 'занятие', 'спорт', 'сложный']"
0,1,1,1,0,0,1,0,1,1,1,0,1,1,1,0,1,0,1,0,1,1,"['заниматься', 'удаваться', 'время']"
1,1,1,1,1,1,1,1,1,1,1,1,1,1,1,1,1,1,1,1,1,1,"['думать', 'время', 'попадать', 'прием', 'окулист', 'отоларинголог', 'хирург', 'невропатолог']"
1,0,1,1,1,1,1,1,1,1,1,1,1,1,1,1,1,1,1,1,1,1,"['осень', 'время']"
1,0,0,1,1,1,1,1,1,1,1,1,1,0,1,1,1,1,1,1,1,1,"['время', 'путешествие', 'сын']"
1,1,1,1,1,1,1,1,1,1,1,1,1,1,1,1,1,1,1,1,1,1,"['минута', 'почитать', 'заметка', 'сайт', 'актуальный', 'тема']"
1,1,0,1,1,1,1,1,1,1,1,1,1,1,1,1,1,1,1,1,1,1,"['успевать', 'справляться', 'текущий', 'дело', 'становиться', 'трудно', 'время', 'поиск', 'подрядчик', 'который', 'заказать', 'работа', 'практически', 'невозможно']"
1,1,1,1,1,1,0,1,0,0,1,1,1,1,1,1,0,1,1,1,0,1,"['один', 'день']"
1,1,1,1,1,1,1,1,1,1,1,1,1,1,1,1,1,1,1,1,1,1,"['учиться', 'ппи', 'свегда', 'удаваться', 'время', 'посещение', 'библиотека', 'центральный', 'корпус']"
1,1,1,1,1,1,1,1,1,1,1,1,0,1,1,1,1,1,1,1,1,1,"['данный', 'ходунок', 'позволить', 'малыш', 'прекрасно', 'провести', 'время', 'дать', 'возможность', 'минута']"
1,1,1,1,1,1,1,1,1,1,1,1,1,1,1,1,1,1,1,1,1,1,"['купить', 'ходунок', 'молодой', 'мама', 'время', 'домашние', 'дело']"
0,0,0,0,0,0,0,0,0,0,0,0,0,0,0,0,0,0,0,0,0,1,"['время', 'хобби']"
1,1,0,0,1,1,0,1,0,0,0,1,0,1,0,1,0,1,0,1,0,1,"['приходиться', 'прихватывать', 'работа', 'специальный', 'литература', 'документ', 'рукопись', 'наивно', 'полагать', 'дома', 'пара', 'час', 'интенсивный', 'сложный', 'тема']"
0,1,0,1,0,0,1,0,1,1,1,0,1,0,1,0,1,0,1,0,1,1,"['приходиться', 'время', 'занятие', 'музыкальный', 'школа', 'заниматься', 'класс', 'баян', 'параллельно', 'осваивать', 'фортепиано', 'сочинять', 'музыка']"
1,0,1,0,1,1,0,1,0,1,1,1,0,1,1,1,0,1,0,1,1,1,"['несомненный', 'преимущество', 'стретчинг', 'являться', 'простота', 'доступность', 'добиться', 'успех', 'растяжка', 'приобретать', 'специальный', 'оборудование', 'экипировка', 'время', 'поход', 'спортзал']"
0,1,0,1,0,0,0,0,0,0,0,0,1,0,1,0,0,0,0,0,0,1,"['свободный', 'минутка', 'толк', 'использовать', 'одновременно', 'отдохнуть', 'привести', 'порядок', 'внешность', 'здоровье', 'знак-кавычки']"
0,0,0,1,0,0,1,0,1,1,1,0,0,0,1,0,1,0,0,0,1,1,"['время', 'скинуть', 'ссылка', 'премного', 'благодарный']"
0,1,0,0,0,0,0,0,0,0,0,0,1,0,0,0,0,0,0,0,0,1,"['далеко', 'каждый', 'позволить', 'семейный', 'бюджет', 'общий', 'собственный', 'удовольствие', 'насущный', 'потребность', 'деньги', 'кофр']"
0,1,0,0,0,0,0,0,0,0,0,0,1,0,0,0,0,0,0,0,0,1,"['бывать', 'трудно', 'время', 'отправиться', 'тренажерный', 'зал']"
0,0,0,0,0,0,0,0,0,0,0,0,0,0,0,0,0,0,0,0,0,1,"['неделя', 'посещение', 'данный', 'мероприятие', 'прокомментировать', 'актер', 'блиц', 'интервью', 'один', 'телеканал', 'освещать', 'знак-кавычки']"
0,1,0,0,0,0,0,0,0,0,0,0,0,0,0,0,0,0,0,0,0,1,"['настолько', 'важно', 'время']"
0,0,0,1,0,0,0,0,0,0,0,0,0,0,1,0,0,0,0,0,0,1,"['искусство', 'женщина', 'время', 'деньги', 'фантастический', 'наряд', 'уметь', 'нужный']"
0,1,0,1,0,0,0,0,0,0,0,0,0,0,0,0,0,0,0,0,0,1,"['прийти', 'домой', 'обзвонить', 'говорить', 'давать', 'любой', 'информация', 'менатеп', 'посмотреть', 'знак-кавычки']"
0,0,0,0,0,0,0,0,0,0,0,0,1,0,0,0,0,0,0,0,0,1,"['планировать', 'поездка', 'великолепный', 'санкт-петербург', 'забыть', 'время', 'экскурсия', 'один', 'пригород', 'павловск']"
1,0,0,0,1,1,0,1,0,0,0,1,0,0,0,1,0,1,0,1,0,1,"['ход', 'сезон', 'свободный', 'время', 'надеяться', 'один', 'выходной']"
0,0,0,0,0,0,0,0,0,0,0,0,0,0,0,0,0,0,0,0,0,1,"['мир', 'уйти', 'далеко', 'год', 'самый', 'принцип', 'поддерживать', 'маленький', 'сад', 'крыша', 'камень', 'везде', 'удаться', 'чуть-чуть', 'место']"
0,0,0,0,0,0,0,0,0,0,0,0,0,0,0,0,0,0,0,0,0,1,"['бесплатный', 'обучать', 'семинар', 'давно', 'войти', 'повседневный', 'график', 'компания', 'который', 'активно', 'сотрудничать', 'посещение', 'время', 'особенно', 'случай', 'бизнес', 'партнер', 'связанный', 'работа', 'крупный', 'строительный', 'рынок']"
0,0,0,0,0,0,0,0,0,0,0,0,0,0,0,0,0,0,0,0,0,1,"['необходимый', 'время']"
0,0,1,0,0,0,0,0,0,0,0,0,0,0,0,0,0,0,0,0,0,1,"['привет', 'предложение', 'счет', 'вертолетный', 'сила', 'сходить', 'пытаться', 'время']"
0,0,1,0,0,0,0,0,0,0,0,0,0,0,0,0,0,0,0,0,0,1,"['трудный', 'убедить', 'родственник', 'пойти', 'встреча', 'молодой', 'мама', 'вполне', 'пара', 'час', 'дневной', 'сон', 'первый', 'время']"
0,0,0,1,0,0,0,0,0,0,0,0,0,0,1,0,0,0,0,0,0,1,"['час', 'поесть', 'изобретатель', 'переполнять', 'новый', 'проект', 'бояться', 'успеть', 'сделать', 'задумать']"
0,1,0,0,0,0,0,0,0,0,0,0,0,0,0,0,0,0,0,0,0,1,"['пойти', 'погулять', 'сын', 'занятость', 'усталость', 'трудно', 'час', 'понимать', 'необходимо', 'вполне']"
0,0,0,0,0,0,0,0,0,0,0,0,0,0,0,0,0,0,1,0,0,1,"['идея', 'связать', 'европа', 'воплощение', 'самый', 'время', 'посетить', 'подготовиться']"
0,1,0,0,0,0,0,0,0,0,0,0,1,0,0,0,0,0,0,0,0,1,"['реалистический', 'взгляд', 'маркетинг', 'позволять', 'хорошо', 'понимать', 'значить', 'рыночный', 'ниша', 'фирменный', 'марка', 'стратегия', 'который', 'требовать', 'успех', 'присутствовать', 'адекватный', 'объем', 'спрос', 'сфера', 'бытование', 'продукция', 'выравниваться', 'знак-кавычки']"
0,1,0,0,0,0,0,0,0,1,1,0,1,0,0,0,0,0,0,0,1,1,"['бизнес', 'тренер', 'советовать', 'день', 'время', 'важный', 'несрочный', 'дело']"
0,0,0,0,0,0,0,0,0,0,0,0,0,0,0,0,0,0,0,0,0,1,"['дорога', 'работа', 'отнимать', 'большой', 'количество', 'время', 'постараться', 'минута', 'пеший', 'прогулка']"
0,0,1,0,0,0,0,0,0,0,0,0,0,0,0,0,0,0,0,0,0,1,"['каждый', 'этаж', 'возникать', 'полезный', 'площадь', 'кв', 'м', 'который', 'метраж', 'лестница', 'планировка', 'остальной', 'помещение', 'должный', 'максимально', 'продумать']"
0,1,0,0,0,0,0,0,0,0,0,0,1,0,0,0,0,0,0,0,0,1,"['простой', 'россиянин', 'семейный', 'бюджет']"
0,1,0,0,0,0,0,0,0,0,0,0,1,0,0,0,0,0,0,0,0,1,"['производить', 'иметь', 'ассортимент', 'один', 'модель', 'время', 'выбор', 'малыш', 'сложно']"
0,0,0,0,0,0,0,0,0,0,0,0,0,0,0,0,0,0,0,0,0,1,"['председатель', 'тсж', 'троицкое', 'сказать', 'товарищество', 'новый', 'год', 'придтись', 'деньги', 'инвалид', 'который', 'жить', 'дом', 'бюджет', 'организация', 'резиновый', 'региональный', 'власть', 'следовать', 'подключиться', 'устранение', 'недоработка', 'федеральный', 'законодательство', 'знак-кавычки']"
0,1,0,0,0,0,0,0,0,0,0,0,0,0,0,0,0,0,0,0,0,1,"['понимать', 'стоить', 'родитель', 'тогдашний', 'скромный', 'отцовский', 'зарплата', 'деньги', 'покупка', 'авиамоторчик', 'мк', 'первый', 'самолет', 'кордовый', 'справиться', 'помощь', 'отец', 'необходимый', 'суметь', 'незаметно', 'сделать', 'считать', 'сложный', 'дело']"
1,1,0,0,1,0,0,0,0,0,0,0,1,0,0,1,0,0,0,1,0,1,"['конец', 'посещение', 'атланта', 'сша', 'умудриться', 'пара', 'час', 'посетить', 'аквариум', 'джорджия', 'который', 'оказаться', 'самый', 'большой', 'мир', 'миллион', 'литр', 'вода', 'обитать', 'животное', 'различный', 'вид']"
0,1,0,0,0,0,0,0,0,0,0,0,0,0,0,0,0,0,0,0,0,1,"['сомнение', 'многий', 'поклонник', 'активный', 'пользователь', 'социально', 'сеть', 'офисный', 'работник', 'который', 'ежедневно', 'время', 'офис', 'посидеть', 'найти', 'устройство', 'полезный', 'экономить', 'сила']"
0,1,0,0,0,0,0,0,0,0,0,0,1,0,0,0,0,0,0,0,0,1,"['знать', 'дома', 'ждать', 'верный', 'безотказный', 'друг', 'домашний', 'массажный', 'кресло', 'который', 'долго', 'упрашивать', 'минуточка', 'облегчить', 'боль', 'многострадальный', 'нога']"
0,0,0,0,0,0,0,0,0,0,0,0,0,0,0,0,0,0,0,0,0,1,"['непременный', 'медкомиссия', 'обход', 'доктор', 'ожидание', 'очередь', 'сдача', 'получение', 'анализ', 'отнимать', 'время', 'который', 'приходиться', 'ущерб', 'нерв']"
0,1,1,1,0,0,0,0,0,0,0,0,1,1,0,0,0,0,0,0,0,1,"['лето', 'удаться', 'плотный', 'график', 'пара', 'неделя', 'провести', 'отпуск', 'море', 'огорчаться', 'повод', 'радость', 'период', 'отдых', 'хорошо', 'путевка', 'дешево', 'обойтись']"
0,0,0,0,0,0,1,0,1,0,0,0,0,0,0,0,1,0,1,0,0,1,"['получаться', 'время', 'побыть', 'вместе', 'любимый', 'многий', 'деловой', 'леди', 'страх', 'вспоминать', 'ужас', 'один', 'новый', 'комплект', 'эротический', 'белье', 'знак-кавычки']"
0,1,0,0,0,0,0,0,0,0,0,0,0,0,0,0,0,0,0,0,0,1,"['размер', 'заведение', 'позволять', 'вместить', 'игральный', 'стол', 'кухонный', 'блок', 'место', 'полдюжины', 'столик', 'который', 'посидеть', 'случайный', 'посетитель', 'временно', 'бездействующий', 'игрок', 'болельщик']"
0,0,1,0,0,0,0,0,0,0,0,0,0,0,0,0,0,0,0,0,0,1,"['герострат', 'перекрашивать', 'фасад', 'дикий', 'цвет', 'перестраивать', 'интерьер', 'ставить', 'перегородка', 'дополнительный', 'комнатенка', 'знак-кавычки']"
0,0,0,0,0,0,0,0,0,0,0,0,1,0,0,0,0,0,1,0,0,1,"['день', 'редакция', 'загрузить', 'дело', 'ледас', 'кусать', 'локоть', 'время', 'перевод', 'заметка', 'олег', 'шиловицкий', 'который', 'давать', 'квалифицированный', 'отповедь', 'скандальный', 'пост', 'ральф', 'грабовски', 'облако', 'мертвый', 'знак-кавычки']"
0,1,0,0,0,0,0,0,0,0,0,0,1,0,0,0,0,0,1,0,0,1,"['специально', 'время', 'занятие', 'тренироваться', 'экран', 'телевизор', 'сопереживать', 'герой', 'любимый', 'сериал']"
0,0,0,1,0,0,0,0,0,0,0,0,0,0,1,0,0,0,0,0,0,1,"['оставаться', 'чуткий', 'отзывчивый', 'друг', 'который', 'положиться', 'трудный', 'минута', 'желать', 'скоро', 'разделаться', 'долг', 'наконец', 'свободный', 'время', 'покатацца']"
0,1,0,0,0,0,0,0,0,0,0,0,1,0,0,0,0,0,0,0,0,1,"['упражнение', 'упругость', 'ягодица', 'делать', 'лежать', 'кровать', 'пробуждение', 'трудно', 'время', 'физкультура', 'течение', 'день']"
0,0,0,1,0,0,0,0,0,0,1,0,1,0,0,0,0,0,0,0,0,1,"['рабочий', 'день', 'длинный', 'платить', 'неважно', 'сирота', 'племянница', 'деньги', 'нужный', 'приходиться', 'время', 'девочка', 'скучать']"
0,0,0,0,0,0,0,0,0,0,0,0,0,0,0,0,0,0,0,0,0,1,"['минутка', 'жесткий', 'график', 'дядя', 'актер', 'начинать', 'ювелир', 'федор', 'бондарчук']"
0,0,0,0,0,0,1,0,1,1,1,0,0,0,0,0,1,0,1,0,1,0,"['постановка', 'сопровождаться', 'угроза', 'театр']"
0,0,1,0,0,0,0,0,0,0,0,0,0,0,0,0,0,0,0,0,0,0,"['вскоре', 'наблюдать', 'док', 'подъезжать', 'грузовик', 'химический', 'оружие', 'массовый', 'уничтожение', 'возможный', 'русский', 'хотеть', 'вестминстер', 'отогнать']"
0,0,1,1,0,0,0,0,0,0,0,0,0,1,1,0,0,0,0,0,0,0,"['глава', 'причальный', 'стенка', 'обрушить', 'груда', 'право', 'ширма', 'фасад', 'который', 'реальный', 'общественный', 'жизнь', 'достаточно', 'отличный']"
0,0,0,0,0,0,0,0,0,0,0,0,0,0,0,0,0,0,0,0,0,0,"['отец', 'месяц', 'звонить', 'соответствующий', 'орган', 'предупреждение', 'сын', 'собираться', 'самолет', 'арестовать', 'пропустить']"
0,0,0,0,0,0,0,0,0,0,0,0,0,0,0,0,0,0,0,0,0,0,"['зонд', 'должный', 'один', 'комета', 'подвергнуть', 'спектральный', 'анализ', 'выделить', 'взрыв', 'излучение', 'определить', 'состав']"
0,1,0,0,0,0,0,0,0,0,0,0,0,0,0,0,0,0,0,0,0,0,"['немецко-фашистский', 'захватчик', 'превратить', 'руины', 'город', 'поселок', 'городской', 'тип', 'тыс', 'село', 'деревня', 'сжечь', 'промышленный', 'предприятие', 'разрушить', 'км', 'железнодорожный', 'путь', 'разграбить', 'колхоз', 'совхоз', 'машинно-тракторный', 'станция']"
0,1,0,0,0,0,0,0,0,0,0,0,1,0,0,0,0,0,0,0,0,0,"['бригада', 'шахтер', 'решать', 'вместе', 'шахта', 'семья', 'получить', 'компенсация']"
0,1,0,0,0,0,1,0,1,1,1,1,0,1,0,1,1,1,0,1,1,0,"['диверсант', 'газораспределительный', 'терминал', 'обеспечивать', 'экспорт', 'газ', 'израиль', 'иордания']"
0,0,0,0,0,0,0,0,0,0,0,0,0,0,0,0,0,0,0,0,0,0,"['вооруженный', 'преступник', 'газопровод', 'сообщить', 'источник', 'служба', 'безопасность', 'египет', 'знак-кавычки']"
0,1,0,0,0,0,0,0,0,0,0,0,1,0,0,0,0,0,0,0,0,0,"['константин', 'боровой', 'основатель', 'российский', 'товарный', 'сырьевой', 'биржа', 'совершить', 'покушение', 'бомба', 'дверь', 'квартира', 'обстрелять', 'засада', 'машина', 'загородный', 'дорога', 'расстаться', 'бизнес', 'заняться', 'политика']"
0,0,0,0,0,0,0,0,0,0,0,0,0,0,0,0,0,0,0,0,0,0,"['ноябрь', 'год', 'группа', 'основатель', 'афганский', 'фонд', 'собраться', 'котляковский', 'кладбище', 'почтить', 'память', 'бывший', 'председатель', 'михаил', 'лиходей', 'который', 'назад', 'бомба']"
0,1,0,1,0,0,0,0,0,0,0,0,1,0,0,0,0,0,0,0,0,0,"['человек', 'вон', 'пограничный', 'укрепление', 'египет', 'палестина', 'пойти', 'магазин']"
0,0,0,0,0,0,1,0,1,1,1,0,0,0,0,0,1,0,1,0,1,0,"['сын', 'школьник', 'один', 'бросить', 'граната', 'джип', 'знак-кавычки']"
0,1,0,0,0,0,1,0,1,1,1,0,0,0,0,0,1,0,0,0,1,0,"['суметь', 'погибнуть', 'москва', 'штаб-квартира']"
0,1,1,0,0,1,0,1,0,0,0,1,0,1,1,1,0,1,0,1,0,0,"['июнь', 'помещение', 'вероятный', 'спецслужба', 'казахстан']"
0,0,1,1,0,0,0,0,0,0,0,0,0,0,1,0,0,0,0,0,0,0,"['заключенный', 'обезуметь', 'ужас', 'унижение', 'котел', 'вместе']"
0,0,0,0,0,0,0,0,0,0,0,0,0,0,0,0,0,0,0,0,0,0,"['вдали', 'видный', 'встречный', 'автобус', 'ожидать', 'рабочий', 'склон']"
0,0,0,1,0,0,0,0,0,0,0,0,0,0,1,0,0,0,0,0,0,0,"['мафия', 'открытый', 'борьба', 'прокуратура', 'главный', 'прокуровор']"
0,1,0,0,0,0,0,0,0,0,0,0,0,0,0,0,0,0,0,0,0,0,"['друг', 'похитить', 'квартира', 'охотиться', 'психопат', 'врать', 'находиться', 'один', 'машина', 'уголовник', 'дно', 'канал', 'волновать', 'чистота', 'вода']"
0,1,0,0,0,0,0,0,0,0,0,0,1,0,0,0,0,0,1,0,0,0,"['предпочесть', 'поступить', 'нефтепровод', 'потребовать', 'нефтяной', 'компания', 'платить', 'дань', 'взрыв', 'больше']"
0,0,0,0,0,0,0,0,0,0,0,0,0,0,0,0,0,0,1,0,0,0,"['ведущий', 'российский', 'издание', 'пописывать', 'нью-йоркский', 'башня', 'американец']"
0,0,0,1,0,0,0,0,0,0,0,0,0,0,0,0,0,0,0,0,0,0,"['год', 'боевик', 'стоянка', 'мотоцикл', 'результат', 'погибнуть', 'человек']"
0,0,1,1,0,0,0,0,0,0,0,0,0,0,0,0,0,0,0,0,0,0,"['казенный', 'часть', 'ствол', 'противооткатный', 'устройство', 'привести', 'негодность', 'многоосный', 'тележка', 'ходовой', 'затопить']"
0,0,0,0,0,0,0,0,0,0,0,0,0,0,0,0,0,0,0,0,0,0,"['однажды', 'рота', 'должный', 'один', 'лес', 'концлагерь']"
0,1,0,0,0,0,0,0,0,0,0,0,1,0,0,0,0,0,0,0,0,0,"['удаться', 'проклятый', 'место', 'атаковать', 'партизан']"
1,0,1,1,1,1,1,1,1,1,1,1,0,1,1,1,1,1,0,1,1,0,"['понять', 'самый', 'лагерь', 'который', 'успеть']"
0,0,0,0,0,0,0,0,0,0,0,0,0,0,0,0,0,0,0,0,0,0,"['путин', 'войти', 'обычай', 'глазок', 'лишний', 'судебный', 'формальность', 'определять', 'преступник', 'дом', 'ваххабит', 'политковская', 'убить', 'березовский']"
0,1,0,0,0,0,0,0,0,0,0,0,1,0,0,0,0,0,0,0,0,0,"['йеменский', 'ячейка', 'аль-каида', 'взять', 'ответственность', 'неудачный', 'попытка', 'прошлый', 'неделя', 'американский', 'пассажирский', 'самолет', 'знак-кавычки']"
0,0,1,0,0,0,0,0,0,0,0,0,0,0,0,0,0,0,0,0,0,0,"['литва', 'партизан', 'еврей', 'проникнуть', 'вильнюс', 'городской', 'электростанция', 'столб', 'линия', 'электропередача']"
0,1,1,1,0,0,1,0,1,1,1,0,0,0,1,0,1,0,1,0,1,0,"['договор', 'капитуляция', 'россия', 'процент-знак', 'шахта', 'базирование', 'ракета', 'порезать', 'успешно', 'запустить', 'мирный', 'спутник', 'знак-кавычки']"
0,1,0,1,0,0,0,0,0,0,0,0,0,0,1,0,0,0,0,0,0,0,"['сильный', 'огонь', 'произвести', 'заход', 'уничтожить', 'танк', 'автомашина', 'цистерна', 'гитлеровец']"
0,0,0,0,0,0,0,0,0,0,0,0,0,0,0,0,0,0,0,0,0,0,"['пугачев', 'распорядиться', 'скала', 'проложить', 'дорога', 'обход', 'река']"
0,1,0,0,1,0,1,0,1,1,0,0,1,0,0,0,1,0,0,0,1,0,"['некоторый', 'время', 'экстремист', 'газопровод', 'который', 'газ', 'переправляться', 'йеменский', 'провинция', 'мариб', 'порт', 'бальхаф', 'голубой', 'топливо', 'экспортироваться', 'другой', 'страна', 'знак-кавычки']"
0,0,1,1,0,0,1,0,1,0,0,0,0,1,1,0,1,0,0,0,1,0,"['бизнесмен', 'связанный', 'новоселье', 'министр', 'загадка', 'компетентный', 'орган']"
0,0,0,0,0,0,0,0,0,0,0,0,0,0,0,0,0,0,0,0,0,0,"['предположить', 'бизнесмен', 'пытаться', 'хотеть', 'отдать', 'долг', 'желать', 'откровенный', 'беседа', 'правоохранитель']"
0,1,1,1,0,0,1,0,1,0,0,0,1,1,1,0,1,0,1,0,1,0,"['предприниматель', 'улан-удэ', 'бурятия', 'который', 'четверг', 'угрожать', 'здание', 'поджог', 'газовый', 'баллон', 'отпустить', 'отделение', 'полиция', 'грозить', 'административный', 'наказание', 'сообщить', 'представитель', 'пресс-служба', 'республиканский', 'мвд']"
0,0,0,0,0,0,0,0,0,0,0,0,1,0,0,0,0,0,0,0,0,0,"['долго', 'искать', 'область', 'применение', 'огромный', 'интеллектуальный', 'потенциал', 'умудриться', 'стать', 'террорист', 'сослать', 'ссылка', 'самодельный', 'бомба', 'один', 'собор', 'курск']"
0,0,0,0,0,0,1,0,1,1,1,0,0,0,1,0,1,0,0,0,1,0,"['марс', 'отправляться', 'корабль', 'землянин', 'который', 'должный', 'генератор', 'силовой', 'поле', 'нанести', 'ракетный', 'удар', 'орбита']"
0,1,0,0,0,0,0,0,0,0,0,0,1,0,0,0,0,0,0,0,0,0,"['владивосток', 'задержать', 'мужчина', 'позвонить', 'полиция', 'угроза', 'дом']"
0,0,0,0,0,0,0,0,0,0,0,0,0,0,0,0,0,0,0,0,0,0,"['кровь', 'соседний', 'москва', 'метро']"
0,0,0,0,0,0,0,0,0,0,0,0,0,0,0,0,0,0,0,0,0,0,"['угрожать', 'судно']"
0,0,0,0,0,0,0,0,0,0,0,0,0,0,0,0,0,0,1,0,0,0,"['летний', 'мужчина', 'великобритания', 'который', 'попытаться', 'спасть', 'жена', 'страшный', 'паук', 'конечный', 'итог', 'ванная', 'попадать', 'больница', 'знак-кавычки']"
0,0,0,0,0,0,0,0,0,0,0,0,1,0,0,0,0,0,0,0,0,0,"['месяц', 'сентябрь', 'год', 'террорист', 'аль-каида', 'башня', 'близнец', 'всемирный', 'торговый', 'центр', 'претендовать', 'представляться', 'жизнь', 'ценный', 'важный', 'обращаться', 'прах']"
0,0,0,0,0,0,0,0,0,0,0,0,0,0,0,0,0,0,0,0,0,0,"['отвергать', 'разум', 'достижимый', 'чувство', 'например', 'толпа', 'неверный', 'стать', 'шахид', 'знак-кавычки']"
0,0,0,0,0,0,0,0,0,0,0,0,1,0,0,0,0,0,0,0,0,0,"['время', 'риа', 'новость', 'сообщать', 'ссылка', 'генеральный', 'директор', 'управление', 'гражданский', 'авиация', 'турция', 'попытка', 'угон', 'предпринять', 'нетрезвый', 'россиянин', 'который', 'начало', 'скандалить', 'пригрозить', 'самолет', 'знак-кавычки', 'знак-кавычки']"
1,1,0,0,1,1,1,1,1,1,1,1,0,0,0,1,1,1,0,1,1,0,"['случиться', 'сентябрь', 'год', 'террорист', 'смертник', 'террористический', 'организация', 'аль-каида', 'международный', 'центр', 'торговля', 'нью-йорк', 'знак-кавычки']"
0,1,1,1,0,0,0,0,0,0,0,0,0,0,1,0,0,0,0,0,0,0,"['большой', 'труд', 'ребята', 'удаваться', 'центральный', 'электростанция', 'локализовать', 'робот']"
1,1,1,1,1,1,1,1,1,1,1,1,0,1,1,1,1,1,0,1,1,0,"['психически', 'неуравновешенный', 'мужчина', 'открыть', 'огонь', 'охотничий', 'ружье', 'угрожать', 'граната']"
1,1,1,1,1,1,1,1,1,1,1,1,1,1,1,1,1,1,0,1,1,0,"['слово', 'одноклассник', 'угрожать', 'школа', 'порезать', 'знак-кавычки']"
1,1,1,1,1,1,1,1,1,1,1,1,1,1,1,1,1,1,1,1,1,0,"['подсчитать', 'разом', 'бомба', 'который', 'иметься', 'каждый', 'государство', 'вполне', 'хватить', 'земля', 'разнести', 'маленький', 'кусочек']"
1,1,1,1,1,1,1,1,1,1,1,1,1,1,1,1,1,1,0,1,1,0,"['жалко', 'гад']"
1,0,1,1,1,1,1,1,1,1,1,1,0,1,1,1,1,1,0,1,1,0,"['террорист', 'планировать', 'бомба', 'второй', 'взрывной', 'устройство', 'сработать', 'сообщить', 'полиция', 'город']"
1,1,1,1,1,1,1,1,1,1,1,1,0,1,1,1,1,1,0,1,1,0,"['ядерный', 'запас', 'россия', 'один', 'точка', 'планета', 'стряхнуть', 'орбита']"
1,1,0,1,1,1,1,1,1,1,1,1,0,1,1,1,1,1,0,1,1,0,"['второй', 'мировой', 'война', 'немец', 'решить', 'храм', 'территория', 'захватить', 'немецкий', 'войско', 'бомбить', 'воздух']"
0,0,1,1,0,0,0,0,0,0,0,0,0,1,1,0,0,0,0,0,0,0,"['выжечь', 'солнце', 'земля', 'афганистан', 'вдруг', 'встать', 'дыбом', 'неукротимый', 'сила', 'бтр', 'мир', 'накрыть', 'тьма']"
1,1,1,1,1,1,1,1,1,1,1,1,1,1,1,1,1,1,0,1,1,0,"['рассуждение', 'случиться', 'багаж', 'находиться', 'бомба', 'захотеть', 'самолет', 'некоторый', 'пассажир', 'воспринять', 'всерьез', 'отказаться', 'перелет', 'сдать', 'билет']"
1,1,1,1,1,1,1,1,1,1,1,1,0,1,1,1,1,1,0,1,1,0,"['тикрит', 'родной', 'город', 'свергнуть', 'диктатор', 'террорист', 'смертник', 'заминировать', 'автомобиль', 'полицейский', 'участок', 'результат', 'ранение', 'получить', 'мирный', 'житель', 'военнослужащий', 'национальный', 'гвардия', 'передавать', 'итар-тасс']"
1,1,1,1,1,1,1,1,1,1,1,1,0,1,1,1,1,1,0,1,1,0,"['данные', 'следствие', 'летний', 'шахавар', 'матин', 'сирадж', 'работать', 'исламский', 'книжный', 'магазин', 'намереваться', 'бомба', 'станция', 'отместка', 'жестокий', 'обращение', 'заключенный', 'иракский', 'тюрьма', 'абу', 'граиб']"
1,1,0,0,1,1,1,1,1,1,1,1,1,0,0,1,1,1,0,1,1,0,"['неважно', 'сработать', 'ствол', 'остальной', 'взорваться', 'рука', 'основной', 'масса', 'заряд']"
1,0,1,1,1,1,1,1,1,1,1,1,0,1,1,1,1,1,1,1,1,0,"['вначале', 'подумать', 'подземка', 'ларек']"
1,1,1,1,1,1,1,1,1,1,1,1,1,1,0,1,1,1,0,1,1,0,"['отступать', 'немецкий', 'войско', 'мост', 'будапешт', 'свобода', 'довольно', 'быстро', 'восстановить', 'открытый', 'движение']"
1,0,1,1,1,1,1,1,1,1,1,1,0,1,1,1,1,1,0,1,1,0,"['милиционер', 'разгон', 'толпа', 'шумовой', 'шашка']"
1,1,1,1,1,1,1,1,1,1,1,1,0,1,1,1,1,1,0,1,1,0,"['террорист', 'смертник', 'бомба', 'начинить', 'металлический', 'предмет', 'международный', 'терминал', 'аэропорт']"
1,1,1,1,1,1,0,1,0,1,0,1,1,1,1,1,0,1,0,1,0,0,"['один', 'летать', 'объект', 'удаться', 'доставить', 'юго-восточный', 'деревушка', 'олдермастон']"
1,1,0,1,1,1,1,1,1,1,1,1,1,1,1,1,1,1,0,1,1,0,"['т.', 'известный', 'запылить', 'звезда', 'темп', 'взрыв', 'низкий']"
1,1,1,0,1,1,1,1,1,1,1,1,0,1,0,1,1,1,0,1,1,0,"['любой', 'человек', 'знать', 'боевик', 'зал']"
1,1,1,1,1,1,1,1,1,1,1,1,0,1,1,1,1,1,0,1,1,0,"['минута', 'пройти', 'перестрелка', 'сказать', 'взрыв', 'случайный', 'боевик']"
0,1,1,1,1,1,0,1,0,0,0,1,1,1,1,1,0,1,0,1,0,0,"['спортзал', 'начать', 'штурм', 'знак-кавычки']"
0,1,0,1,0,0,0,0,0,0,0,1,1,1,1,1,0,0,0,1,0,0,"['взрыв', 'взорваться', 'фугас', 'боевик']"
1,1,1,0,1,1,1,1,1,1,1,1,1,1,0,1,1,1,0,1,1,0,"['милиция', 'аргумент', 'оказаться', 'исчерпать', 'завод', 'вдруг', 'сыграть', 'боевой', 'тревога', 'внезапно', 'поступить', 'информация', 'террорист', 'бомба', 'знак-кавычки']"
1,1,0,1,1,1,0,1,0,0,0,1,0,1,1,1,0,1,0,1,0,0,"['сообщение', 'представитель', 'полиция', 'смертник', 'толпа', 'человек', 'многолюдный', 'рынок', 'погибнуть', 'ранить', 'ребенок']"
1,1,1,1,1,1,1,1,1,1,1,1,0,1,1,1,1,1,0,1,1,0,"['пригрозить', 'бункер', 'нарезать', 'кусочек', 'приятель']"
1,1,1,1,1,1,1,1,1,1,1,1,0,1,1,1,1,1,0,1,1,0,"['никто', 'учиться', 'ошибка', 'жаль', 'ядерный', 'водородный', 'бомба', 'научиться', 'применять']"
1,1,1,1,1,1,1,1,1,1,1,1,0,1,1,1,1,1,0,1,1,0,"['устранить', 'угодный', 'начальство', 'особа', 'легкий', 'поведение', 'мочкануть', 'управляющий', 'спереть', 'документ', 'кабинет', 'директор']"
1,1,0,0,1,1,1,1,1,1,1,1,1,0,0,1,1,1,1,1,1,0,"['июль', 'год', 'курчалоевский', 'район', 'террористка', 'смертница', 'попытаться', 'рамзан', 'кадыров', 'помешать', 'охрана']"
1,0,1,0,1,1,1,1,1,1,1,1,0,1,1,1,1,1,0,1,1,0,"['такой-то', 'число', 'этаж', 'бомба']"
1,1,1,1,1,1,1,1,1,1,1,1,1,1,1,1,1,1,0,1,1,0,"['немецкий', 'сапер', 'подвал']"
1,1,1,1,1,1,1,1,1,1,1,1,0,1,1,1,1,1,0,1,1,0,"['врываться', 'забайкалье', 'пытаться', 'железнодорожный', 'тоннель', 'транссибирский', 'магистраль']"
1,1,1,1,1,1,1,1,1,1,1,1,1,1,1,1,1,1,1,1,1,0,"['враг', 'рыть', 'земля', 'галерея', 'заложить', 'мина', 'русский', 'укрепление']"
1,1,1,1,1,1,1,1,1,1,1,1,1,0,1,1,1,1,1,1,1,0,"['главнокомандующий', 'князь', 'горчик', 'приказать', 'уцелеть', 'укрепление', 'оставить', 'город']"
1,1,1,0,1,1,0,1,0,1,1,1,1,1,0,1,0,1,1,1,0,0,"['террорист', 'смертник', 'церковь', 'момент', 'выходить', 'человек', 'окончание', 'богослужение']"
0,1,0,1,0,0,1,0,1,1,1,0,1,1,1,0,1,0,1,0,1,0,"['стоить', 'говорить', 'колоссальный', 'ответственность', 'лежать', 'немой', 'требоваться', 'ювелирный', 'расчет', 'ситуация', 'ошибиться', 'другой', 'сторона', 'оставить', 'враг', 'ленинградский', 'завод', 'напрасно']"
0,0,1,1,0,0,1,0,1,1,1,1,1,1,1,1,1,1,1,1,1,0,"['партизан', 'совершать', 'многочисленный', 'диверсия', 'железный', 'дорога', 'склад', 'боеприпасы', 'база', 'горючее']"
1,0,0,0,1,1,1,1,1,1,1,1,0,0,0,1,1,1,1,1,1,0,"['отряд', 'подготовить', 'группа', 'боевик', 'который', 'провести', 'дерзкий', 'диверсионный', 'акт', 'железнодорожный', 'мост', 'немецкий', 'офицерский', 'казарма', 'пушкинский', 'гора']"
0,1,0,1,0,0,0,0,0,0,0,1,0,1,1,1,0,1,1,1,0,0,"['задание', 'агентурщик', 'большой', 'количество', 'ремонтный', 'мастерский', 'маслозавод', 'другой', 'предприятие', 'работать', 'немец']"
1,0,0,1,1,1,0,1,0,1,0,1,0,0,1,1,0,1,1,1,0,0,"['ночь', 'ноябрь', 'самостоятельно', 'мост', 'один', 'шоссейный', 'дорога', 'километр', 'поселок', 'полный', 'второй', 'река', 'желча', 'деревня', 'корытно', 'забельский']"
1,1,1,1,1,1,1,1,1,1,1,1,1,1,1,1,1,1,1,1,1,0,"['целое', 'бригада', 'время', 'эшелон', 'живой', 'сила', 'техника', 'противник', 'безусловно', 'заслуживать', 'высокий', 'оценка', 'вызывать', 'озлобленность', 'немецкий', 'тыловой', 'командование']"
1,0,0,0,1,1,1,1,0,1,1,1,0,0,0,1,1,1,1,1,1,0,"['октябрь', 'год', 'местный', 'житель', 'мост', 'река', 'курей', 'который', 'проходить', 'узкоколейка', 'вывоз', 'лес']"
1,1,1,0,1,1,0,1,1,0,1,1,1,1,0,1,1,1,0,1,1,0,"['отрицать', 'храм', 'христос', 'спаситель', 'десятилетие', 'возвести', 'подобие']"
1,0,1,1,1,1,1,1,1,1,1,1,1,1,1,1,1,1,1,1,1,0,"['цель', 'террорист', 'продержать', 'заложник', 'бомба', 'убить', 'далее']"
1,1,1,1,1,1,1,1,1,1,1,1,1,1,1,1,1,1,1,1,1,0,"['сообщать', 'привести', 'решение', 'планета', 'фаэтон', 'перебросить', 'межпланетный', 'взаимодействие', 'основной', 'часть', 'масса', 'земля', 'реализовать', 'примерно', 'тыс', 'год', 'назад']"
1,1,1,1,1,1,1,1,1,1,1,1,1,1,1,1,1,1,1,1,1,0,"['радикальный', 'предложение', 'попытаться', 'столкнуть', 'астероид', 'нынешний', 'орбита']"
1,1,1,1,1,1,1,1,1,1,1,1,1,1,1,1,1,1,1,1,1,0,"['запомнить', 'угон', 'немец', 'население', 'левшин', 'михаил', 'александрович', 'г.', 'р.', 'житель', 'дмитровск', 'отступать', 'начало', 'август', 'год', 'здание', 'аптека', 'городской', 'управа', 'комендатура', 'пекарня', 'клуб', 'парижок', 'знак-кавычки', 'знак-кавычки']"
1,1,0,1,1,1,1,1,1,1,1,1,1,1,1,1,1,1,1,1,1,0,"['обращать', 'внимание', 'особый', 'цинизм', 'уничтожение', 'памятник', 'демонтировать', 'взрыв', 'погибнуть', 'мирный', 'человек']"
1,0,1,1,0,1,0,1,0,1,0,1,1,1,1,1,0,1,1,1,0,0,"['опасный', 'груз', 'образец', 'сороковой', 'год', 'вес', 'оказаться', 'предел', 'полкилограмма', 'вывезти', 'полигон']"
1,0,1,1,1,1,1,1,1,1,1,1,1,1,1,1,1,1,1,1,1,0,"['стена', 'красоваться', 'краткий', 'зарисовка', 'поведение', 'птица', 'камень', 'падать', 'башня', 'эмпайр', 'стэйт', 'билдинг', 'сентябрь', 'год']"
1,1,1,1,1,1,1,1,1,1,1,1,1,1,1,1,1,1,1,1,1,0,"['персонал', 'ликвидировать', 'сооружение']"
1,0,0,0,1,1,1,1,1,1,1,1,0,0,0,1,1,1,1,1,1,0,"['подозрение', 'причастность', 'подготовка', 'преступление', 'задержать', 'человек', 'который', 'слово', 'судья', 'исмаэль', 'морать', 'готовиться', 'общественный', 'городской', 'транспорт', 'конец', 'текущий', 'неделя']"
1,0,1,1,1,1,1,1,1,1,1,1,0,1,1,1,1,1,1,1,1,0,"['фишер', 'принимать', 'участие', 'ликвидация', 'террористический', 'группа', 'состоять', 'человек', 'который', 'прибыль', 'москва', 'задание', 'пятый', 'этаж', 'здание', 'площадь', 'носить', 'имя', 'феликс', 'дзержинский']"
1,1,1,1,1,1,1,1,1,1,1,1,1,1,1,1,1,1,1,1,1,0,"['лодка', 'стоять', 'разобрать', 'механизм', 'покинуть', 'гангэ', 'экипаж', 'корабль', 'достаться', 'немец']"
1,0,1,0,1,1,1,1,1,1,1,1,0,1,0,1,1,1,1,1,1,0,"['неизвестный', 'террористический', 'организация', 'грозить', 'железный', 'дорога', 'франция', 'требовать']"
1,1,1,0,1,1,1,1,1,1,1,1,1,1,0,1,1,1,1,1,1,0,"['война', 'япония', 'атомный', 'бомба', 'японский', 'город', 'хиросима', 'нагасаки']"
0,0,1,1,0,1,1,0,1,1,1,0,1,1,1,0,1,0,1,0,1,0,"['сотрудник', 'гпу', 'александр', 'энгельгарт', 'получить', 'задание', 'вместе', 'другой', 'агент', 'поджечь', 'первый', 'часть', 'архив']"
0,1,1,1,0,1,1,1,1,1,1,0,1,1,1,0,1,1,1,1,1,0,"['молодой', 'человек', 'позвонить', 'милиция', 'сообщить', 'собираться', 'подъезд']"
1,0,1,1,1,1,1,1,1,1,1,1,1,1,1,1,1,1,1,1,1,0,"['ночь', 'февраль', 'год', 'презирать', 'смерть', 'подползти', 'вплотную', 'блиндаж', 'противник', 'который', 'находиться', 'раненый', 'боец', 'граната', 'уничтожить', 'немой', 'фриц', 'самый', 'спас', 'жизнь', 'эвакуировать', 'поле', 'бой', 'контузить', 'знак-кавычки']"
1,0,1,0,1,1,1,1,1,1,1,1,0,1,0,1,1,1,1,1,1,0,"['далеко', 'полный', 'данные', 'время', 'оккупация', 'совершить', 'боевой', 'операция', 'уничтожить', 'тысяча', 'солдат', 'офицер', 'гитлеровский', 'армия', 'железнодорожный', 'эшелон']"
1,0,0,1,1,1,1,1,1,1,1,1,1,0,1,1,1,1,1,1,1,0,"['объединить', 'усилие', 'устроить', 'теракт', 'метро', 'бомба', 'вагон', 'ехать']"
1,0,1,1,1,1,1,1,1,1,1,1,0,1,1,1,1,1,1,1,1,0,"['остаться', 'запас', 'бензин', 'который', 'влезть', 'транспорт', 'андреа', 'предлагать', 'достаться', 'губернатор', 'человек', 'знак-кавычки', 'знак-кавычки']"
1,0,1,1,1,1,1,1,1,1,1,1,1,1,1,1,1,1,1,1,1,0,"['управление', 'массовый', 'взрыв', 'аппаратура', 'позволять', 'выполнять', 'инициирование', 'блок', 'один', 'команда', 'заданный', 'последовательность', 'интервал', 'временный', 'выдержка', 'выборочно', 'остальной']"
1,0,1,0,1,1,1,1,1,1,1,1,0,1,0,1,1,1,0,1,1,0,"['напомнить', 'январь', 'половина', 'пятый', 'вечер', 'террорист', 'смертник', 'другой', 'версия', 'сообщница', 'толпа', 'встречать', 'аэропорт', 'домодедово', 'знак-кавычки']"
0,0,0,1,0,0,1,0,1,1,1,0,1,1,1,0,1,0,1,0,1,0,"['исчезновение', 'лаз', 'объясняться', 'скоро', 'проход', 'земля', 'уничтожить', 'засыпать', 'конец', 'начало', 'год', 'столетие']"
0,0,1,0,0,0,1,0,1,1,1,0,0,1,0,0,1,0,1,0,1,0,"['практически', 'причтей', 'стать', 'случай', 'молодой', 'британец', 'арестовать', 'осудить', 'эмоциональный', 'запись', 'снегопад', 'прекратиться', 'дать', 'улететь', 'каникулы', 'аэропорт', 'знак-кавычки']"
1,1,1,0,1,1,0,1,1,0,0,0,1,0,0,0,1,0,1,0,0,0,['подкоп']
1,1,1,1,1,1,1,1,1,1,1,1,1,1,1,1,1,1,1,1,1,0,"['откладывать', 'бомба', 'загонять', 'соперник', 'угол', 'стараться']"
1,0,0,1,1,1,1,1,1,1,1,1,0,1,1,1,1,1,1,1,1,0,"['недовольный', 'работа', 'общественный', 'транспорт', 'мужчина', 'вытащить', 'карман', 'сотовый', 'телефон', 'набрать', 'сообщить', 'диспетчер', 'станция', 'метро', 'проспект', 'победа', 'открыть', 'знак-кавычки', 'знак-кавычки']"
0,1,1,0,0,0,0,0,0,0,0,0,0,1,0,0,0,0,1,0,0,0,"['подрывной', 'деятельность', 'местный', 'житель', 'приступить', 'день', 'назад', 'устраивать', 'фейерверк', 'запускать', 'ракета', 'хлопушка', 'петарда']"
1,0,0,0,1,1,1,1,1,1,1,1,0,0,0,1,1,1,1,1,1,0,"['затопить', 'линкор', 'французский', 'экипаж', 'орудие', 'турбина', 'прибор', 'подлежать', 'восстановление']"
1,1,1,1,1,1,1,1,1,1,1,1,0,1,1,1,1,1,1,1,1,0,"['тайный', 'убежище', 'египетский', 'террорист', 'брать', 'интервью', 'пакистанский', 'студент', 'собираться', 'совершить', 'теракт', 'чикагский', 'небоскреб', 'встречаться', 'дочь', 'иракский', 'генерал', 'служить', 'саддам', 'видеть', 'палестинский', 'смертник', 'войти', 'кафе', 'пояс', 'шахид', 'бывать', 'база', 'афгано', 'граница', 'участвовать', 'операция', 'поимка', 'бен', 'ладен']"
0,1,1,1,0,1,1,1,1,1,1,1,1,1,1,1,1,1,1,1,1,0,"['учеба', 'должный', 'закончить', 'октябрь', 'го', 'заниматься', 'гидродинамика', 'аэродинамика', 'писать', 'дипломный', 'работа', 'профессор', 'поляхов', 'август', 'американец', 'атомный', 'бомба']"
1,1,1,1,1,1,1,1,1,1,1,1,1,1,1,1,1,1,1,1,1,0,"['танкер', 'нефть']"
1,0,1,1,1,1,0,1,0,0,0,1,1,1,1,1,0,1,0,1,0,0,"['лейтенант', 'луиджи', 'ферраро', 'известный', 'заплыв', 'турецкий', 'порт', 'мерсин', 'александретта', 'заминировать', 'транспорт', 'вспоминать', 'школа', 'подготовка', 'пловец', 'вальдано', 'время', 'район', 'находиться', 'рука', 'немец', 'встретиться', 'английский', 'офицер', 'лайонел', 'крэбб', 'итальянец', 'марцуло', 'знак-кавычки']"
0,0,1,0,0,0,0,0,0,0,0,0,0,1,0,0,0,0,1,0,0,0,"['потребоваться', 'машина', 'роман', 'зайти', 'полицейский', 'участок', 'афины', 'поинтересоваться', 'согласиться', 'объяснить', 'знак-кавычки']"
1,0,0,1,1,1,0,1,0,0,0,1,1,0,0,1,0,1,0,1,0,0,"['вести', 'вода', 'акведук', 'выброс', 'тысяча', 'кубометр', 'земля']"
1,0,1,1,1,1,1,1,1,1,1,1,1,1,1,1,1,1,1,1,1,0,"['построить', 'необходимо', 'млн', 'кубометр', 'скальный', 'порода', 'вывести', 'рыхлый', 'грунт', 'уложить', 'бетон']"
1,0,1,0,1,1,0,1,0,0,1,1,1,1,0,1,0,1,1,1,0,0,"['уход', 'наполеон', 'приказать', 'кремль', 'другой', 'памятник', 'культура', 'уцелеть', 'пожар']"
0,1,1,1,0,0,0,0,0,0,0,1,1,1,1,1,0,1,1,1,0,0,"['пакистанский', 'арабский', 'телевидение', 'показать', 'видеозапись', 'иорданский', 'смертник', 'который', 'целый', 'группа', 'сотрудник', 'цру', 'афганистан']"
1,0,0,0,1,1,1,1,1,1,1,1,1,1,1,1,1,1,1,1,1,0,"['понимать', 'отличие', 'любимый', 'книга', 'прислать', 'прогрессор', 'земля', 'который', 'чертовый', 'матерь', 'башня', 'решить', 'проблема']"
1,1,1,1,1,1,0,1,0,1,1,0,1,1,1,0,0,1,1,1,0,0,"['подразделение', 'народный', 'фронт', 'освобождение', 'эритрея', 'захватить', 'господствующий', 'высота', 'водопровод', 'город', 'конец', 'подослать', 'запас', 'вода']"
1,1,0,1,1,1,1,1,1,1,1,1,1,1,0,1,1,1,1,1,1,0,"['новоалександровск', 'предотвратить', 'покушение', 'местный', 'предприниматель', 'который', 'пытаться', 'собственный', 'автомобиль']"
1,0,1,0,1,1,1,1,0,0,0,0,1,0,1,0,1,1,1,1,0,0,"['один', 'памятный', 'старожил', 'партизан', 'пытаться', 'мост', 'расстрелять', 'прикопать', 'вместе', 'детонатор', 'мина', 'улика']"
0,0,1,1,0,0,0,0,0,0,0,0,0,0,1,0,0,0,1,0,0,0,"['исключать', 'вариант', 'который', 'преступник', 'использовать', 'водитель', 'втемную', 'оставить', 'машина']"
0,0,1,1,0,0,1,0,1,0,0,0,1,1,1,0,1,0,1,0,1,0,"['герой', 'фильм', 'военнослужащий', 'который', 'дать', 'задание', 'разузнать', 'поезд']"
0,0,1,0,0,0,0,0,0,0,0,0,1,0,0,0,0,0,1,0,0,0,"['статуя', 'будда', 'црушник', 'говорить']"
1,1,1,0,1,1,1,1,1,1,1,1,1,0,0,1,1,1,1,1,1,0,"['обратимый', 'внимание', 'мягко', 'стать', 'намекать', 'зданович', 'отсутствие', 'рязань', 'состав', 'преступление', 'попытка', 'дом', 'убеждать', 'шуметь']"
1,0,1,0,1,1,1,1,1,1,1,0,1,1,0,0,1,0,1,1,1,0,"['пресс', 'служба', 'фсб', 'поступить', 'сообщение', 'проверка', 'содержимое', 'рязанский', 'мешок', 'вывезти', 'полигон', 'попытаться']"
1,1,1,0,1,1,0,1,0,0,0,1,1,0,0,1,0,1,1,1,0,0,"['посудить', 'взрыватель', 'украсть', 'должный', 'нести', 'ответственность', 'ребенок', 'бомж', 'найти', 'мешок', 'сахар']"
0,0,1,1,0,0,0,0,0,0,0,0,1,1,1,0,0,0,1,0,0,0,"['конец', 'октябрь', 'омск', 'сотрудник', 'управление', 'фсб', 'омский', 'область', 'фальшивый', 'документ', 'беспрепятственно', 'заехать', 'автомобиль', 'территория', 'предприятие', 'омскводоканал', 'преодолевать', 'трехуровневый', 'защита', 'емкость', 'жидкий', 'хлор', 'знак-кавычки', 'знак-кавычки']"
0,1,1,1,0,1,0,1,0,0,0,0,1,1,1,0,0,0,1,0,0,0,"['количество', 'взрывчатый', 'вещество', 'достаточно', 'дом']"
0,0,0,0,0,0,0,0,0,0,0,0,0,0,0,0,0,0,1,0,0,0,"['некрасиво', 'выглядеть', 'террорист', 'дом', 'рязань', 'использовать', 'машина', 'числиться', 'автопарк', 'фсб']"
0,0,1,1,0,0,0,0,0,0,0,0,0,1,1,0,0,0,1,0,0,0,"['русский', 'дом', 'убить', 'человек', 'женщина', 'рыдать', 'труп', 'родной', 'язык', 'проклинать', 'сделать']"
1,1,0,0,1,1,0,1,0,0,0,1,1,0,0,1,0,1,1,1,0,0,"['третий', 'спохватиться', 'гексоген', 'производить', 'россия', 'закрытый', 'военный', 'предприятие', 'установить', 'купить', 'самый', 'который', 'дома', 'стоить', 'ничто']"
1,0,1,1,0,1,1,1,1,1,1,1,1,1,1,1,1,1,1,1,1,0,"['конец', 'сентябрь', 'предполагаться', 'жилой', 'здание', 'рязань', 'тула', 'псков', 'самара']"
0,0,1,1,0,1,0,1,0,0,0,0,1,1,1,0,0,1,1,1,0,0,"['соображение', 'политический', 'целесообразность', 'захотеть', 'дом', 'повысить', 'боевой', 'дух', 'нация']"
1,0,1,0,1,1,0,1,0,0,0,0,0,0,0,0,0,0,1,0,0,0,"['отсутствие', 'правдивый', 'информация', 'породить', 'версия', 'спецслужба', 'действительно', 'хотеть', 'жилой', 'дом', 'рязань', 'оправдание', 'наступление', 'федеральный', 'войско', 'чечня', 'поднятие', 'боевой', 'дух', 'солдат']"
1,0,1,0,1,1,0,1,0,0,0,1,0,0,0,1,0,1,1,1,0,1,"['переход', 'партия', 'спс', 'кремлевский', 'политический', 'пул', 'ситуация', 'демократический', 'фланг']"
0,1,0,0,0,0,0,0,0,0,0,0,0,0,0,0,0,0,0,0,0,1,"['снг', 'обернуться', 'череда', 'конфликт', 'разрушение']"
1,1,1,1,1,1,1,1,1,1,1,1,1,0,1,1,1,1,1,1,1,1,"['кубинец', 'рынок', 'приобретение', 'локофан']"
1,1,1,1,1,1,1,1,1,1,1,1,1,1,1,1,1,1,0,1,1,1,"['писать', 'комсомольский', 'правда', 'попытка', 'аэрофлот', 'связанный', 'предпочтение', 'автоваз', 'банк', 'мост-банк', 'интерес', 'оказаться', 'ущемить', 'знак-кавычки', 'знак-кавычки', 'знак-кавычки', 'знак-кавычки', 'знак-кавычки']"
0,0,1,1,0,0,0,0,0,0,0,0,0,1,1,0,0,0,1,0,0,1,"['кристиан', 'диор', 'создать', 'собственный', 'дом', 'мода', 'представить', 'суд', 'общественность', 'первый', 'коллекция', 'который', 'тогдашний', 'мир', 'буквально']"
0,0,0,1,0,0,1,0,1,0,0,0,0,0,1,0,1,0,1,0,0,1,"['самый', 'главное', 'гениальный', 'идея', 'который', 'способный', 'виртуальный', 'мир', 'знак-кавычки']"
1,0,0,1,1,1,1,1,1,1,1,1,1,0,1,1,1,1,1,1,1,1,"['большой', 'ситуация', 'таджикистан', 'киргизия', 'узбекистан', 'апробировать', 'механизм']"
1,0,1,0,1,1,1,1,1,1,1,1,1,0,0,1,1,1,1,1,1,1,"['отметить', 'прекрасный', 'повод', 'встретиться', 'поклонник', 'юбилей', 'творческий', 'деятельность', 'красивый', 'очередной', 'москва', 'порадовать', 'человек', 'знак-кавычки']"
1,0,1,1,1,1,1,1,1,1,1,1,0,1,1,1,1,1,1,1,1,1,"['год', 'родиться', 'коктейль', 'молотов', 'который', 'середина', 'мозги', 'американский', 'аудитория', 'знак-кавычки', 'буквально']"
1,1,1,1,1,1,1,1,1,1,1,1,1,1,1,1,1,1,0,1,1,1,"['дорога', 'вести', 'нальчик', 'кабардино-балкария', 'ситуация', 'северный', 'кавказ']"
0,0,0,0,0,0,0,0,0,0,0,0,0,0,0,0,0,0,1,0,0,1,"['скоро', 'аль-каида', 'понять', 'понимать', 'спецслужба', 'местный', 'джамаат', 'ситуация', 'республика', 'практически', 'северный', 'кавказ', 'использовать', 'связь', 'адыг', 'который', 'расселить', 'черный', 'море', 'каспий', 'знак-кавычки']"
0,0,0,0,0,0,1,0,1,1,1,0,1,0,0,0,1,0,1,0,1,1,"['ситуация', 'испанец', 'кросас', 'краска', 'описать', 'твиттер']"
0,0,0,0,0,0,0,0,0,0,0,0,0,0,0,0,0,0,1,0,0,1,"['новый', 'задание', 'отыскать', 'создатель', 'серия', 'загадочный', 'видеоклип', 'появление', 'который', 'сеть', 'мировой', 'андеграунд', 'буквально']"
1,0,1,0,1,1,0,1,0,0,0,0,0,0,0,0,0,0,0,0,0,1,"['хит', 'песня', 'взгляд', 'чарт', 'ближайший', 'будущее', 'знак-кавычки', 'знак-кавычки']"
0,0,1,1,0,0,0,0,0,0,0,0,0,1,1,0,0,0,1,0,0,1,"['зал', 'прямой', 'переносный', 'смысл', 'герой', 'группа', 'технология', 'знак-кавычки', 'буквально']"
0,0,1,1,0,0,0,0,0,0,0,0,1,0,1,0,0,0,0,0,0,1,"['первый', 'гомеопатический', 'лечебный', 'диагностический', 'центр', 'аконит', 'гомеомед', 'тихий', 'застойный', 'мирок', 'медицинский', 'услуга', 'прямой', 'эфир', 'программа', 'радио', 'знак-кавычки', 'знак-кавычки', 'знак-кавычки', 'буквально']"
0,0,1,0,0,0,0,0,0,0,0,0,0,0,0,0,0,0,1,0,0,1,"['проблема', 'юг', 'осетия', 'стать', 'последний', 'капля', 'который', 'стабильность', 'российский', 'северный', 'кавказ']"
0,0,1,0,0,0,1,0,1,1,1,0,0,1,0,0,1,0,1,0,1,1,"['антигламурный', 'песня', 'комбайнер', 'игорь', 'растеряев', 'интернет']"
1,0,1,1,1,1,1,1,1,1,1,1,1,1,1,1,1,1,1,1,1,1,"['превратиться', 'ретранслятор', 'чужой', 'боль', 'который', 'спокойствие', 'ментальный', 'поле', 'мягкокрыл']"
1,0,1,1,1,1,0,1,0,0,0,1,0,1,1,1,0,1,1,1,0,1,"['декабрь', 'олимпийский', 'знак-кавычки', 'знак-кавычки']"
1,1,1,1,1,1,1,1,1,1,1,1,1,1,1,1,1,1,1,1,1,1,"['случайно', 'возникать', 'ситуация', 'разовый', 'мероприятие', 'финансовый', 'спекулянт', 'способный', 'вполне', 'здоровый', 'первый', 'взгляд', 'экономический', 'политический', 'структура']"
1,1,1,0,1,1,1,1,1,1,1,1,1,1,0,1,1,1,1,1,1,1,"['ситуация', 'вопиять', 'ошибка', 'уругваец', 'хорхе', 'ларрионд', 'который', 'первый', 'этап', 'плей-офф', 'увидеть', 'гол', 'фрэнк', 'лэмпард', 'ворота', 'сборная', 'германия']"
1,0,1,1,1,1,1,1,1,1,1,1,1,1,1,1,1,1,1,1,1,1,"['практически', 'стать', 'ясно', 'некритический', 'продолжение', 'логика', 'выживание', 'прикрывать', 'риторика', 'многовекторность', 'вести', 'десятилетие', 'накапливать', 'усугублять', 'проблема', 'который', 'любой', 'момент', 'хаотизировать', 'постсоветский', 'пространство', 'знак-кавычки']"
1,0,0,1,1,1,1,1,1,1,1,1,0,1,1,1,1,1,1,1,1,1,"['тема', 'дом', 'сибиряк', 'провалить', 'кастинг', 'знак-кавычки']"
1,0,1,1,1,1,1,1,1,1,1,1,0,1,0,1,1,1,1,1,1,1,"['весна', 'эксперт', 'публично', 'предупреждать', 'губернатор', 'николай', 'виноградов', 'многое', 'авантюрный', 'постановление', 'ноябрь', 'г.', 'местный', 'земельный', 'рынок', 'обескровить', 'бизнес', 'знак-кавычки', 'знак-кавычки']"
1,0,1,1,1,1,1,1,1,1,1,1,1,1,1,1,1,1,1,1,1,1,"['хотеть', 'школа', 'изнутри', 'социальный', 'неравенство']"
1,1,1,1,1,1,1,1,1,1,1,1,1,1,1,1,1,1,1,1,1,1,"['служба', 'специальный', 'финансовый', 'средство', 'сгинуть', 'революционный', 'смута', 'конец', 'великий', 'отечественный', 'война', 'неучтенный', 'казна', 'снова', 'пополниться', 'рука', 'последователь', 'государев', 'человек', 'оказаться', 'акция', 'веймарский', 'республика', 'бомба', 'способный', 'экономика', 'европа', 'знак-кавычки']"
1,0,1,1,1,1,1,1,1,1,1,1,1,1,1,1,1,1,1,1,1,1,"['прогноз', 'специалист', 'продажа', 'социальный', 'сеть', 'вполне', 'рынок', 'интернет', 'ближайший', 'год', 'стоить', 'игнорировать', 'текущий', 'возможность', 'работа', 'клиент', 'существующий', 'будущий', 'знак-кавычки']"
1,0,1,1,1,1,1,1,1,1,1,1,1,1,1,1,1,1,1,1,1,1,"['функциональный', 'возможность', 'модель', 'мозг']"
1,1,1,1,1,1,1,1,1,1,1,1,1,1,1,1,1,1,1,1,1,1,"['ита', 'служба', 'предстоять', 'устареть', 'подход']"
1,1,1,0,1,1,1,1,1,1,1,1,0,1,0,1,1,1,1,1,1,1,"['ужасно', 'число', 'заложник', 'ребенок', 'акция', 'хрупкий', 'баланс', 'межконфессиональный', 'межнациональный', 'отношение', 'регион']"
1,1,1,0,1,1,1,1,1,1,1,1,1,1,0,1,1,1,1,1,1,1,"['перл', 'диктор', 'сказать', 'хиросома', 'виноватый', 'мозг', 'смысл', 'выходить', 'доктор', 'гормон', 'знак-кавычки']"
1,0,1,1,1,1,1,1,1,1,1,1,1,1,1,1,1,1,1,1,1,1,"['накопление', 'факт', 'позволять', 'устояться', 'представление', 'мир', 'происходить', 'медленно']"
1,1,1,0,1,1,1,1,1,1,1,1,1,1,0,1,1,1,1,1,1,1,"['тупой', 'вопрос', 'придумывать', 'мозг', 'враг']"
1,0,1,1,1,1,1,1,1,1,1,1,0,1,1,1,1,1,1,1,1,1,"['ситуация', 'руцкой']"
1,0,1,1,1,1,1,1,1,1,1,1,0,1,1,1,1,1,1,1,1,1,"['любой', 'сфера', 'однажды', 'находиться', 'один', 'человек', 'который', 'мыслить', 'широко', 'практичный', 'смело', 'бунтарь', 'готовый', 'устояться', 'положение', 'вещь', 'переменить', 'кардинальный']"
1,0,1,1,1,1,1,1,1,1,1,1,0,1,1,1,1,1,1,1,1,1,"['свободный', 'египет', 'ликовать', 'мубарак', 'удрать', 'страна', 'новостной', 'канал', 'пятница', 'информация', 'который', 'давно', 'ждать', 'буквально']"
0,0,1,1,0,1,0,1,0,1,0,0,1,1,1,0,0,1,1,1,0,1,"['елена', 'костюченко', 'который', 'весна', 'практически', 'блогосфера', 'запись', 'сегодня', 'идти', 'гей', 'парад', 'интервью', 'газета', 'признаться', 'закон', 'парализовать', 'движение', 'питер', 'знак-кавычки', 'знак-кавычки']"
1,1,1,1,1,1,1,1,1,1,1,1,1,1,1,1,1,1,1,1,1,1,"['проект', 'петровка', 'просуществовать', 'полгода', 'успеть', 'клубный', 'жизнь', 'знак-кавычки']"
0,0,1,0,0,0,0,0,0,0,0,0,1,0,0,0,0,0,1,0,0,1,"['понимать', 'плевать', 'закон', 'условность', 'общество', 'стремиться']"
0,0,1,0,0,1,1,0,0,1,0,1,1,1,1,1,1,1,1,1,1,1,"['новый', 'законопроект', 'штраф', 'пропаганда', 'гомосексуализм', 'педофилия', 'блогосфера']"
0,0,0,0,0,0,0,0,0,0,0,0,1,0,0,0,0,0,1,0,0,1,[]
0,0,1,0,0,0,0,0,0,0,0,0,0,0,0,0,0,0,1,0,0,1,"['программа', 'здоровье', 'руководство', 'елена', 'малышева', 'последний', 'время', 'просто', 'российский', 'интернет']"
0,0,0,0,0,0,0,0,0,0,0,0,1,1,0,0,0,0,1,0,0,1,"['детский', 'любопытство', 'непоседливость', 'эрот', 'сын', 'афродита', 'который', 'бояться', 'бог', 'привычный', 'картина', 'мир', 'дойти', 'истинный', 'взросление', 'встреча', 'хтонический', 'древний', 'божество', 'эрос', 'создатель', 'человек', 'гей', 'земля']"
1,1,1,0,1,1,0,1,0,0,0,1,1,1,0,1,0,1,0,1,0,1,"['дефолт', 'внутренний', 'долг', 'американец', 'пострадать', 'гражданин', 'карьера', 'обама', 'закончиться']"
0,0,0,0,0,0,0,0,0,0,0,0,0,0,0,0,0,0,1,0,0,1,"['сеть', 'готовый', 'рынок', 'америка', 'европа', 'россия', 'китай']"
0,1,1,1,0,0,1,0,1,1,1,1,1,1,1,1,1,1,1,1,1,1,"['премьер-министр', 'владимир', 'путин', 'конец', 'апрель', 'год', 'информационный', 'пространство', 'спонтанный', 'идея', 'объединить', 'российский', 'газпром', 'украинский', 'нафтогаз', 'знак-кавычки', 'знак-кавычки', 'знак-кавычки']"
0,0,1,1,0,0,0,0,0,0,0,0,0,1,1,0,0,0,1,0,0,1,"['говорить', 'писатель', 'который', 'советский', 'сообщество', 'мир', 'книга', 'рассказать', 'правда']"
0,0,0,0,0,0,0,0,0,0,0,0,1,0,0,0,0,0,1,0,0,1,"['жертва', 'режим', 'демократический', 'египет', 'волновать', 'запад', 'турция', 'задача', 'сирия', 'знак-кавычки']"
0,0,0,1,0,0,0,0,0,0,0,0,1,0,0,0,0,0,1,0,0,1,"['личный', 'жизнь', 'теледив', 'известно', 'ноябрь', 'прошлый', 'год', 'интернет', 'сообщество', 'новость', 'ольга', 'бузов', 'сыграть', 'свадьба', 'шикарный', 'бузова', 'знак-кавычки', 'знак-кавычки']"
1,0,0,0,0,0,0,0,0,0,0,0,0,0,0,0,0,0,0,0,0,1,"['концепт', 'кара', 'невероятный', 'дизайн', 'новый', 'представительский', 'модель', 'мозг']"
1,0,1,0,1,1,1,1,1,1,1,1,1,0,0,1,1,1,1,1,1,1,"['м', 'крис', 'манимейкер', 'мир', 'турнирный', 'покер', 'эсфандиарь', 'решить', 'стать', 'активный', 'участник', 'покерный', 'турнир']"
0,0,1,0,0,0,0,0,0,0,0,0,0,1,0,0,0,0,1,0,0,1,"['говорить', 'сон', 'кошка', 'посмотреть', 'млн', 'ролик', 'мама', 'нежно', 'обнять', 'беспокоиться', 'котенок', 'быстро', 'набрать', 'просмотр']"
0,1,0,0,0,0,0,0,0,0,0,0,1,0,0,0,0,0,1,0,0,1,"['готовый', 'подмостки', 'появиться', 'один', 'свитер']"
0,0,0,0,0,0,0,0,0,0,0,0,1,0,0,0,0,0,1,0,0,1,"['ксенофобия', 'стать', 'бомба', 'замедленный', 'действие', 'который', 'общество']"
0,0,1,0,0,0,0,0,0,0,0,0,0,1,0,0,0,0,1,0,0,1,"['результат', 'кропотливый', 'работа', 'появиться', 'первый', 'женский', 'дух', 'лакост', 'который', 'просто', 'общественность']"
0,0,0,0,0,0,0,0,0,0,0,0,0,0,0,0,0,0,0,0,0,1,"['озлобление', 'крестьянин', 'большинство', 'население', 'способ', 'обстановка', 'страна']"
0,0,0,0,0,0,0,0,0,0,0,0,1,0,0,0,0,0,0,0,0,1,"['даная', 'сперва', 'страна', 'молниеносно', 'разлетаться', 'регион', 'телефон', 'несчастный', 'номер', 'указать']"
0,0,0,0,0,0,0,0,0,0,0,0,0,0,0,0,0,0,1,0,0,1,"['необычный', 'время', 'забавный', 'слово', 'джакузи', 'иметь', 'итальянский', 'корень', 'солнечный', 'италия', 'родина', 'оливка', 'паста', 'появиться', 'свет', 'кандидо', 'изобретение', 'который', 'впоследствии', 'мир', 'знак-кавычки', 'буквально']"
0,0,0,0,0,0,0,0,0,0,0,0,1,0,0,0,0,0,1,0,0,1,"['легендарный', 'пенный', 'скач', 'вновь', 'лето']"
0,0,0,0,0,0,0,0,0,0,0,0,1,0,0,0,0,0,1,0,0,1,"['беркем', 'уметь', 'аудитория']"
0,0,1,1,0,0,0,0,0,0,0,0,0,1,1,0,0,0,1,0,0,1,"['завести', 'чувствовать', 'зал', 'процент-знак', 'угадывать', 'желание', 'один', 'взгляд']"
0,0,0,1,0,0,0,0,0,0,0,0,0,0,1,0,0,0,1,0,0,1,"['уникальный', 'телефон', 'рынок', 'лето', 'год', 'знак-кавычки', 'буквально']"
0,0,1,0,0,0,0,0,0,0,0,0,1,0,0,0,0,0,1,0,0,1,"['каждый', 'перечисленный', 'точка', 'напряжение', 'социальный', 'структура', 'теоретически', 'всякий', 'общество', 'новый', 'россия', 'взрыв', 'происходить']"
0,0,0,0,0,0,0,0,0,0,0,0,0,0,0,0,0,0,1,0,0,1,"['копейка', 'который', 'российский', 'монархия', 'освободить', 'польша']"
1,0,0,0,1,1,1,1,1,1,1,1,0,0,0,1,1,1,1,1,1,1,"['рэп', 'коммуна']"
0,0,0,0,0,0,0,0,0,0,0,0,0,0,0,0,0,0,1,0,0,1,"['динамичный', 'рынок', 'последний', 'день', 'базис', 'основной', 'наиболее', 'ликвидный', 'фьючерсный', 'контракт', 'который', 'показать', 'колебание', 'широкий', 'диапазон', 'ранее', 'постоять', 'контанго', 'время', 'срываться', 'зона', 'бэквордация', 'буквально']"
0,0,1,0,0,0,0,0,0,0,0,1,1,1,1,1,0,1,1,1,0,1,"['год', 'российский', 'шоу-бизнес', 'представить', 'сцена', 'дом', 'музыка', 'полноценный', 'спектакль', 'мотив', 'произведение', 'легендарный', 'нэт', 'кинг', 'коул', 'знак-кавычки', 'буквально']"
0,0,0,0,0,0,0,0,0,0,0,0,0,0,0,0,0,0,0,0,0,1,"['мнение', 'суждение', 'информация', 'доступный', 'официальный', 'сми', 'передаваться', 'юзер', 'принцип', 'цепной', 'реакция', 'интернет', 'пространство', 'сперва', 'тунис', 'видеть', 'успех', 'сосед', 'активизироваться', 'пользователь', 'египет']"
0,0,0,0,0,0,0,0,0,0,0,0,0,0,0,0,0,0,0,0,0,1,"['националистически', 'ориентированный', 'фанатский', 'тусовка', 'мотив', 'настроенный', 'часть', 'коренной', 'молодежь', 'знак-кавычки']"
0,1,0,1,0,0,0,0,0,0,0,0,1,0,1,0,0,0,1,0,0,1,"['абсолютно', 'ничто', 'ограниченный', 'амбиция', 'губернатор', 'чукотка', 'практически', 'трансфертный', 'рынок', 'десяток', 'миллион', 'доллар', 'направо', 'налево', 'тягаться', 'расточительность']"
0,0,0,0,0,0,0,0,0,0,0,0,0,0,0,0,0,0,1,0,0,1,"['мозг', 'другой', 'момент', 'черт', 'звонить', 'конец', 'задолбать', 'посылать', 'миллион', 'униматься', 'говорить', 'ребята', 'отстать', 'тип', 'должный', 'назначить', 'цифровой', 'диагностика', 'заколдовать', 'один', 'тод', 'блеять', 'продолжать', 'насиловать', 'разный', 'телефон', 'время', 'суд', 'подать', 'вооща', 'девушка', 'импульсивный', 'позвонить', 'приехать', 'шоу', 'устроить', 'супер', 'спа', 'процедура']"
0,0,0,0,0,0,0,0,0,0,0,0,0,0,0,0,0,0,0,0,0,1,"['первый', 'модель', 'появиться', 'год', 'практически', 'мир', 'часовой', 'дизайн', 'необычно', 'концепция', 'глубокий', 'мерцать', 'циферблат', 'который', 'пересекать', 'узкий', 'вертикальный', 'полоска', 'знак-кавычки']"
1,1,0,0,1,1,1,1,1,1,1,1,1,0,0,1,1,1,0,1,1,1,"['эксперт', 'единодушный', 'главный', 'война', 'граница', 'россия', 'регион', 'кавказ', 'каспий']"
0,0,1,0,0,0,0,0,0,0,0,0,0,1,0,0,0,0,1,0,0,1,"['примерно', 'год', 'назад', 'отечественный', 'мир', 'ролевой', 'игра', 'настолочь', 'пришествие', 'буквально']"
0,0,1,1,0,0,0,0,0,0,0,0,0,1,1,0,0,0,1,0,0,1,"['книга', 'мозг', 'примерно', 'любить', 'писать', 'аннотация', 'большинство', 'современный', 'выходить', 'россия', 'знак-кавычки']"
1,0,1,0,1,1,1,1,1,1,1,1,0,1,0,1,1,1,1,1,1,1,"['речь', 'произведение', 'который', 'действительно', 'знак-кавычки']"
0,0,1,1,0,0,0,0,0,1,1,0,1,1,1,0,0,0,1,0,1,1,"['танцпол', 'энергетика', 'мощь']"
0,0,1,1,0,0,0,0,0,0,0,0,1,1,1,0,0,0,1,0,0,1,"['отдать', 'хрен', 'знать', 'оплатить', 'ничтожный', 'подачка', 'тип', 'компьютерный', 'сбой', 'увидеть', 'деньги', 'моталово', 'кидаловый', 'решить', 'мозг', 'каждый', 'день', 'фамилия', 'язык', 'слезть', 'суд', 'чуять', 'дойти', 'банк', 'обсолютный']"
0,0,1,1,0,0,0,0,0,0,0,0,0,1,1,0,0,0,1,0,0,1,"['провокация', 'грузинский', 'сторона', 'ставить', 'цель', 'ситуация', 'регион', 'считать', 'глава', 'абхазия', 'знак-кавычки']"
0,0,0,0,0,0,0,0,0,0,0,0,0,0,0,0,0,0,1,0,0,1,"['модифицированный', 'код', 'вирус', 'преграда', 'просачиваться', 'фильтр', 'апо', 'назначить', 'время', 'активация', 'вирусный', 'братство', 'интернет', 'парализовать', 'работа']"
0,0,0,1,0,0,1,0,0,0,0,0,0,0,1,0,0,0,1,0,0,1,['зал']
0,1,0,0,0,0,0,0,0,0,0,0,1,0,0,0,0,0,0,0,0,1,"['пара', 'штрих', 'нота', 'группа', 'город', 'лирика', 'умиротворять', 'музыка']"
0,0,1,1,0,0,0,0,0,0,0,0,1,1,1,0,0,1,1,1,0,1,"['фильм', 'гибель', 'империя', 'общественность', 'знак-кавычки', 'буквально']"
0,0,0,0,0,0,0,0,0,0,0,0,1,0,0,0,0,0,1,0,0,1,"['мировой', 'экономика', 'новый', 'идея', 'технология', 'перспективный', 'отрасль', 'промышленность', 'сельский', 'хозяйство', 'россия', 'ресурс']"
0,1,0,1,0,0,0,0,0,0,0,0,1,0,1,0,0,0,1,0,0,1,"['мальчишка', 'скрыть', 'рана']"
0,0,0,0,0,0,0,0,0,0,0,0,1,0,0,0,0,0,1,0,0,1,"['победный', 'сейв', 'фиорд', 'серия', 'пенальти', 'полуфинал', 'команда', 'колпино', 'трибуна', 'смена', 'мозг', 'прийти', 'поддержать', 'ракета', 'знак-кавычки', 'знак-кавычки']"
1,0,0,0,1,1,0,0,0,0,0,0,0,0,0,0,0,0,0,0,0,1,"['одночасье', 'тишина']"
1,0,1,1,1,1,1,1,0,1,1,1,1,1,1,1,1,1,1,1,1,1,"['константин', 'сонин', 'напротив', 'сообщить', 'коммерсант', 'удовлетворение', 'иск', 'привлечение', 'гражданский', 'ответчик', 'корпоративный', 'право', 'появиться', 'новый', 'механизм', 'захват', 'чужой', 'собственность', 'знак-кавычки']"
0,0,1,0,0,0,0,0,0,0,0,0,0,1,0,0,0,0,1,0,0,1,"['аналогия', 'вид', 'маркетинговый', 'стратегия', 'терроризм', 'прослеживаться', 'желание', 'кардинальный', 'изменить', 'сложиться', 'ситуация', 'данный', 'случай', 'ниша', 'рынок', 'знак-кавычки']"
0,0,0,0,0,0,0,0,0,0,0,0,1,0,0,0,0,0,1,0,0,1,"['комментарий', 'алексей', 'макаркин', 'чуб', 'сильный', 'губернатор', 'уход', 'который', 'политический', 'ситуация', 'непростой', 'регион', 'ростовский', 'область']"
0,0,1,1,0,0,0,0,0,0,0,0,1,1,1,0,0,0,1,0,0,1,"['тело', 'фотосъемка', 'труп', 'российский', 'общественный', 'мнение']"
0,0,0,0,0,0,0,0,0,0,0,0,1,0,0,0,0,0,1,0,0,1,"['необходимо', 'ситуация', 'любой', 'способ', 'крайний', 'перемещение', 'камера', 'следственный', 'изолятор', 'провести', 'неделя', 'год']"
0,0,1,0,0,0,0,0,0,0,0,0,0,0,0,0,0,0,1,0,0,1,"['алена', 'сетевой', 'сообщество', 'напомнить', 'первый', 'день', 'проголосовать', 'тыс', 'человек', 'начало', 'акция', 'поддержка', 'выйти', 'место', 'рейтинг']"
0,0,0,0,0,0,1,0,1,1,1,0,0,0,1,0,1,0,1,0,1,1,"['завершение', 'летний', 'правление', 'путин', 'накопиться', 'усталость', 'который', 'система', 'сравнение', 'брежневский', 'застой', 'стать', 'метафора', 'буквальный', 'тождество']"
1,1,0,0,1,1,1,1,1,1,1,1,1,0,0,1,1,1,1,1,1,1,"['следовать', 'избегать', 'подобный', 'ошибка', 'особенно', 'твой', 'первый', 'выход', 'толпа']"
0,0,1,1,0,0,0,0,0,0,0,0,1,1,1,0,0,0,1,0,0,1,"['депутат', 'верховный', 'совет', 'крым', 'олег', 'родивилов', 'считать', 'подотчетный', 'оранжевый', 'президент', 'украинский', 'силовик', 'пытаться', 'межнациональный', 'мир', 'дискредитировать', 'правительство', 'виктор', 'янукович', 'пророссийский', 'партия', 'регион', 'глаз', 'русскоязычный', 'население', 'сообщать', 'иа', 'новый', 'знак-кавычки', 'знак-кавычки', 'знак-кавычки', 'знак-кавычки']"
1,0,1,1,1,1,1,1,1,1,1,1,1,1,1,1,1,1,1,1,1,1,"['песня', 'антикоммунистический', 'гимн', 'страна', 'буквально']"
1,0,1,0,1,1,0,1,0,0,0,1,1,1,0,1,0,1,1,1,0,1,"['форма', 'пропаганда', 'различный', 'мягкий', 'претендовать', 'интеллигентность', 'брутальный', 'вызывающе', 'наглый', 'иметь', 'цель', 'общество', 'знак-кавычки', 'знак-кавычки', 'знак-кавычки']"
1,0,0,0,1,1,1,1,1,1,1,1,1,0,0,1,1,1,1,1,1,1,"['шайба', 'илья', 'никулин', 'забросить', 'большинство', 'стать', 'некий', 'катализатор', 'который', 'пора', 'довольно', 'неспешный', 'игра', 'знак-кавычки']"
1,1,0,0,1,1,1,1,1,1,1,1,1,0,0,1,1,1,1,1,1,1,"['думать', 'накрутка', 'соц', 'ссылка', 'поведенческий', 'фактор', 'докрутить', 'чуток', 'прочий', 'усилие', 'топ', 'знак-кавычки']"
1,0,0,0,1,1,1,1,1,1,1,1,0,0,0,1,1,1,0,1,1,1,"['выйти', 'скрипка', 'классический', 'куплет', 'знак-кавычки']"
1,1,1,0,1,1,1,1,1,1,1,1,1,1,0,1,1,1,1,1,1,1,"['православный', 'кодекс', 'русский', 'молоко', 'упоминание', 'печатный', 'сми', 'год', 'интернет', 'запись', 'блогер', 'сообщить', 'предприятие', 'появиться', 'внутренний', 'знак-кавычки']"
0,0,1,0,0,0,1,0,1,1,1,0,0,0,0,0,1,0,1,0,1,1,"['песня', 'шоу-бизнес']"
1,1,0,1,1,1,1,1,1,1,1,1,1,1,1,1,1,1,1,1,1,1,"['появиться', 'идея', 'который', 'мозг']"
1,1,0,1,1,1,1,1,1,1,1,1,1,0,1,1,1,1,1,1,1,1,"['эра', 'телеком', 'решить', 'рынок', 'первый', 'самый', 'отвоевать', 'значительный', 'доля', 'знак-кавычки', 'знак-кавычки', 'знак-кавычки']"
1,1,1,0,1,1,1,1,1,1,1,1,1,1,0,1,1,1,1,1,1,1,"['похоронить', 'плинтус', 'павел', 'санаев', 'книга', 'номинировать', 'букеровский', 'премия', 'отечественный', 'книжный', 'рынок', 'обрести', 'культовый', 'легендарный', 'статус', 'знак-кавычки', 'буквально']"
1,0,0,0,1,1,1,1,1,1,1,1,1,0,0,1,1,1,1,1,1,1,"['совсем', 'недавно', 'год', 'экран', 'выйти', 'суперуспешный', 'экранизация', 'вампирский', 'сага', 'сумерки', 'который', 'просто', 'касса', 'мировой', 'кинопрокат', 'знак-кавычки']"
1,1,1,1,1,1,1,1,1,1,1,1,1,1,1,1,1,1,1,1,1,1,"['шквал', 'аплодисменты', 'переполненный', 'зал', 'филармония', 'концерт', 'выдающийся', 'российский', 'пианист', 'николай', 'луганский', 'который', 'вильнюс', 'ждать', 'год', 'буквально']"
0,1,0,1,0,0,0,0,0,0,0,0,1,0,1,0,0,0,1,0,0,1,"['ситуация', 'отв', 'знак-кавычки']"
0,0,0,0,0,0,0,0,0,0,0,0,0,1,0,0,0,0,1,0,0,1,"['уйти', 'тишина', 'комната']"
1,0,0,1,1,1,1,1,1,1,1,1,0,1,1,1,1,1,1,1,1,1,"['александра', 'коллонтай', 'айседора', 'дункан', 'лариса', 'рейснер', 'татьяна', 'леонтьев', 'зинаида', 'райх', 'ирина', 'каховская', 'инесса', 'арманд', 'клара', 'цеткин', 'надежда', 'крупская', 'роза', 'люксембург', 'тихий', 'юдоль', 'вакханка', 'еврипид', 'словно']"
1,0,0,1,1,1,1,1,1,1,1,1,0,0,1,1,1,1,1,1,1,1,"['итог', 'подводить', 'пространный', 'монолог', 'выражать', 'друг', 'мнение', 'супруга', 'емко', 'кратко', 'мозг', 'знак-кавычки']"
1,1,1,1,1,1,1,1,1,1,1,1,1,1,1,1,1,1,1,1,1,1,"['особый', 'место', 'сборник', 'занимать', 'выбрать', 'переписка', 'друг', 'который', 'впервые', 'издать', 'отдельный', 'книга', 'год', 'образованный', 'общество', 'выразиться', 'гневный', 'письмо', 'автор', 'г.', 'белинског', 'знак-кавычки', 'знак-кавычки']"
1,0,1,0,1,1,1,1,1,1,1,1,1,0,0,1,1,1,1,1,1,1,"['одоевцева', 'первый', 'встреча', 'читатель', 'возвращение', 'советский', 'россия', 'зал', 'поприветствовать']"
1,1,1,1,1,1,1,1,1,1,1,1,1,1,1,1,1,1,0,1,1,1,"['большинство', 'статья', 'направить', 'эмоция', 'порыв', 'поднять', 'глубокий', 'мысль', 'выход', 'ситуация', 'предлагать', 'любой', 'мейнстримовский', 'газетенка']"
1,1,0,0,1,1,1,1,1,1,1,1,0,0,0,1,1,1,0,1,1,1,"['присоединяться', 'звезда', 'баскетбол', 'коби', 'брайант', 'вместе', 'стадион', 'великолепный', 'игра']"
1,1,0,0,1,1,1,1,1,1,1,1,1,1,1,1,1,1,0,1,1,1,['стеррен']
1,0,0,0,1,1,1,1,1,1,1,1,0,0,1,1,1,1,1,1,1,1,"['дать', 'деизм', 'новый', 'поворот', 'который', 'естественно', 'правовой', 'мышление', 'важный', 'место']"
1,0,0,1,1,1,1,1,0,1,1,1,0,1,1,1,1,1,0,1,1,1,"['ооо', 'чувствовать', 'запах', 'пот', 'сорить', 'чувствовать', 'кассовый', 'сбор', 'громадный', 'первый', 'часть', 'серый', 'будничный', 'день', 'качественный', 'анимация', 'неповторимый', 'персонаж', 'который', 'надоесть', 'люд', 'долго', 'радовать', 'второй']"
1,1,1,1,1,1,1,1,1,1,1,1,1,1,1,1,1,1,0,1,1,1,"['начать', 'самый', 'низы', 'обшарпать', 'клуб', 'выступление', 'копейка', 'конец', 'рок', 'стадион', 'право', 'заработать', 'титул', 'знак-кавычки']"
0,0,0,1,0,0,1,0,1,1,1,0,0,0,1,0,1,0,0,0,1,1,"['спокойствие', 'окончательно', 'прямо', 'взвыть']"
1,0,1,1,1,1,1,1,1,1,1,1,0,1,1,1,1,1,0,1,1,1,"['детский', 'непосредственность', 'откровенность', 'артист', 'очередной', 'зал']"
1,0,1,1,1,1,1,1,1,1,1,1,0,1,1,1,1,1,0,1,1,1,"['топ', 'совет', 'продвигать', 'бизнес', 'социальный', 'сеть', 'небольшой', 'книга', 'который', 'знак-кавычки']"
1,0,1,0,1,1,0,1,0,0,0,1,1,1,1,1,0,1,0,1,0,1,"['многие', 'понимать', 'большой', 'удар', 'престиж', 'императорский', 'власть', 'труд', 'куропаткина', 'итог', 'русско-японский', 'война', 'армия']"
1,1,1,1,1,1,1,1,1,1,1,1,1,1,1,1,1,1,0,1,1,1,"['ом', 'год', 'звездный', 'небосклон', 'зажечься', 'новый', 'звезда', 'группа', 'брат', 'грим', 'шоу-бизнес', 'ворваться', 'первый', 'строчка', 'хит-парад', 'хит', 'ресница', 'кустурица', 'дыхание', 'звучать', 'каждый', 'утюг', 'собрать', 'всевозможный', 'музыкальный', 'награда', 'побывать', 'концерт', 'практически', 'страна', 'земной', 'шар', 'подробно', 'знак-кавычки', 'знак-кавычки', 'знак-кавычки', 'знак-кавычки', 'буквально']"
1,1,1,1,1,1,1,1,1,1,1,1,1,1,1,1,1,1,0,1,1,1,"['гипотеза', 'стать', 'сенсация', 'предположение', 'александр', 'петрович', 'казанцев', 'г.', 'атмосфера', 'земля', 'вторгнуться', 'терпеть', 'бедствие', 'межпланетный', 'корабль', 'ядерный', 'двигатель', 'который', 'сознательно', 'направиться', 'сторона', 'безлюдный', 'пространство', 'закончить', 'полет', 'научный', 'общественность', 'буквально']"
0,0,1,1,0,1,1,1,1,1,1,1,0,1,1,1,1,1,0,1,1,1,"['триумфатор', 'конкурс', 'сцена', 'киевский', 'арт', 'клуб', 'яркий', 'выступление', 'продемонстрировать', 'гость', 'вечер', 'мощь', 'качественный', 'украинский', 'некоммерческий', 'музыка', 'знак-кавычки', 'буквально']"
0,0,1,1,0,0,0,0,0,0,0,0,0,1,1,0,0,0,1,0,0,1,"['музыкант', 'иностранец', 'показаться', 'сказать', 'русский', 'тип', 'начать', 'лазарев', 'исполнить', 'сидеть', 'стул', 'медленный', 'композиция', 'певец', 'зал', 'заглавный', 'песня', 'концерт', 'биение', 'сердце', 'данный', 'трек', 'роковой', 'множество', 'ударный', 'аранжировка', 'органичный', 'придать', 'изюминка', 'убежать', 'сцена', 'переодеться', 'сергей', 'оставить', 'балет', 'который', 'поражать', 'пластика', 'синхронность', 'профессионализм', 'протяжение', 'вечер', 'знак-кавычки', 'знак-кавычки', 'знак-кавычки']"
1,1,0,0,1,1,1,1,1,1,1,1,1,1,0,1,1,1,0,1,1,1,"['реалистичный', 'шутер', 'андроид', 'название', 'мозги', 'человек', 'вокруг']"
1,0,1,1,1,1,1,1,1,1,1,1,0,1,1,1,1,1,0,1,1,1,"['событие', 'америка', 'вскоре', 'пехота', 'топтать', 'ботинок', 'европа']"
1,1,1,1,1,1,0,1,0,1,0,1,0,1,1,1,0,1,0,1,0,1,"['слово', 'твой', 'мозг', 'вокруг', 'забрызгать']"
1,1,0,0,1,1,1,1,1,1,1,1,1,1,0,1,1,1,0,1,1,1,"['год', 'фукасак', 'кинобомба', 'имя', 'который', 'бой', 'честь', 'жалость', 'знак-кавычки']"
1,1,1,1,1,1,1,1,1,1,1,1,1,1,1,1,1,1,0,1,1,1,"['величайший', 'событие', 'жизнь', 'человечество']"
0,1,1,1,0,0,0,0,0,0,0,0,1,1,1,0,0,0,1,0,0,1,"['катя', 'сменить', 'работа', 'стать', 'потрясать', 'специалист', 'новый', 'профессия', 'время', 'барабанный', 'перепонка', 'счастливый', 'вопль', 'сделать', 'слышать', 'знак-кавычки']"
1,0,1,0,1,1,1,1,1,1,1,1,0,1,1,1,1,1,1,1,1,1,"['брайан', 'трейси', 'сознание', 'дать', 'мощнейший', 'мотивация', 'ежедневный', 'действие', 'достижение', 'успех', 'бизнес', 'знак-кавычки', 'буквально']"
1,1,1,1,1,1,1,1,1,1,1,1,0,1,1,1,1,1,0,1,1,1,"['видео', 'урок', 'продолжительность', 'минута', 'который', 'способный', 'бизнес', 'знак-кавычки']"
0,0,0,0,0,0,0,0,0,0,0,0,0,1,0,0,0,0,0,0,0,1,"['год', 'назад', 'красный', 'площадь', 'звук', 'волынка', 'музыкальный', 'мировой', 'рекорд', 'нынешний', 'хотеть', 'повторить']"
1,0,1,1,1,1,1,1,1,1,1,1,0,1,1,1,1,1,0,1,1,1,"['огромный', 'государственный', 'задолженность', 'сша', 'мировой', 'экономика', 'знак-кавычки']"
1,1,0,1,1,1,1,1,1,1,1,1,1,0,1,1,1,0,0,0,1,1,"['внешне', 'вполне', 'благополучный', 'изнутри', 'новый', 'любовь', 'знать', 'запрет', 'желать', 'признавать', 'прошлое']"
1,1,1,1,1,1,1,1,1,1,1,1,1,1,1,1,1,1,0,1,1,1,"['высказать', 'путин', 'намерение', 'превратить', 'единый', 'россия', 'настоящий', 'политический', 'партия', 'понятный', 'дело', 'шибко', 'нравиться', 'бюрократ', 'больше', 'опасаться', 'идейный', 'течение', 'политика', 'чахлый', 'бюрократический', 'мирок', 'знак-кавычки']"
1,1,1,1,1,1,1,1,1,1,1,1,1,1,1,1,1,1,0,1,1,0,"['схватить', 'совок', 'угль', 'рука', 'отложить', 'сторона', 'взять', 'кочерга']"
1,1,1,1,1,1,1,1,1,1,1,1,1,1,1,1,1,1,0,1,1,0,"['весовой', 'товар', 'продавец', 'весы']"
1,1,1,1,1,1,1,1,1,1,1,1,0,1,1,1,1,1,1,1,1,0,"['равный', 'количество', 'сахар', 'держать', 'наготове']"
1,0,1,1,1,1,1,1,1,1,1,1,0,1,1,1,1,1,0,1,1,0,"['энтузиаст', 'зарубежный', 'блок', 'автомобиль', 'который', 'посчастливиться', 'приобрести', 'один', 'первый', 'серия', 'купе', 'решить', 'полный', 'бак', 'топливо', 'получиться', 'ровно', 'кг', 'фунт']"
0,0,1,0,0,0,0,0,0,0,0,1,0,1,1,1,0,1,0,1,0,0,"['существовать', 'весы', 'который', 'частица']"
1,0,0,1,1,1,1,1,1,1,1,1,0,0,1,1,1,1,0,1,1,0,"['резиновый', 'основание', 'придавать', 'весы', 'устойчивость', 'кг']"
1,0,0,1,1,1,0,1,0,0,0,1,0,1,1,1,0,1,0,1,0,0,"['выбрать', 'увидеть', 'общий', 'сумма', 'меленький', 'экран', 'оказаться', 'полезный', 'слабо', 'ориентироваться', 'местный', 'валюта']"
1,1,1,1,1,1,1,1,1,1,1,1,1,1,1,1,1,1,0,1,1,0,"['рука', 'песчинка', 'незаметный', 'песок', 'способный', 'ощутить', 'вес', 'планета']"
0,1,0,1,0,0,0,0,0,0,0,1,1,1,1,1,0,1,0,1,0,0,"['взвешивание', 'проба', 'почва', 'следовать', 'нагревать', 'час', 'охладить', 'эксикатор', 'снова']"
1,0,1,1,1,1,1,1,1,1,1,1,0,1,1,1,1,1,0,1,1,0,"['юный', 'читатель', 'библиотека', 'сидеть', 'дело', 'местный', 'муравей', 'пересчитать', 'земляной', 'червь', 'изучить', 'состав', 'стадо', 'зубр', 'обойти', 'родник', 'каждый', 'иметь', 'история']"
0,1,0,1,0,0,0,0,0,0,0,0,0,0,1,0,0,0,0,0,0,0,"['логично', 'неделя', 'давать', 'один', 'количество', 'смесь', 'контролировать', 'мочеиспускание', 'больше', 'сутки', 'конец']"
1,1,0,0,1,0,0,0,0,0,0,0,0,0,0,0,0,0,0,0,0,0,"['спрятать', 'карман', 'четки', 'закатать', 'рукав', 'новый', 'зимний', 'ряса', 'неспешно', 'знание', 'дело', 'слепить', 'тугой', 'снежок', 'пара', 'рука', 'внимательно', 'посмотреть', 'нога', 'сделать', 'шаг', 'вперед', 'замахнуться', 'корпус', 'сила', 'запулить']"
0,0,0,0,0,0,0,0,0,0,0,0,0,0,0,0,0,0,0,0,0,0,"['собирать', 'урожай', 'обязательно', 'сосчитать', 'получить', 'узнать', 'урожайность']"
1,1,0,1,1,1,1,1,1,1,1,1,1,0,1,1,1,1,0,1,1,0,"['тщательно', 'промыть', 'очистить', 'г', 'чеснок', 'мелко', 'нарезать', 'протереть', 'сосуд', 'деревянный', 'фарфоровый', 'ложка', 'масса', 'взять', 'снизу', 'сок', 'положить', 'стеклянный', 'добавить', 'процент-знак', 'спирт']"
0,1,0,0,0,0,0,0,0,0,0,0,0,0,0,0,0,0,0,0,0,0,"['единственный', 'нефтебаза', 'нижегородский', 'область', 'иметься', 'возможность', 'цистерна', 'поступать', 'нефтепродукт']"
0,0,0,0,0,0,0,0,0,0,0,0,0,0,0,0,0,0,0,0,0,0,"['приемка', 'померять', 'груз', 'ребята', 'ближний', 'зарубежье', 'навесить', 'воздух', 'всеравный', 'понимать']"
1,0,0,0,0,0,0,0,0,0,0,0,0,0,0,0,0,0,0,0,0,0,"['представить', 'идти', 'базар', 'просить', 'килограмм', 'товар', 'глазок', 'отпустить']"
1,1,0,1,1,1,1,1,1,1,1,1,1,0,0,1,1,1,0,1,1,0,"['предусмотреть', 'возможность', 'заранее', 'расфасовать', 'блюдо', 'наклеить', 'этикетка', 'штрих', 'код', 'значительно', 'увеличивать', 'скорость', 'обслуживание']"
0,1,0,0,0,0,0,0,0,0,0,0,1,0,0,0,0,0,0,0,0,0,"['взять', 'стол', 'зажигалка', 'ладонь']"
0,0,0,0,0,0,0,0,0,0,0,0,0,0,0,0,0,0,0,0,0,0,"['покупка', 'необходимо', 'ребенок']"
0,1,0,0,0,0,0,0,0,0,0,1,0,0,0,1,0,0,0,0,0,0,"['рукоятка', 'балон', 'порядок', 'кг', 'весить', 'точный', 'цифра']"
1,1,0,0,1,1,0,1,0,0,0,1,1,1,0,1,0,1,0,1,0,0,"['взять', 'стол', 'тоненький', 'тетрадка', 'ладонь', 'спрятать', 'ящик', 'неожиданно', 'спросить']"
0,1,0,0,0,0,0,0,0,0,0,0,0,0,0,0,0,0,0,0,0,0,"['второй', 'тур', 'начаться', 'февраль', 'закончиться', 'улов', 'наградить', 'победитель']"
0,0,0,0,0,0,0,0,0,0,0,0,0,0,0,0,0,0,0,0,0,0,"['советовать', 'багаж', 'заранее', 'кг', 'ручной', 'кладь']"
0,1,1,1,0,1,0,1,0,0,0,0,1,1,1,0,0,0,0,0,0,0,"['плитка', 'выпилить', 'часть', 'масса', 'г', 'высушить', 'постоянный', 'электронный', 'весы', 'точность']"
0,0,0,0,0,0,1,0,1,1,1,0,0,0,1,0,1,0,1,0,1,0,"['оставить', 'бульон', 'час', 'снова', 'определить', 'процент', 'прирост', 'каждый', 'кусочек', 'впитать', 'влага']"
0,0,0,1,0,0,0,0,0,0,0,0,0,1,1,0,0,0,0,0,0,0,"['улыбаться', 'сумка', 'пробежаться', 'досмотр', 'стойка', 'обратно', 'помогать', 'сдать', 'багаж', 'любимый', 'напиток', 'забывчивый', 'дайвер']"
1,1,0,0,1,1,0,1,0,0,0,1,1,0,0,1,0,1,0,1,0,0,"['убить', 'тигр', 'измерить']"
0,1,0,0,0,0,0,0,0,0,0,0,1,0,0,0,0,0,0,0,0,0,"['функция', 'тара', 'позволять', 'предварительно']"
0,0,1,0,0,0,1,0,1,1,1,1,0,1,0,0,1,1,0,0,1,0,"['самолет', 'компания', 'маф', 'погапа', 'полететь', 'утро', 'продать', 'билет', 'багаж', 'собираться', 'отправить']"
0,0,0,0,0,0,0,0,0,0,0,0,1,0,0,0,0,0,0,0,0,0,"['вопрос', 'серия', 'грамм', 'конфета', 'чай', 'съем', 'знак-кавычки']"
1,0,0,0,1,1,0,0,0,0,0,0,0,0,0,0,0,0,0,0,0,0,"['покупка', 'рой', 'обратить', 'внимание', 'поведение', 'пчела', 'роевня']"
0,0,0,0,0,0,0,0,0,0,0,0,0,0,0,0,0,0,0,0,0,0,"['случай', 'контакт', 'окрасить', 'поверхность', 'ти', 'день', 'атмосфера', 'содержать', 'соль', 'нанесение', 'последующий', 'сдой', 'требоваться', 'удаление', 'любой', 'отложение', 'загрязнение', 'предыдущий', 'промывка', 'чистый', 'пресный', 'вода', 'высокий', 'давление', 'бар', 'добавление', 'моющий', 'средство']"
0,1,0,1,0,0,0,0,0,0,0,0,0,0,1,0,0,0,0,0,0,0,"['последний', 'самый', 'важный', 'полениться', 'обновка']"
0,0,1,1,0,0,0,0,0,0,0,0,0,0,1,0,0,0,0,0,0,0,"['возлюбленная', 'оказаться', 'практичный', 'девушка', 'жемчужина']"
0,1,0,0,0,0,0,0,0,0,0,0,1,0,0,0,0,0,0,0,0,0,"['просить', 'столичный', 'сыро', 'копченый', 'колбаска', 'грамм']"
0,0,0,0,0,0,0,0,0,0,0,0,0,0,0,0,0,0,0,0,0,0,"['интересно', 'народ', 'считать', 'взвешивание', 'класть', 'весы', 'очередно', 'левый', 'чаша', 'правый', 'монетка', 'монета', 'считаться', 'хотеть', 'выкладывание', 'нужный', 'монета', 'произвести', 'взвешивание', 'неравенство', 'знать', 'роковой', 'монетка']"
0,0,0,0,0,0,0,0,0,0,0,0,0,1,0,0,0,0,0,0,0,0,"['мячик', 'машинка', 'игрушечный', 'домик', 'кукла', 'мягкий', 'игрушка']"
0,0,0,0,0,0,0,0,0,0,0,0,1,0,0,0,0,0,0,0,0,0,"['наклониться', 'поднять', 'задумчиво', 'ладонь', 'предмет']"
0,0,0,0,0,0,0,0,0,0,0,0,0,0,0,0,0,0,0,0,0,0,"['дидья', 'прибыть', 'помочь', 'речной', 'гигант', 'настоящий', 'мечта', 'рыбак', 'рыба', 'точный', 'вес', 'фунт', 'унция', 'кг']"
0,1,0,0,0,0,0,0,0,0,0,0,0,0,0,0,0,0,0,0,0,0,"['праведный', 'халиф', 'аби', 'талиб', 'придумать', 'однажды', 'ловкий', 'способ', 'слон', 'знак-кавычки']"
0,0,0,0,0,0,0,0,0,0,0,0,0,0,0,0,0,0,0,0,0,0,"['образовываться', 'мельчайший', 'капелька', 'серный', 'кислота', 'газ', 'сернокислотный', 'туман']"
0,0,0,0,0,0,0,0,0,0,0,0,1,0,0,0,0,0,0,0,0,0,"['животное', 'необходимо', 'взрослый', 'точность', 'кг', 'маленький', 'молодой', 'гр', 'знак-кавычки']"
0,0,0,0,0,0,0,0,0,0,0,0,1,0,0,0,0,0,0,0,0,0,"['определение', 'посадистость', 'достаточно', 'ружье', 'ствол', 'цевье', 'колодка', 'ложа', 'точно', 'измерить', 'решить', 'прикладной']"
1,0,0,1,1,1,0,1,0,0,0,1,1,0,0,1,0,1,0,1,0,0,"['необходимо', 'аккуратно', 'часть', 'который', 'раскладываться', 'отвертка']"
0,0,0,0,0,0,0,0,0,0,0,0,0,0,0,0,0,0,0,0,0,0,"['вещество', 'оседать', 'септик', 'колодец', 'основной', 'идти', 'органика', 'растворимый']"
1,1,0,1,1,1,1,1,1,1,1,1,0,1,1,1,1,1,0,1,1,0,"['второй', 'способ', 'отобрать', 'самый', 'лучший', 'полный', 'спелый', 'немятый', 'крупный', 'ягода']"
0,0,1,1,0,1,0,0,0,0,0,0,0,0,1,0,0,1,0,0,0,0,['слива']
1,1,1,1,1,1,1,1,1,1,1,1,0,1,1,1,1,1,0,1,1,0,"['сыночек', 'измерить', 'рост', 'проверить', 'рефлекс', 'апгар', 'одеть', 'приложить', 'грудь']"
1,1,0,1,1,1,1,1,1,1,1,1,1,1,1,1,1,1,0,1,1,0,"['мальчик', 'шмыгнуть', 'нос', 'кирпич', 'рука', 'зашипеть', 'угрожающе']"
1,1,1,1,1,1,1,1,1,1,1,1,0,1,1,1,1,1,0,1,1,0,"['большой', 'собака']"
0,1,0,1,0,0,1,0,1,1,1,1,1,1,1,1,1,0,0,0,1,0,"['собака', 'больше', 'проблема']"
0,1,1,1,0,0,0,0,0,0,0,0,1,1,1,0,0,0,0,0,0,0,"['современный', 'медицина', 'заниматься', 'феномен', 'обрасти', 'приборный', 'наукообразие', 'предпочитать', 'глубоко', 'мысленно', 'исследовать', 'энецефалограмма', 'попросту', 'спать', 'техника', 'позволять', 'сделать', 'совершенно', 'тревожить', 'фиксировать', 'динамика', 'вес']"
1,1,1,1,1,1,1,1,1,1,1,1,1,1,1,1,1,1,0,1,1,0,"['выбраный', 'орех', 'пордавщица', 'демонстративно', 'назвать', 'цена']"
1,0,0,0,1,1,1,1,1,1,1,1,0,0,0,1,1,1,0,1,1,0,"['торг', 'сказать', 'заплатить', 'продавщица', 'обидеться', 'отсыпать', 'часть', 'орех', 'демонстративно', 'отдать']"
1,1,1,0,1,1,1,1,1,1,1,1,1,1,0,1,1,1,0,1,1,0,"['отдать', 'кухня']"
1,0,1,0,1,1,0,1,0,0,0,1,0,1,0,1,0,1,0,1,0,0,"['макаронный', 'изделие', 'положить', 'кастрюля', 'достаточно', 'большой', 'поместиться', 'макароны', 'хорошо', 'покрыть', 'вода', 'оставаться', 'место', 'вариться']"
0,1,1,1,1,1,0,1,0,0,0,0,0,1,0,0,0,1,0,1,0,0,"['ермаков', 'ухватить', 'ладонь']"
1,1,1,1,1,1,1,1,1,1,1,1,1,0,1,1,1,1,0,1,1,0,"['желательно', 'поход', 'магазин', 'малыш', 'хорошо', 'ориентироваться', 'группа', 'искать', 'детский', 'автокресло', 'идеальный', 'вариант', 'взять', 'ребенок', 'примерить', 'конкретный', 'модель', 'знак-кавычки']"
1,1,1,0,1,1,0,1,0,0,0,1,0,1,1,1,0,1,0,1,0,0,"['окончание', 'испытание', 'образец', 'грунт', 'необходимо', 'удалить', 'вода', 'сверху', 'поддон', 'опустить', 'арретир', 'снять', 'нагрузка', 'рабочий', 'кольцо', 'определить', 'влажность', 'масса', 'сухой']"
0,1,0,0,0,0,1,0,1,1,1,0,1,0,0,0,1,0,1,0,1,0,"['один', 'главный', 'задача', 'использование', 'корексит', 'несомненно', 'являться', 'стремление', 'спрятать', 'попасть', 'залив', 'нефть', 'дать', 'всплыть', 'поверхность', 'собрать', 'уничтожить', 'знак-кавычки', 'знак-кавычки']"
1,1,1,1,1,1,1,1,1,1,1,1,0,1,1,1,1,1,0,1,1,0,['кот']
1,1,1,1,1,1,1,1,1,1,1,1,1,1,1,1,1,1,0,1,1,0,"['остаться', 'кот', 'сумка', 'вычесть', 'вес']"
0,0,0,1,0,0,1,0,1,0,1,0,0,0,0,0,1,0,0,0,1,0,"['врач', 'хорошо', 'осмотреть', 'смерить', 'рост', 'кресло', 'посмотреть', 'заниматься', 'вес']"
1,1,1,1,1,1,1,1,1,1,1,1,0,1,1,1,1,1,0,1,1,0,"['совместный', 'работа', 'позволять', 'умягчить', 'вода', 'удалить', 'вещество', 'коллоид', 'частично', 'очистить', 'органический']"
1,0,0,1,1,1,1,1,1,1,1,1,0,0,0,1,1,1,1,1,1,0,"['взять', 'обычный', 'кухонный', 'электронный', 'штука', 'бусина', 'поделить', 'вес', 'сотня']"
1,1,1,1,1,1,1,1,1,1,1,1,1,0,1,1,1,1,0,1,1,0,"['задумчиво', 'посмотреть', 'протянуть', 'рука', 'взять', 'копейка', 'дать']"
0,1,1,0,0,0,0,0,0,0,0,0,0,1,1,0,0,0,0,0,0,0,"['посетитель', 'удаться', 'погладить', 'настоящий', 'шкура', 'мамонт', 'рог', 'гигантский', 'олень', 'знак-кавычки']"
1,1,0,1,1,1,1,1,1,1,1,1,1,1,1,1,1,1,0,1,1,0,"['ионизировать', 'воздух', 'заряжать', 'аэрозоль', 'частица', 'загрязнитель', 'который', 'воздействие', 'электрический', 'поле', 'прибиваться', 'стена', 'пол', 'предмет', 'обстановка', 'удаляться', 'знак-кавычки']"
1,0,0,1,1,1,1,1,1,1,1,1,0,1,1,1,1,1,0,1,1,0,"['напоследок', 'сказать', 'следующий', 'мама', 'прочесть', 'статья', 'ребенок', 'посчитать', 'пеленка', 'обнаружить', 'несоответствие', 'торопиться', 'бежать', 'дополнительный', 'питание', 'аптека']"
1,1,1,1,1,1,1,1,1,1,1,1,0,1,1,1,1,1,0,1,1,0,"['поддаться', 'соблазн', 'вилка']"
0,1,0,1,0,0,1,0,1,1,1,0,1,0,1,0,1,0,1,0,1,0,"['митлайдер', 'предлагать', 'следовать', 'ингредиент', 'стартовый', 'удобрительный', 'смесь', 'тщательно', 'перемешать', 'следующий', 'вещество']"
1,1,1,1,1,1,1,1,1,1,1,1,0,1,1,1,1,1,0,1,1,0,"['излучение', 'ящик', 'определить', 'изменение', 'масса', 'точность', 'соответствовать', 'уменьшение', 'энергия', 'находиться']"
1,1,1,1,1,1,1,1,1,1,1,1,0,1,1,1,1,1,0,1,1,0,"['основной', 'загрязнение', 'приходиться', 'верхний', 'слой', 'вода', 'толщина', 'примерно', 'см']"
1,1,1,1,1,1,1,1,1,1,1,1,0,1,1,1,1,1,0,1,1,0,"['мужчина', 'весы', 'сказать', 'должный', 'доллар', 'цент']"
1,1,1,0,1,1,1,1,1,1,0,1,1,0,0,1,1,1,0,1,1,0,"['проверка', 'провести', 'прокуратура', 'область', 'показать', 'июнь', 'работник', 'муп', 'водоканал', 'город', 'курск', 'деревня', 'анахино', 'октябрьский', 'район', 'сбросить', 'сейм', 'плохо', 'очищенная', 'сточный', 'вода', 'который', 'избыточный', 'количество', 'содержаться', 'аммонийный', 'азот', 'фосфат', 'вещество', 'знак-кавычки']"
1,0,1,1,0,1,0,1,0,0,0,1,0,1,1,1,0,1,0,1,0,0,"['вывести', 'кг']"
1,0,1,1,1,1,1,1,1,1,1,1,0,1,1,1,1,1,0,1,1,0,"['необходимость', 'малыш', 'поликлиника']"
1,1,0,1,1,1,1,1,1,1,1,1,1,1,1,1,1,1,0,1,1,0,"['установленный', 'касса', 'специальный', 'видеокамера', 'распознавать', 'товар', 'необходимость', 'учесть', 'стоимость', 'общий', 'сумма']"
1,1,1,1,1,1,1,1,1,1,1,1,1,1,1,1,1,1,0,1,1,0,"['присутствие', 'отправитель', 'опечатать', 'опломбировать', 'посылка']"
0,0,1,1,0,0,0,0,0,0,0,1,0,1,1,1,0,1,0,1,0,0,['курица']
1,1,1,1,1,1,1,1,1,1,1,1,1,1,1,1,1,1,0,1,1,0,"['никита', 'гололобов', 'заместитель', 'генеральный', 'директор', 'издательство', 'просвещение', 'давать', 'пиратский', 'книжка', 'грамм', 'знак-кавычки', 'знак-кавычки']"
1,1,1,1,1,1,1,1,1,1,1,1,0,1,1,1,1,1,0,1,1,0,"['безмен', 'пригодиться', 'рынок', 'проверить', 'вес', 'товар', 'рыбалка', 'рыба', 'функция', 'тара', 'позволить', 'сыпучий', 'предмет', 'знак-кавычки']"
1,0,1,1,1,1,1,1,1,1,1,1,1,1,1,1,1,1,0,1,1,0,"['технический', 'весы']"
0,0,1,1,0,0,0,0,0,0,0,0,0,1,1,0,0,0,0,0,0,0,"['промыть', 'проба', 'грунт', 'необходимо', 'высушить', 'воздушно-сухой', 'состояние', 'чашка']"
0,1,1,1,0,1,1,1,0,1,1,1,0,1,1,1,0,1,0,1,0,0,"['каждый', 'фракция', 'грунт', 'задержаться', 'сито', 'следовать', 'отдельно']"
1,1,1,1,1,1,1,1,1,1,1,1,1,1,1,1,1,1,0,1,1,0,"['фракция', 'грунт', 'задержаться', 'сито', 'следовать']"
1,1,1,1,1,1,1,1,1,1,1,1,1,1,1,1,1,1,0,1,1,0,"['проба', 'стаканчик', 'надлежать', 'выпарить', 'песчаный', 'баня', 'высушить', 'постоянный', 'вес', 'температура', 'аналитический', 'весы']"
0,0,1,1,0,0,0,0,0,0,0,0,0,1,1,0,0,0,0,0,0,0,"['масса', 'взять', 'процент-знак', 'прополис']"
0,1,0,0,0,0,0,0,0,0,0,0,1,0,0,0,0,0,0,0,0,0,"['малыш', 'положить', 'грудь', 'измерить', 'см', 'поставить', 'апгар', 'отдать', 'счастливый', 'папа', 'который', 'момент', 'потуга', 'гулять', 'родилка', 'услышать', 'тимкин', 'крик', 'ворваться', 'принять', 'активный', 'участие', 'пеленание', 'пойти', 'бродить', 'вместе', 'коридор', 'зашивать']"
1,0,0,1,1,1,1,1,1,1,1,1,1,0,0,0,1,1,0,1,1,0,"['перенести', 'вещество', 'бюкса', 'определить', 'выход', 'процент']"
0,1,1,1,0,0,1,0,1,1,1,0,0,0,0,0,1,0,0,0,1,0,"['относиться', 'вод', 'содержать', 'вещество']"
0,1,0,0,0,0,0,0,0,0,0,0,1,0,0,0,0,0,0,0,0,0,"['исполин', 'никто', 'состояние', 'вес', 'вычисляться', 'чисто', 'арифметически']"
0,0,0,0,0,0,0,0,0,0,0,0,0,0,0,0,0,0,0,0,0,0,"['ребята', 'отослать', 'задержаться', 'незнакомец', 'дать', 'простой', 'задачка', 'подмастерье', 'даль', 'килограмм', 'металл', 'сказать', 'суметь', 'сделать', 'гиря', 'который', 'любой', 'вес', 'принять', 'гильдия', 'литейщик', 'знак-кавычки']"
0,0,0,0,0,0,0,0,0,0,0,0,0,0,0,0,0,0,0,0,0,0,"['градусный', 'мороз', 'ездить', 'медпункт', 'медсестра', 'неправильно', 'убедить', 'порядок', 'впоследствии', 'оказаться', 'вес', 'нужный', 'набирать']"
0,1,0,0,0,0,0,0,0,0,0,0,0,0,0,0,0,0,0,0,0,0,"['приехать', 'пмц', 'провести', 'опрос', 'обычно', 'роддом']"
0,1,1,1,0,0,0,0,0,0,0,0,0,0,1,0,0,0,0,0,0,0,"['малышка', 'закричать', 'понести', 'конец', 'комната', 'обмыть', 'осмотреть']"
0,0,0,1,0,0,0,0,0,0,0,0,0,0,0,0,0,0,0,0,0,0,"['город', 'мунксунда', 'санный', 'брэнхольм', 'заезжать', 'автопоезд', 'огромный', 'весы', 'вместе', 'груз']"
0,0,0,0,0,0,0,0,1,0,0,0,0,0,0,0,0,0,0,0,0,0,"['некоторый', 'тетушка', 'регистраторша', 'завидеть', 'добрый', 'взгляд', 'красивый', 'глазок', 'питомец', 'глаз', 'знак-кавычки']"
0,0,0,0,0,0,0,0,0,0,0,0,0,0,0,0,0,0,0,0,0,0,"['осадок', 'медленно', 'осаждаться', 'захватывать', 'вода', 'частица', 'удаляться', 'практически', 'тонкоизмельченный', 'вещество', 'больший', 'часть', 'бактерия']"
1,0,0,0,1,1,1,1,1,1,0,1,0,0,0,1,1,1,0,1,1,0,"['подослать', 'сток', 'чемодан', 'таец', 'выкатывать', 'бат', 'перегруз']"
0,1,0,0,0,0,0,0,0,0,0,0,0,0,0,0,0,0,0,0,0,0,"['один', 'мегамозг', 'срочно', 'бриллиант']"
1,0,0,1,1,1,1,1,1,1,1,1,0,0,0,1,1,1,0,1,1,0,"['мегамозг', 'решить', 'попросить', 'гиря', 'первый', 'камень', 'второй', 'проклятый', 'конкуренция', 'вынудить', 'отказать', 'маленький', 'просьба']"
0,0,0,0,0,0,1,0,1,1,1,0,0,0,0,0,1,0,0,0,1,0,"['второй', 'важный', 'группа', 'компонент', 'атмосфера', 'являться', 'атмосферный', 'аэрозоль', 'воздух', 'частица', 'твердый', 'тело', 'капля', 'жидкость', 'природный', 'антропогенный', 'происхождение']"
0,0,0,0,0,0,0,0,0,0,0,0,0,0,0,0,0,0,0,0,0,0,"['отличный', 'компактный', 'необходимый', 'прибор', 'дом', 'кухня', 'магазин', 'рынок', 'рыбалка', 'охота']"
0,0,0,1,0,0,0,0,0,0,0,0,0,0,0,0,0,0,0,0,0,0,"['мидия', 'обитать', 'площадь', 'прогонять', 'мантийный', 'полость', 'вода', 'сутки', 'осаждать', 'частица']"
0,1,1,0,0,0,0,0,0,0,0,0,0,1,0,0,0,0,0,0,0,0,"['закинуть', 'удочка', 'местный', 'водоем', 'попытать', 'рыбацкий', 'удача', 'улов', 'задуматься', 'рыба', 'водиться', 'вода', 'экологический', 'состояние', 'река', 'пруд', 'озеро', 'сценарий', 'развиваться', 'проект']"
0,0,0,0,0,0,0,0,0,0,0,0,1,1,0,0,0,0,0,0,0,0,"['дать', 'пример', 'степень', 'утомление', 'истощение', 'германский', 'войско', 'бесконечный', 'наступление', 'форсированный', 'марш', 'интересно', 'отметить', 'погрузка', 'аэроплан', 'вместе', 'пакет', 'весить', 'рост', 'метр', 'см']"
0,0,0,1,0,0,0,0,0,0,0,0,0,0,1,0,0,0,0,0,0,0,"['привезти', 'вещь', 'отдать', 'деньги', 'грамм']"
0,0,0,0,0,0,1,0,1,1,1,0,0,0,0,0,1,0,0,0,1,0,"['отсоединить', 'приемник', 'прибор', 'закрыть', 'стеклянный', 'пробка', 'рассчитать', 'выход', 'процент']"
0,0,0,0,0,0,0,0,0,0,0,0,0,0,0,0,0,0,0,0,0,0,"['приемник', 'получить', 'жидкость', 'определить', 'масса', 'вещество']"
0,0,1,0,0,0,0,0,0,0,0,0,0,0,0,0,0,0,0,0,0,0,"['зелень', 'хлеб', 'нарезать', 'кубик', 'обжарить', 'масло', 'состояние', 'густой', 'каша', 'положить', 'обратно', 'булочка', 'накрыть', 'срезать', 'долька', 'чеснок', 'щепотка', 'эстрагон', 'укроп', 'зраза', 'нельсон', 'подача', 'тарелка', 'рассольник', 'кусочек']"
0,0,1,1,0,0,0,0,0,0,0,0,1,1,1,0,0,0,0,0,0,0,"['качественный', 'донесение', 'иуда', 'долгий', 'век', 'вобрать', 'вера', 'святость', 'кортик', 'рука', 'пистолет', 'очередь', 'включить', 'силовой', 'щит']"
0,0,0,0,0,0,0,0,0,0,0,0,0,0,0,0,0,0,0,0,0,0,"['рост', 'апгар', 'родить', 'послед', 'оказаться', 'большой']"
1,1,0,1,1,1,1,1,1,0,0,1,1,0,0,1,0,1,0,1,1,0,[]
0,1,0,0,0,0,0,0,0,0,0,0,1,0,0,0,0,0,0,0,0,0,"['нравиться', 'белый', 'чай', 'быстро', 'попросить', 'порция', 'предложить', 'сорт', 'заварить', 'ройбоша']"
0,1,1,0,0,0,0,0,0,0,0,0,1,0,0,0,0,0,0,0,0,0,"['аэрозоль', 'мельчайший', 'частица', 'газообразный', 'среда']"
0,1,0,0,0,0,0,0,0,0,0,0,1,0,0,0,0,0,0,0,0,0,"['насыпать', 'пакет', 'приклеить', 'бирка', 'штрихкод']"
0,1,0,0,0,0,0,0,0,0,0,0,1,0,0,0,0,0,0,0,0,0,"['пример', 'гомогенный', 'система', 'являться', 'атмосферный', 'воздух', 'состоять', 'смесь', 'различный', 'газ', 'водяной', 'пар', 'гетерогенный', 'туман', 'наряду', 'газовый', 'фаза', 'присутствовать', 'жидкий', 'капля', 'вода', 'твердый', 'кристалл', 'лед']"
0,0,0,0,0,0,0,0,0,0,0,0,0,0,0,0,0,0,0,0,0,0,"['велеть', 'молот']"
0,0,0,0,0,0,0,0,0,0,0,0,0,0,0,0,0,0,0,0,0,0,"['мужичок', 'рука']"
0,1,0,0,0,0,0,0,0,0,0,0,1,0,0,0,0,0,0,0,0,0,"['ручей', 'приток', 'приносить', 'разный', 'растворить', 'вещество']"
1,1,0,0,1,1,1,1,1,1,1,1,1,0,0,1,1,1,0,1,1,0,"['фактически', 'один', 'первый', 'попытка', 'душа', 'человек', 'определение', 'вес', 'данный', 'случай', 'совсем', 'умесный', 'другой', 'исследование', 'невесомый', 'астральный', 'двойник', 'запросто', 'открыть', 'дверь', 'двигать', 'тяжелый', 'предмет', 'знак-кавычки', 'знак-кавычки']"
0,1,0,0,0,0,0,0,1,0,0,0,1,0,0,0,0,0,0,0,0,0,"['процентный', 'изменение', 'определенный', 'показатель', 'здоровье', 'условный', 'единица', 'концентрация', 'например', 'каждый', 'м', 'использоваться', 'оценка', 'риск', 'ведущий', 'неспецифический', 'загрязнитель', 'атмосферный', 'воздух', 'вещество', 'частица', 'диоксид', 'азот', 'сера', 'оксид', 'углерод']"
1,0,0,0,1,1,1,1,1,1,1,1,0,0,0,1,1,1,0,1,1,0,"['поднять', 'аппарат', 'ладонь']"
1,1,1,1,1,1,1,1,1,1,1,1,1,1,1,1,1,1,0,1,1,0,"['выход', 'нефтяной', 'пласт', 'нефть', 'содержать', 'частица', 'горный', 'порода', 'вода', 'растворить', 'соль', 'газ']"
1,1,1,1,1,1,1,1,1,1,1,1,0,1,1,1,1,1,0,1,1,0,"['лично', 'покупать', 'огурец', 'рынок', 'орбита', 'крытый', 'павильон', 'пойти', 'контрольный', 'весы', 'подойти', 'сказать', 'продавец', 'ужасно', 'недовольный', 'деньги', 'вернуть', 'нога', 'цена', 'зашаливать', 'обманывать']"
1,1,1,1,1,1,1,1,1,1,1,1,0,1,1,1,1,1,0,1,1,0,"['предварительно', 'образец', 'продержать', 'сутки', 'горячий', 'щелочь', 'термостат']"
1,1,1,1,1,1,1,1,1,1,1,1,1,1,1,1,1,1,1,1,1,0,"['некоторый', 'время', 'переставить', 'семья', 'вес', 'показать', 'утерять', 'летный', 'пчела']"
1,1,1,1,1,1,0,1,0,0,0,1,0,1,1,1,0,1,0,1,0,0,"['орудовать', 'сачок', 'варан', 'наполнить', 'мешок']"
1,0,0,1,1,1,1,1,1,1,1,1,0,0,0,1,1,1,0,1,1,0,"['пружинный', 'кантар', 'федосов', 'пятнадцатилитровый', 'ведро', 'точность', 'знать', 'весить', 'килограмм', 'содержать', 'брикетина']"
1,1,1,0,1,1,1,1,1,1,1,1,1,1,0,1,1,1,0,1,1,0,"['класть', 'рюкзак', 'рука', 'улов']"
1,1,1,1,1,1,1,1,1,1,1,1,0,1,1,1,1,1,0,1,1,0,"['степень', 'очистка', 'дождевой', 'вода', 'грубодисперсный', 'вещество', 'сооружение', 'достигать', 'остаточный', 'концентрация', 'мг', 'л', 'соответствовать', 'нормативный', 'требование', 'допускать', 'водоотведение', 'возвратный']"
1,0,1,0,1,1,1,1,1,1,1,1,1,1,0,1,1,1,0,1,1,0,"['рыбка', 'оказаться', 'тяжелый', 'рыбак', 'райли', 'весить', 'килограмм']"
1,1,1,1,1,1,1,1,1,1,1,1,1,1,1,1,1,1,1,1,1,0,"['похоже', 'никто', 'дать', 'полностью', 'удовлетворительный', 'ответ', 'вопрос', 'заставлять', 'атмосфера', 'крохотный', 'облачный', 'капелька', 'превращаться', 'миллиард', 'тонна', 'вода', 'выпадать', 'дождь', 'земля', 'ежеминутный', 'каждый', 'день']"
1,1,1,1,1,1,1,1,1,1,1,1,1,1,1,1,1,1,0,1,1,0,"['проведение', 'водный', 'объект', 'работа', 'результат', 'который', 'образовываться', 'твердый', 'частица', 'допускаться', 'требование', 'законодательство', 'российский', 'федерация']"
1,1,1,1,1,1,1,1,1,1,1,1,1,1,1,1,1,1,0,1,1,0,"['препарат', 'гельминт', 'рассчитываться', 'строго', 'вес', 'животный', 'дегельминтизация', 'животное', 'обязательно', 'необходимо', 'хорошо', 'взвеситься', 'вместе', 'вычесть', 'общий']"
1,1,1,1,1,1,1,1,1,1,1,1,1,1,1,1,1,1,0,1,1,0,"['год', 'ученый', 'обмерить', 'семилетний', 'житель', 'великобритания']"
1,1,1,1,1,1,1,1,1,1,1,1,1,1,1,1,1,1,0,1,1,0,"['смерть', 'каждый', 'участник', 'предварительный', 'согласие', 'нейрофизиолог', 'извлечь', 'мозг']"
1,1,0,1,1,1,1,1,1,1,1,1,1,0,1,1,1,1,1,1,1,0,"['достаточно', 'просто', 'любой', 'австрийский', 'конвенционный', 'талер', 'год', 'убедиться', 'один', 'весить', 'грамм']"
1,0,1,0,1,1,1,1,1,1,1,1,0,1,0,1,1,1,0,1,1,0,"['проверить', 'аккумулятор', 'дело', 'измеримый', 'нагрузить']"
1,1,1,1,1,1,1,1,1,1,1,1,1,1,1,1,1,1,0,1,1,0,"['малышка', 'осмотреть', 'см', 'шкала', 'апгар']"
0,0,1,1,0,0,0,0,0,0,0,0,0,1,1,0,0,0,0,0,0,0,"['использоваться', 'практически', 'российский', 'фастфуд', 'столовая', 'быстро', 'автоматически', 'передать', 'кассовый', 'терминал', 'информация', 'стоимость', 'салат', 'гарнир', 'тортик']"
1,1,1,1,1,1,1,1,1,1,1,1,0,1,1,1,1,1,0,1,1,0,"['общественник', 'отметить', 'придтись', 'тянуться', 'широкий', 'витрина', 'мучной', 'изделие']"
1,1,1,1,1,1,1,1,1,1,1,1,1,1,1,1,1,1,0,1,1,0,"['официантка', 'принести', 'старинный', 'весы', 'поставить', 'стол', 'выбрать', 'рыба', 'который', 'потянуть', 'г']"
1,1,0,1,1,1,1,1,1,1,1,1,1,1,1,1,1,1,0,1,1,0,"['вода', 'слить', 'корка']"
1,0,1,1,1,1,1,1,1,1,1,1,0,1,1,1,1,1,0,1,1,1,"['предполагаемый', 'результат', 'усилие', 'который', 'придтись', 'потратить', 'достижение']"
0,0,1,1,0,0,0,0,0,0,0,0,0,1,1,0,0,0,0,0,0,1,"['разумеется', 'вес', 'килограмм', 'выбирать', 'здоровый', 'питание', 'неделя', 'избавиться', 'следовать', 'тщательно', 'способ', 'уменьшение', 'масса', 'тело']"
1,0,1,0,1,1,1,1,1,1,1,1,0,1,1,1,1,1,0,1,1,1,"['правильно', 'факт', 'преминуть', 'сделать', 'дальнейший', 'методологический', 'следствие', 'должный', 'чрезвычайно', 'скептически', 'относиться', 'деталь', 'оборот', 'речь', 'древний', 'писатель', 'касаться', 'вопрос', 'тактика']"
1,1,1,1,1,1,1,1,1,1,1,1,1,0,1,1,1,1,0,1,1,1,"['принимать', 'принять', 'решение', 'определить', 'ребенок', 'вальдорфский', 'садик', 'следовать', 'поступить', 'хорошо', 'малыш', 'знак-кавычки', 'знак-кавычки']"
1,1,1,1,1,1,1,1,1,1,1,1,1,1,1,1,1,1,1,1,1,1,"['необходимо', 'учесть', 'возникнуть', 'параллелизм', 'культурный', 'модель', 'часть', 'сибирский', 'умма', 'горожанин', 'негорожанин', 'объективно', 'соотношение', 'городской', 'сельский', 'население', 'разбросать', 'огромный', 'пространство', 'гг', 'существовать', 'тобольский', 'иркутский', 'наместничество', 'губерния', 'большой', 'территория', 'который', 'происходить', 'административный', 'изменение', 'переподчинение']"
1,1,1,1,1,1,1,1,1,1,1,1,1,1,1,1,1,1,0,1,1,1,"['расчет', 'трейвиш', 'средний', 'людность', 'город', 'расстояние', 'крупнейший', 'морской', 'побережье', 'внешний', 'рубеж', 'российский', 'империя', 'км', 'г.', 'ссср', 'показатель', 'россия']"
1,1,1,0,1,1,1,1,1,1,1,1,1,1,0,1,1,1,0,1,1,1,"['слушать', 'сказать', 'пугать', 'хотеть', 'отговаривать', 'сообразить', 'слово', 'постараться', 'совесть']"
1,1,1,1,1,1,1,1,1,1,1,1,1,1,1,1,1,1,0,1,1,1,"['хиллари', 'клинтон', 'госсекретарь', 'сша', 'проинформировать', 'среда', 'юнеско', 'следовать', 'снова', 'план', 'признание', 'палестинский', 'государство']"
1,1,1,1,1,1,1,1,1,1,1,1,1,1,1,1,1,1,0,1,1,1,"['остаться', 'личный', 'этический', 'установка']"
1,1,1,0,1,1,1,1,1,1,1,1,0,1,0,1,1,1,0,1,1,1,"['современный', 'садовод', 'любитель', 'большинство', 'человек', 'грамотный']"
1,1,1,1,1,1,1,1,1,1,1,1,0,1,1,1,1,1,0,1,1,1,"['найти', 'хороший', 'врач', 'консультация', 'принять', 'решение', 'который', 'являться', 'важный', 'здоровье', 'знак-кавычки', 'знак-кавычки']"
1,0,1,1,1,1,1,1,1,1,1,1,0,1,1,1,1,1,0,1,1,1,['реакция']
1,1,1,1,1,1,1,1,1,1,1,1,0,1,1,1,1,1,0,1,1,1,"['планировать', 'хранить', 'образ', 'виртуальный', 'машина', 'флешка', 'смысл', 'строгий', 'потребность', 'ресурс', 'жить', 'папка', 'ноут', 'чуточку', 'щедро']"
0,0,1,1,0,0,0,0,0,0,0,0,0,1,1,0,0,0,1,0,0,1,"['доморощенный', 'движок', 'геоблог', 'установленный', 'плагин', 'кросс-постинг']"
0,0,1,1,0,1,1,0,1,1,1,1,0,1,1,1,1,1,0,1,1,1,"['подумать', 'отказаться', 'прием', 'витаминный', 'минеральный', 'комплекс', 'знак-кавычки', 'знак-кавычки']"
0,0,0,1,0,0,1,0,1,1,1,0,0,1,1,0,1,0,1,0,1,1,"['отчетный', 'год', 'агентство', 'принятый', 'базовый', 'регулятивный', 'документ', 'функционирование', 'система', 'страхование', 'вклад', 'позволить', 'банк', 'принимать', 'решение', 'стадия', 'предшествовать', 'вступление']"
0,0,1,1,0,0,0,0,0,0,0,0,0,1,1,0,0,0,0,0,0,1,"['решать', 'жилищный', 'вопрос', 'стоять', 'хорошо']"
0,1,0,0,0,0,1,0,1,1,1,0,1,1,1,0,1,0,0,0,1,1,"['решиться', 'переезд', 'необходимо', 'муниципальный', 'власть', 'пригласить', 'будущий', 'новосел', 'знакомство', 'город']"
0,1,0,0,0,0,0,0,0,0,0,0,1,0,0,0,0,0,0,0,0,1,"['стоять', 'обдумать', 'решение']"
0,0,0,0,0,0,0,0,0,0,0,0,0,0,0,0,0,0,0,0,0,1,"['грозить', 'ребенок', 'страшный', 'картина', 'стоять']"
0,0,0,0,0,0,0,0,0,0,0,0,0,1,0,0,0,0,0,0,0,1,"['рассуждение', 'кризис', 'помочь', 'жить', 'хорошо', 'собственный', 'возможность', 'начать', 'действовать', 'сегодня']"
0,0,0,0,0,0,0,0,0,0,0,0,0,0,0,0,0,0,0,0,0,1,"['понять', 'снять', 'коттедж', 'выходной', 'великолепный', 'возможность', 'провести', 'свободный', 'время', 'удовольствие', 'польза', 'отдохнуть', 'город', 'забыть', 'проблема', 'вернуться', 'привычный', 'распорядок', 'свежий', 'румяный', 'готовый', 'подвиг']"
0,0,0,0,0,0,0,0,0,0,0,0,0,0,0,0,0,0,0,0,0,1,"['давать', 'выигрывать']"
0,0,0,1,0,0,0,0,0,0,0,0,0,1,1,0,0,0,0,0,0,1,"['осмотр', 'обязательно', 'подсказать', 'вариант', 'проведение', 'знак-кавычки', 'знак-кавычки']"
0,1,0,1,0,0,0,0,0,0,0,0,0,0,1,0,0,0,0,0,0,1,"['постепенно', 'майкл', 'успокоиться', 'трезво']"
0,0,0,1,0,0,0,0,0,0,0,0,0,0,1,0,0,0,0,0,0,1,"['тщательно', 'разведать', 'обстановка', 'принимать', 'окончательный', 'решение', 'иммиграция', 'страна', 'начинать', 'действовать', 'заранее', 'предполагать', 'благополучный', 'исход', 'мероприятие', 'знак-кавычки', 'знак-кавычки']"
0,1,1,0,0,0,0,0,0,0,0,0,1,1,0,0,0,0,0,0,0,1,"['парализовать', 'воля', 'давать', 'принимать', 'быстрый', 'решение', 'который', 'напрямую', 'зависеть', 'выздоровление']"
1,0,0,0,1,1,0,1,0,0,0,1,0,0,0,1,0,1,0,1,0,1,"['рейтинг', 'президент', 'например', 'мерять', 'каждый', 'месяц', 'делать', 'вывод']"
0,0,0,0,0,0,0,0,0,0,0,0,0,0,0,0,0,0,0,0,0,1,"['площадка', 'развитие', 'лидерский', 'способность', 'руководитель', 'некоммерческий', 'партнерство', 'центр', 'одаренность', 'павел', 'шевченко', 'научить', 'ребята', 'простой', 'метод', 'который', 'заставлять', 'любой', 'ситуация', 'взглянуть', 'критично', 'плюс', 'минус', 'один', 'важный', 'условие', 'необходимо', 'иметь', 'собственный', 'мнение', 'главное', 'качество', 'личность', 'претендовать', 'лидерство', 'знак-кавычки', 'знак-кавычки']"
1,1,0,1,1,1,1,1,1,1,1,1,0,0,1,1,1,1,0,1,1,1,"['исходить', 'открытие', 'мода', 'натуральность', 'цвет', 'длинный', 'волос', 'заключить', 'эмоционально', 'спокойный', 'человек']"
0,1,0,0,0,0,0,0,0,0,0,0,0,0,0,0,0,0,0,0,0,1,"['надеяться', 'прийти', 'правильный', 'вывод', 'прививать', 'ребенок', 'необходимо']"
0,0,0,0,0,0,0,0,0,0,0,0,0,0,0,0,0,0,1,0,0,1,"['врач', 'хотеть', 'вызвать', 'инсульт', 'пытаться', 'предотвратить', 'возможность', 'тщательно', 'преимущество', 'человек', 'риск', 'хирургия', 'сонный', 'артерия', 'являться', 'критически', 'важный', 'сказать', 'доктор', 'итан', 'халм', 'начальник', 'отделение', 'общий', 'внутренний', 'медицина', 'главный', 'автор', 'исследование', 'опубликовать', 'журнал', 'знак-кавычки', 'знак-кавычки']"
0,1,1,1,0,0,0,0,0,0,0,0,1,0,0,0,0,0,0,0,0,1,"['второй', 'предпринимать', 'шаг']"
0,0,0,0,0,0,0,0,0,0,0,0,0,0,0,0,0,0,0,0,0,1,"['важный', 'дать', 'участник', 'возможность', 'осознать', 'взаимосвязь', 'идея', 'решение', 'результат']"
0,1,1,1,0,0,0,0,0,0,0,0,0,1,1,0,0,0,0,0,0,1,"['сила', 'гордый', 'воля', 'твердый']"
0,1,0,0,0,0,0,0,0,0,0,0,1,0,0,0,0,0,0,0,0,1,"['тщательно', 'обдумать', 'спокойный', 'обстановка']"
0,1,0,0,0,0,0,0,0,0,0,0,1,0,0,0,0,0,0,0,0,1,"['рекомендовать', 'покупать', 'пудель', 'хорошо']"
0,0,0,0,0,0,0,0,0,0,0,0,0,0,0,0,0,0,0,0,0,1,"['оперативность', 'объем', 'предоставлять', 'информация', 'позволять', 'принимать', 'решение', 'экономить', 'ресурс', 'оптимизировать', 'работа', 'внутренний', 'подразделение']"
0,1,1,0,0,0,0,0,0,1,1,0,0,1,0,0,0,0,0,0,0,1,"['выбор', 'знак-кавычки', 'знак-кавычки']"
0,1,0,0,0,0,0,0,0,0,0,0,1,0,0,0,0,0,0,0,0,1,"['придтись', 'спасти', 'довольно', 'отвратительный', 'разновидность', 'смерть', 'совершенно', 'решить', 'шурф', 'проблема', 'вполне', 'подождать', 'вечер', 'теххи', 'который', 'наверняка', 'киев', 'работа', 'водитель', 'авизо', 'начинать', 'ворочаться', 'бок']"
0,0,0,0,0,0,0,0,0,0,0,0,0,0,0,0,0,0,0,0,0,1,"['дать', 'поклонник', 'время', 'подумать', 'понимать', 'серьезно']"
0,1,0,0,0,0,1,0,1,1,1,0,1,0,0,0,1,0,0,0,1,1,"['главный', 'личный', 'вывод', 'решение', 'будущий', 'голодовка', 'стоить', 'тщательно']"
0,1,1,0,0,0,0,0,0,0,0,0,0,1,0,0,0,0,0,0,0,1,"['колебание', 'стоить', 'писать', 'диссертация', 'защищать', 'современный', 'наука', 'любить', 'залетный', 'гость']"
0,0,0,1,0,0,0,0,0,0,0,0,0,0,1,0,0,0,0,0,0,1,"['хорошо', 'тщательно', 'поторопиться', 'покупка', 'всерьез', 'пожалеть', 'будущий', 'знак-кавычки', 'знак-кавычки']"
0,0,0,0,0,0,0,0,0,0,0,0,0,0,0,0,0,0,0,0,0,1,"['течение', 'время', 'начинать', 'преобладать', 'оценка', 'основать', 'анализ', 'текст']"
1,1,1,1,1,1,1,1,1,1,1,1,0,1,1,1,1,1,0,1,1,1,"['отсутствие', 'четкий', 'правдивый', 'информация', 'мешать', 'принимать', 'верный', 'решение']"
0,0,0,0,0,0,0,0,0,0,0,0,0,0,0,0,0,0,0,0,0,1,"['ситуация', 'прояснить', 'место', 'невозможно', 'принимать', 'решение']"
1,1,1,1,1,1,1,1,1,1,1,1,0,1,1,1,1,1,0,1,1,1,"['приспособительный', 'действие']"
0,0,0,1,0,0,0,0,0,0,0,0,0,0,1,0,0,0,0,0,0,1,"['конструктивный', 'социальный', 'диалог', 'позволить', 'мот', 'выйти', 'оптимальный', 'инициатива', 'глобальный', 'финансовый', 'экономический', 'кризис', 'год', 'международный', 'сообщество', 'столкнуться', 'действительно', 'серьезный', 'вызов']"
0,1,0,0,0,0,0,0,0,0,0,0,1,0,0,0,0,0,0,0,0,1,"['сенатор', 'находиться', 'эрли', 'остальной', 'рассеянный', 'территория', 'лиза', 'предложение', 'душа', 'невзлюбить']"
0,0,0,0,0,0,0,0,0,0,0,0,0,0,0,0,0,0,0,0,0,1,"['обратиться', 'банк', 'просьба', 'выдать', 'кредит', 'необходимо', 'плюс', 'минус', 'шаг', 'постараться', 'продумать', 'возможный', 'ситуация']"
0,0,0,1,0,0,0,0,0,0,0,1,0,0,1,0,0,0,0,0,0,1,"['кинуться', 'бухты-барахты', 'тщательно']"
0,1,0,0,0,0,0,0,0,0,0,0,0,1,1,0,0,0,0,0,0,1,"['против', 'принять', 'внимание', 'объем', 'услуга', 'который', 'оказывать', 'аутсорсер', 'чаша', 'весы', 'склониться', 'польза', 'аутсорсинг', 'знак-кавычки', 'знак-кавычки']"
0,0,0,0,0,0,0,0,0,0,0,0,0,0,0,0,0,0,0,0,0,1,"['приобрести', 'питомец', 'возможность', 'потребность']"
1,0,0,0,1,1,0,1,0,0,0,1,0,0,0,1,0,1,0,0,0,1,"['вместе', 'подобрать', 'подходящий', 'питомец', 'знак-кавычки', 'знак-кавычки']"
0,0,0,0,0,0,0,0,0,0,0,0,0,0,0,0,0,0,0,0,0,1,"['беременность', 'планироваться', 'плюс', 'данный', 'время', 'год', 'рождение', 'ребенок']"
1,0,0,0,1,1,1,1,1,1,1,1,0,0,0,1,1,1,0,1,1,1,['давать']
0,0,0,0,0,0,0,0,0,0,0,0,0,1,0,0,0,0,0,0,0,1,"['осознание', 'помогать', 'отделить', 'интерес', 'компания', 'желание', 'нравиться', 'принимать', 'решение']"
1,0,0,1,1,1,1,1,1,1,1,1,0,0,1,1,1,1,0,1,1,1,"['голова', 'вариант']"
1,1,0,0,1,1,1,1,1,1,1,1,1,0,0,1,1,1,0,1,1,1,"['трезво', 'габарит', 'квартира', 'возможность', 'выгуливание']"
1,1,0,0,1,1,1,1,1,1,1,1,0,0,0,1,1,1,0,1,1,1,"['сегодня', 'клиент', 'заказывать', 'оформление', 'зачастую', 'первый', 'интерьер', 'претендовать', 'комфортный', 'необычный', 'решение']"
1,1,0,0,1,1,1,1,1,1,1,1,1,0,0,1,1,1,0,1,1,1,"['семья', 'вознамериться', 'дать', 'жизнь', 'ребенок', 'стоить', 'последствие', 'материальный', 'эмоциональный', 'сексуальный']"
0,0,0,1,0,0,0,0,0,0,0,0,0,1,1,0,0,0,0,0,0,1,"['дорогой', 'женин', 'начать', 'принимать', 'пилюля', 'стоить']"
1,1,1,1,1,1,1,1,1,1,1,1,1,1,1,1,1,1,0,1,1,1,"['собрать', 'максимум', 'информация', 'обдумать', 'один', 'принимать', 'финальный', 'решение']"
1,1,0,1,1,1,1,1,1,1,1,1,1,0,1,1,1,1,0,1,1,1,"['действительно', 'желание', 'записаться', 'стоить', 'деньги', 'значит', 'решение']"
1,1,1,0,1,1,1,1,1,1,1,1,1,1,0,1,1,1,0,1,1,1,"['зачастую', 'бывать', 'сложно', 'проанализировать', 'последствие', 'принятие', 'решение', 'трудно', 'плюс', 'минус', 'вызывать', 'сомнение', 'колебание']"
1,1,1,0,1,1,1,1,1,1,1,1,0,1,1,1,1,1,0,1,1,1,"['заниматься', 'самовоспитание', 'необходимо', 'усвоить', 'один', 'вспылить', 'наговорить', 'резкость', 'который', 'болезненно', 'воспринять', 'собеседник', 'подумать', 'обстоятельство', 'тон', 'лексикон', 'другой']"
1,1,1,0,1,1,0,1,1,1,1,1,1,1,1,1,1,1,0,1,1,1,"['пошутить', 'наверное', 'бабуля', 'голова', 'выплыть', 'непривычный', 'имя', 'кильдиш', 'знак-кавычки']"
1,1,1,1,1,1,1,1,1,1,1,1,0,1,1,1,1,1,0,1,1,1,"['актив', 'учет', 'риск']"
1,0,1,1,1,1,1,1,1,1,1,1,0,1,1,1,1,1,0,1,1,1,"['добиваться', 'результат', 'насладиться', 'желание']"
0,1,1,1,0,0,0,0,0,0,0,0,0,1,1,0,0,0,0,0,0,1,"['открывать', 'подобный', 'бизнес', 'начальный', 'капитал', 'страна']"
1,0,1,1,1,1,0,1,1,1,1,1,0,1,1,1,1,1,0,1,1,1,"['выбрать', 'карьера', 'танцор', 'должный', 'хорошо', 'многий', 'фактор', 'потратить', 'время', 'выбор', 'хороший', 'школа', 'танец']"
1,1,1,1,1,1,1,1,1,1,1,1,0,1,1,1,1,1,0,1,1,1,"['точный', 'сообщение', 'многое', 'определять', 'лицо', 'форум', 'остаться', 'незамеченный', 'получить', 'большой', 'скоро', 'самый', 'число', 'благодарность']"
0,0,1,1,0,1,0,1,0,0,0,1,0,1,1,1,0,1,0,1,0,1,"['внимательно', 'звучать', 'смешной', 'неразборчиво', 'трудно', 'произносить', 'странно']"
1,1,1,1,1,1,1,1,1,1,1,1,0,1,1,1,1,1,0,1,1,1,"['критический', 'ситуация', 'спасти', 'жизнь', 'обыденный', 'эмоция', 'часто', 'оказываютя', 'вредный', 'мешать', 'обстоятельство', 'принять', 'оптимальный', 'решение']"
1,1,1,0,1,1,1,1,1,1,1,1,1,1,1,1,1,1,0,1,1,1,"['решиться', 'взять', 'ипотечный', 'кредит', 'любой', 'потенциальный', 'заемщик', 'знак-кавычки', 'знак-кавычки']"
0,1,1,1,0,0,1,0,1,1,1,0,0,1,1,0,1,0,0,0,1,1,"['плюс', 'минус', 'другой']"
1,0,1,1,1,1,1,1,1,1,1,1,0,1,1,1,1,1,0,1,1,1,"['необходимо', 'степень', 'полнота', 'решение']"
1,1,1,1,1,1,1,1,1,1,1,1,0,1,1,1,1,1,0,1,1,1,"['рассказать', 'сильный', 'слабый', 'сторона', 'каждый', 'снова', 'спуститься', 'паб', 'выпь', 'пинта', 'другой', 'лечь', 'спать', 'надежда', 'проснуться', 'подходящий', 'состояние', 'вынесение', 'справедливый', 'вердикт', 'знак-кавычки', 'знак-кавычки']"
1,1,1,1,1,1,1,1,1,1,1,1,0,1,1,1,1,1,1,1,1,1,['взгляд']
1,0,1,1,1,1,1,1,1,1,1,1,0,1,1,1,1,1,0,1,1,1,"['понимать', 'моррис', 'восприимчивый', 'импульсивный', 'хотеть', 'отсрочка', 'вопрос', 'переезд', 'палестина', 'обдумать', 'действительно', 'подходить', 'друг']"
1,1,1,1,1,1,1,1,1,1,1,1,1,1,1,1,1,1,0,1,1,1,"['решить', 'задерживать', 'выплата', 'один', 'день', 'трудно', 'знак-кавычки', 'знак-кавычки']"
1,0,1,0,1,1,1,1,1,1,1,1,0,1,0,1,1,1,0,1,1,1,"['каждый', 'российский', 'гражданин', 'получать', 'высокий', 'зарплата', 'рисковать', 'жизнь', 'уехать']"
1,0,1,0,1,1,1,1,1,1,1,1,0,1,1,1,1,1,0,1,1,1,"['принимать', 'грамотный', 'управленческий', 'решение', 'руководитель', 'фирма', 'должный', 'инструмент', 'анализ', 'понять', 'сокращать', 'расход', 'увеличивать', 'инвестиция']"
1,0,1,1,1,1,1,1,1,1,1,1,0,1,1,1,1,1,0,1,1,1,"['мелькать', 'график', 'диаграмма', 'риск', 'упустить', 'возможность']"
0,0,1,1,0,0,0,0,0,0,0,0,0,1,1,0,0,0,0,0,0,1,"['напротив', 'убедить', 'решение', 'компромиссный', 'учитывать', 'конкретно', 'исторический', 'ситуативный', 'обстоятельство', 'лучший', 'радикальный', 'идеологически', 'обусловить']"
0,1,1,1,0,0,0,0,0,0,0,0,0,1,1,0,0,0,0,0,0,1,"['действие', 'израиль', 'просматриваться', 'точный', 'расчет', 'оценка']"
0,0,0,0,0,0,0,0,0,0,0,0,0,0,0,0,0,0,0,0,0,1,"['веб', 'приложение', 'научиться', 'определять', 'графический', 'фигура', 'принимать', 'решение', 'совершенствовать', 'торговый', 'стратегия']"
0,0,1,0,0,0,0,0,0,0,0,0,0,1,0,0,0,0,0,0,0,1,"['бывший', 'казаться', 'супруга', 'друг', 'отправиться', 'искренне', 'пытаться', 'доказать', 'продумать', 'ребенок', 'решить', 'дать', 'убрать', 'предел', 'ежеминутный', 'досягаемость', 'придирка', 'обида', 'вынуждать', 'нервничать', 'знак-кавычки']"
0,0,0,0,0,0,0,0,0,0,0,0,0,0,0,0,0,0,0,0,0,1,"['вечер', 'рассказать', 'трудность', 'спорный', 'момент', 'научить', 'делать', 'сказать']"
0,0,0,0,0,0,0,0,0,0,0,0,0,0,0,0,0,0,0,0,0,1,"['предлагать', 'читатель', 'внимательно', 'рассмотреть', 'чекистский', 'тезис', 'забыть', 'история', 'травля', 'издевательство', 'анна', 'политковская', 'российский', 'спецслужба', 'лично', 'президент', 'путин']"
0,0,1,1,0,0,0,0,0,0,0,0,0,1,1,0,0,0,0,0,0,1,"['окончательный', 'выбор', 'случай', 'встраивать', 'раковина', 'наполнить', 'интерьер', 'ванный', 'особа', 'атмосфера', 'комфорт', 'удивить', 'многочисленный', 'преимущество']"
0,0,1,0,0,0,0,0,0,0,0,0,0,0,0,0,0,0,1,0,0,1,"['далее', 'субъективно', 'составлять', 'риск', 'который', 'измерять', 'оценка', 'раскрытие', 'соответствующий', 'информация', 'предпосылка', 'факт']"
0,0,0,0,0,0,0,0,0,0,0,0,0,0,0,0,0,0,0,0,0,1,"['консервативный', 'характер', 'человек', 'заставлять', 'тщательно', 'принятие', 'решение', 'отмерить', 'один', 'отрезать', 'пословица', 'земля', 'знак-кавычки']"
0,0,0,0,0,0,0,0,0,0,0,0,0,0,0,0,0,0,0,0,0,1,"['следовать', 'сначала', 'фактор', 'технологический', 'финансовый', 'особенность', 'климат', 'принимать', 'решение', 'окончательно']"
0,0,0,0,0,0,0,0,0,0,0,0,0,0,0,0,0,0,0,0,0,1,"['принимать', 'кардинальный', 'решение', 'некоторый', 'оценка', 'смена', 'работа', 'испытывать', 'стресс', 'степень', 'сравнимый', 'смерть', 'близкий', 'человек', 'необходимо', 'тщательно', 'проанализировать', 'ситуация', 'знак-кавычки', 'знак-кавычки']"
0,0,0,0,0,0,0,0,0,0,0,0,0,0,0,0,0,0,0,0,0,1,"['возникнуть', 'сложный', 'ситуация', 'понимать', 'решать', 'знак-кавычки', 'знак-кавычки']"
0,0,0,0,0,0,0,0,0,0,0,0,0,0,0,0,0,0,0,0,0,1,"['главный', 'тезис', 'который', 'высказывать', 'новый', 'собственник', 'энергокомпания', 'оправдание', 'сводиться', 'подобный', 'огромный', 'капитальный', 'вложение', 'тщательно']"
0,1,0,0,0,0,0,0,0,0,0,0,0,1,0,0,0,0,0,0,0,1,"['пробовать', 'знак-кавычки', 'знак-кавычки']"
0,0,0,0,0,0,0,0,0,0,0,0,0,0,0,0,0,0,0,0,0,1,"['привести', 'статья', 'фактор', 'который', 'говорить', 'польза', 'гибдд', 'количество', 'добрый', 'дело', 'делать', 'дорожный', 'инспектор', 'становиться', 'понятный', 'причина', 'негативный', 'отношение', 'водитель', 'сотрудник', 'наоборот']"
0,0,0,0,0,0,0,0,0,0,0,0,0,0,0,0,0,0,0,0,0,1,"['придтись', 'купить', 'знак-кавычки', 'знак-кавычки']"
0,0,0,0,0,0,0,0,0,0,0,0,1,0,0,0,0,0,0,0,0,1,"['сборная', 'время', 'спокойно', 'подготовиться', 'матч', 'поучаствовать', 'рекламный', 'акция', 'один', 'немецкий', 'автопроизводитель', 'знак-кавычки', 'знак-кавычки']"
0,0,0,0,0,0,0,0,0,0,0,0,0,0,0,0,0,0,0,0,0,1,"['факт', 'доказательство', 'дело', 'предостаточно', 'оставаться', 'выяснеть', 'правый', 'виноватый', 'делать', 'далеко']"
0,0,1,1,0,0,0,0,0,0,0,0,0,1,1,0,0,0,0,0,0,1,"['кремль', 'тщательно', 'потенциал', 'движение', 'уверять']"
0,0,0,0,0,0,0,0,0,0,0,0,0,0,0,0,0,0,0,0,0,1,"['преимущество', 'недостаток', 'будущий', 'усовершенствование', 'изменение']"
0,0,1,0,0,0,0,0,0,0,0,0,0,0,0,0,0,0,0,0,0,1,"['молодой', 'действительно', 'стоить', 'подумать']"
0,0,0,0,0,0,0,0,0,0,0,0,0,0,0,0,0,0,0,0,0,1,"['помнить', 'главный', 'торопиться', 'покупка', 'недвижимость', 'внимательный']"
0,0,0,0,0,0,0,0,0,0,0,0,0,0,0,0,0,0,0,0,0,1,"['собирать', 'чемодан', 'мудро', 'сесть', 'серьезно']"
1,1,0,0,1,1,1,1,1,1,1,1,1,0,0,1,1,1,0,1,1,1,"['оценить', 'понять', 'предупредить', 'достаточно']"
1,1,1,1,1,1,1,1,1,1,1,1,1,1,1,1,1,1,0,1,1,1,"['видеть', 'плюс', 'преобладать', 'минус', 'очевидный', 'садиться', 'диета', 'подумать', 'хорошо', 'знак-кавычки']"
1,1,0,0,1,1,1,1,1,1,1,1,0,0,1,1,1,1,0,1,1,1,"['внутренний', 'мир', 'человек', 'средство', 'вычислить', 'реальный', 'шанс']"
1,0,0,1,1,1,1,1,1,1,1,1,0,0,1,1,1,1,1,1,1,1,"['сосед', 'трогать', 'гассан', 'знак-кавычки']"
1,0,1,1,1,1,1,1,1,1,1,1,0,1,1,1,1,1,1,1,1,1,"['последний', 'этап', 'представление', 'основной', 'результат', 'который', 'дать', 'управляющий', 'маркетинг', 'возможность', 'принимать', 'решение']"
1,1,1,1,1,1,1,1,1,1,1,1,1,1,1,1,1,1,0,1,1,1,"['постараться', 'лишать', 'маленький', 'человечек', 'необходимый', 'общение', 'живой', 'существо', 'который', 'заменить', 'никакой', 'игрушка']"
0,0,0,1,0,0,0,0,0,0,0,0,0,1,1,0,0,0,0,0,0,1,"['недостаток', 'любой', 'очистный', 'сооружнняя', 'задача', 'совместно', 'против', 'достижение', 'наилучший', 'результат']"
0,0,0,0,0,0,0,0,0,0,0,1,0,1,0,1,0,1,0,1,0,1,"['урод', 'недалекий', 'умишко', 'россия', 'потерять', 'приобрести', 'поддержать', 'агрессия', 'ливия']"
1,0,1,1,1,1,0,1,0,0,0,1,0,1,1,1,0,1,0,1,0,1,"['принцип', 'лечение', 'лимон', 'абсолютно', 'безвредно', 'травить', 'кожа', 'химический', 'препарат', 'хорошо', 'прийти', 'правильный', 'решение']"
1,1,1,1,1,1,1,1,1,1,1,1,1,1,1,1,1,1,0,1,1,1,"['составить', 'алгоритм', 'действие', 'продумать', 'этап']"
1,0,1,1,1,1,1,1,1,1,1,1,0,1,1,1,1,1,0,1,1,1,"['думать', 'каждый', 'пользователь', 'важно', 'получать', 'достоверный', 'данные', 'основание', 'принимать', 'решение', 'хотеть', 'получить', 'ответ']"
1,0,1,1,1,1,1,1,1,1,1,1,0,1,1,1,1,1,0,1,1,1,"['соображение', 'определять', 'кара', 'различный', 'разный', 'человек', 'один', 'преступление']"
1,0,1,1,1,1,1,1,1,1,1,1,0,1,1,1,1,1,0,1,1,1,"['окончание', 'программа', 'определить', 'вклад', 'каждый', 'сотрудник', 'актив', 'сервер', 'конечный', 'результат']"
1,0,0,0,1,1,1,1,1,1,1,1,0,0,0,1,1,1,0,1,1,1,"['хороший', 'хорошо', 'попробовать', 'наладить', 'отношение', 'муж', 'устраивать', 'решить', 'погулять', 'сторона', 'знак-кавычки']"
1,0,1,0,1,1,1,1,1,1,1,1,0,1,1,1,1,1,0,1,1,1,"['короче', 'говорить', 'присутствующий', 'ссора', 'немецкий', 'семья', 'казаться', 'находиться', 'сложный', 'ответственный', 'переговоры', 'который', 'выяснеть', 'мелочь', 'деталь', 'тщательно', 'принимать', 'решение']"
1,1,0,1,1,1,1,1,1,1,1,1,0,1,1,1,1,1,0,1,1,1,"['тренировочный', 'заезд', 'хронометраж', 'пилот', 'сила', 'почувствовать', 'автомобиль', 'пристреляться', 'трасса']"
1,0,1,0,1,1,0,1,0,0,0,1,0,1,1,1,0,1,0,1,0,1,"['перечисленный', 'условие', 'соблюсти', 'больной', 'согласный', 'местный', 'анестезия', 'следовать', 'другой', 'фактор', 'риск', 'расстройство', 'гемодинамика', 'препятствовать', 'проведение', 'общий', 'обезболивание']"
1,1,0,1,1,1,1,1,1,1,1,1,1,1,1,1,1,1,0,1,1,1,"['принимать', 'продуманный', 'решение']"
1,0,0,0,1,1,0,1,0,0,0,1,0,1,0,1,0,1,0,1,0,1,"['возрасти', 'угроза', 'террористический', 'акция', 'европа', 'мид', 'великобритания', 'госдепартамент', 'сша', 'выпустить', 'предупреждение', 'путешественник', 'просить', 'тщательно', 'риск', 'покупать', 'дешевый', 'авиабилет', 'отдых', 'германия', 'франция']"
1,1,1,1,1,1,1,1,1,1,1,1,1,1,1,1,1,1,0,1,1,1,"['отель', 'дело', 'хлопотный', 'специфический', 'купить', 'необходимо']"
1,1,1,1,1,1,1,1,1,1,1,1,1,1,1,1,1,1,0,1,1,1,"['хорошенько', 'продумать', 'основательно']"
1,1,0,1,1,1,0,1,0,0,0,1,1,0,1,1,0,1,0,1,0,1,"['обсудить', 'предложение', 'друг', 'родной']"
1,0,1,0,1,1,1,1,1,1,1,1,0,0,0,1,1,1,0,1,1,1,"['сначала', 'подумать', 'являться', 'желание', 'ребенок', 'короткоиграющий', 'забыть', 'домашний', 'любимец', 'третий', 'день', 'новый', 'игрушка', 'знак-кавычки', 'знак-кавычки', 'знак-кавычки']"
1,1,1,1,1,1,1,1,1,1,1,1,1,1,1,1,1,1,0,1,1,1,"['размышление', 'стоять', 'нечто', 'здравый', 'рассудок', 'суд', 'суждение']"
1,1,1,1,1,1,1,1,1,1,1,1,1,1,1,1,1,1,0,1,1,1,"['начальник', 'панацея', 'сложить', 'посмотреть', 'вместе', 'начать', 'работать']"
1,1,1,1,1,1,1,1,1,1,1,1,0,1,1,1,1,1,0,1,1,1,"['последний', 'редакция', 'статья', 'оценка', 'чуковский', 'время', 'патриарх', 'отечественный', 'литературоведение', 'продумать', 'тон', 'сдержать']"
1,1,1,1,1,1,1,1,1,1,1,1,0,1,1,1,1,1,0,1,1,1,"['страшно', 'совершить', 'ошибка', 'хорошенько', 'возможный', 'прожить', 'год', 'вместе', 'голова', 'твой', 'зыбить', 'мысллимя', 'романтика']"
1,1,1,1,1,1,1,1,1,1,1,1,0,1,1,1,1,1,0,1,1,1,"['попадать', 'впросак', 'необходимо', 'тщательно', 'вариант', 'возможный', 'риск']"
1,0,1,1,1,1,1,1,1,1,1,1,0,1,1,1,1,1,0,1,1,1,"['другой', 'дело', 'неуверенность', 'связанный', 'собственный', 'правильность', 'шаг', 'стоять']"
1,1,1,1,1,1,1,1,1,1,1,1,0,1,1,1,1,1,0,1,1,1,"['время', 'вьюгин', 'подчеркнуть', 'тщательно', 'продумать']"
0,0,1,1,0,0,0,0,0,0,0,0,1,1,1,0,0,0,0,0,0,1,"['решиться', 'искусственный', 'прерывание', 'беременность', 'следовать', 'тщательно', 'посоветоваться', 'партнер', 'врач']"
0,0,1,1,0,0,0,0,0,0,0,0,0,1,1,0,0,0,0,0,0,1,[]
0,0,1,1,0,0,0,0,0,0,0,0,0,1,1,0,0,0,1,0,0,1,"['ученый', 'окрестить', 'настроение', 'наука', 'стараться', 'религиозный', 'эксперимент', 'нейротеология', 'знак-кавычки', 'знак-кавычки']"
0,0,1,1,0,0,0,0,0,0,0,1,0,1,1,1,0,1,0,1,0,1,"['самый', 'низкий', 'цена', 'киев', 'наиболее', 'интенсивный', 'популярность', 'украина', 'современный', 'преимущество']"
0,0,1,1,0,0,0,0,0,0,0,0,0,1,1,0,0,0,0,0,0,1,"['сергей', 'работать', 'быстро', 'продумать']"
0,0,0,0,0,0,0,0,0,0,0,0,0,0,0,0,0,0,0,0,0,1,"['предпочитать', 'рациональный', 'решение', 'предлагать', 'оформить', 'авто', 'кредит', 'один', 'отделение', 'альфа', 'банк', 'город']"
0,0,0,0,0,0,0,0,0,0,0,0,0,0,0,0,0,0,0,0,0,1,"['виктор', 'обдумать']"
1,1,0,1,1,1,0,1,0,0,0,0,0,0,0,0,0,0,0,0,0,1,"['квалифицировать', 'стать', 'формироваться', 'раздел', 'статически', 'динамически', 'хватать', 'информация', 'разрешить', 'например', 'собственно', 'статья', 'писаться', 'удобство', 'вставка', 'переформатировать', 'любой', 'текст', 'попросту', 'вставлять', 'знак-кавычки']"
0,0,1,1,0,0,0,0,0,0,0,0,0,1,0,0,0,0,0,0,0,1,"['телемания', 'опасный', 'суть', 'пора', 'уводить', 'реальность', 'отвлекать', 'давать', 'возможность', 'реально', 'развиваться', 'утвердиться', 'мнение', 'работа', 'дом', 'стоить', 'попробовать']"
0,1,0,0,0,0,0,0,0,0,0,0,0,0,0,0,0,0,0,0,0,1,"['задача', 'оценить', 'жизненный', 'ситуация', 'выработать', 'отношение']"
0,0,0,0,0,0,0,0,0,0,0,0,0,0,0,0,0,0,0,0,0,0,"['использоваться', 'лазер', 'работать', 'электрод', 'разреженный', 'топливовоздушный', 'смесь', 'вред', 'окружающий', 'среда']"
0,1,0,0,0,0,0,0,0,0,0,0,0,0,0,0,0,0,0,0,0,0,"['слушатель', 'отвечать', 'последний', 'самый', 'известный', 'песня', 'группа', 'белый', 'гвардия', 'подпевать', 'взметнуться', 'воздух', 'рука', 'зажигалка', 'грушинский', 'фестиваль', 'знак-кавычки']"
0,1,0,1,0,0,0,0,0,0,0,0,0,0,1,0,0,0,0,0,0,0,"['тренировка', 'играть', 'музыка', 'приглушать', 'свет', 'свеча']"
0,0,1,0,0,0,0,0,0,0,0,0,0,0,0,0,0,0,0,0,0,0,"['зоя', 'торшер', 'лев', 'приносить', 'чай', 'произносить', 'слово', 'садиться', 'закрывать', 'лицо', 'рука']"
0,1,0,0,0,0,0,0,1,0,0,0,0,0,0,0,0,0,0,0,0,0,"['участник', 'олимпийский', 'игра', 'факел', 'бежать', 'средний', 'план', 'панорама']"
0,1,0,0,0,0,0,0,0,0,0,0,0,0,0,0,0,0,0,0,0,0,"['бежать', 'факел', 'спортсмен', 'огонь', 'капитолий', 'общий', 'средний', 'план']"
0,0,0,0,0,0,0,0,0,0,0,0,0,0,0,0,0,0,0,0,0,0,"['прийти', 'кладбище', 'хорошо', 'свеча', 'кратко', 'помолиться', 'умерший']"
0,0,0,0,0,0,0,0,0,0,0,0,0,0,0,0,0,0,0,0,0,0,"['время', 'огонь', 'наполнить', 'дом', 'благоприятный']"
0,1,0,0,0,0,0,0,0,0,0,0,1,0,0,0,0,0,0,0,0,0,"['стоить', 'свеча', 'южный', 'зона', 'комната', 'активизировать', 'часть', 'элемент', 'огнь', 'начать', 'доминировать', 'окружать', 'обстановка', 'благоприятно']"
0,1,1,1,0,0,0,0,0,0,0,0,0,0,1,0,0,0,0,0,0,0,"['самый', 'ответственный', 'потайной', 'склад', 'устроить', 'случай', 'обыск', 'один', 'форсунка', 'тайник', 'становиться', 'абсолютно', 'недоступный']"
0,1,1,1,0,0,0,0,0,0,0,0,0,0,0,0,0,0,0,0,0,0,"['человек', 'должный', 'благовоние', 'квартира', 'комната', 'очищать', 'сознание', 'чувственный', 'запах']"
0,0,0,0,0,0,0,0,0,0,0,0,0,0,0,0,0,0,0,0,0,0,"['наконец', 'вымыть', 'облачить', 'чистый', 'одежда', 'заодно', 'выпить', 'чай', 'родитель', 'возвращаться', 'комната', 'плотно', 'прикрывать', 'дверь', 'прихожая', 'слышать', 'бродить', 'кастрюля', 'отец', 'вопить', 'телевизор', 'гасить', 'свет', 'елка', 'пододвигать', 'кресло', 'близко']"
0,0,0,0,0,0,0,0,0,0,0,0,0,0,0,0,0,0,0,0,0,0,"['матерь', 'срочно', 'обходить', 'квартира', 'выискивать', 'забытый', 'лампа', 'включаться', 'елка']"
0,0,0,0,0,0,0,0,0,0,0,0,0,0,0,0,0,0,0,0,0,0,"['другой', 'накануне', 'го', 'устав', 'сидеть', 'дома', 'работа', 'нарочно', 'протест', 'судьба', 'стать', 'иллюминация', 'год', 'вход', 'глубокий', 'долгий', 'искушение', 'именовать', 'ноев', 'вода', 'знак-кавычки']"
0,0,0,0,0,0,0,0,0,0,0,0,0,0,0,0,0,0,0,0,0,0,"['быстро', 'свет', 'включить', 'магнитный', 'запись', 'вернуться', 'окно']"
0,1,0,0,0,0,0,0,0,0,0,0,0,1,1,0,0,0,0,0,0,0,"['включение', 'горелка', 'необходимо', 'открыть', 'сначала', 'кислородный', 'вентиль', 'образовываться', 'достаточный', 'подсос', 'ацетиленовый', 'канал', 'подача', 'ацетилен', 'выходить', 'смесь']"
1,1,0,0,1,1,0,1,0,0,0,1,1,0,0,1,0,1,0,1,0,0,"['вспыхнуть', 'тотчас', 'погаснуть', 'поле', 'солома']"
0,0,0,0,0,0,0,0,0,0,0,0,0,0,0,0,0,0,0,0,0,0,"['крыша', 'тест', 'провести', 'аналогичный', 'схема', 'тестовый', 'домик', 'обстрелять', 'ракетница', 'бенгальский', 'огнь', 'петарда', 'прямо', 'кровля', 'поливать', 'жидкость', 'розжиг', 'поджигать', 'паяльный', 'лампа', 'скидывать', 'горячий', 'угль', 'мангал', 'знак-кавычки']"
0,0,1,1,0,0,0,0,0,0,0,0,0,0,0,0,0,0,0,0,0,0,"['транзистор', 'служить', 'увеличение', 'ток', 'параллельный', 'порт', 'который', 'микропроцессор', 'гасить', 'светодиодный', 'индикатор']"
0,1,0,0,0,0,0,0,0,0,0,0,0,0,0,0,0,0,0,0,0,0,"['застегивать', 'каска', 'лампочка', 'начинать', 'спускаться', 'темнота']"
0,0,0,0,0,0,0,0,0,0,0,0,0,0,0,0,0,0,0,0,0,0,"['время', 'развести', 'кадить', 'свеча']"
0,0,0,0,0,0,0,0,0,0,0,0,0,0,0,0,0,0,0,0,0,0,"['президентский', 'дворец', 'варшава', 'десяток', 'тысяча', 'свеча', 'лампада']"
1,1,0,0,1,1,0,1,0,0,0,1,0,0,0,1,0,1,0,1,0,0,"['спальня', 'ароматический', 'свеча', 'аромакурительница']"
1,1,0,0,1,1,1,1,1,1,1,1,1,0,0,1,1,1,0,1,1,0,"['шереметьевский', 'сад', 'фонтанный', 'дом', 'свеча', 'стих', 'поэт', 'читать', 'смирнов', 'анастасия', 'горохов', 'елена', 'никифорова', 'виктория', 'гужовый', 'мария']"
0,0,1,1,0,1,0,1,1,1,1,1,0,1,1,1,1,1,0,1,1,0,"['инициатива', 'вновь', 'вышка', 'вечный', 'огонь', 'выступить', 'глава', 'город', 'игорь', 'сапко', 'предложить', 'подключиться', 'решение', 'вопрос', 'компания', 'уралгазсервис', 'который', 'короткий', 'срок', 'обеспечить', 'подача', 'газ', 'мемориал', 'знак-кавычки', 'знак-кавычки']"
1,0,1,1,0,1,0,1,0,0,1,1,0,1,1,1,0,1,0,1,0,0,"['православный', 'сегодня', 'отмечать', 'радоница', 'день', 'особый', 'поминовение', 'усопший', 'который', 'принятый', 'приходить', 'кладбище', 'наводить', 'порядок', 'могила', 'близкий', 'свеча']"
1,1,0,1,1,1,1,1,1,1,1,1,1,0,1,1,1,1,0,1,1,0,"['уход', 'родитель', 'решить', 'спираль', 'который', 'отпугивать', 'комар', 'оставить', 'включить', 'свет', 'ребенок', 'уснуть']"
1,1,1,1,1,1,1,1,1,1,1,1,0,1,1,1,1,1,1,1,1,0,"['выключать', 'везде', 'свет', 'садиться', 'компьютерный', 'стул', 'зкидывать', 'нога', 'соседний', 'стол', 'свеча', 'мозаичный', 'лампа', 'глядеть', 'плясать', 'огонек', 'хотеться', 'болтать', 'самый', 'утро']"
1,1,0,1,1,1,1,1,1,1,1,1,1,0,1,1,1,1,0,1,1,0,"['необходимо', 'взять', 'свеча', 'поднести', 'решетка', 'вентиляция', 'огонь', 'отклониться', 'сторона', 'вентиляционный', 'система', 'работать']"
1,1,1,0,1,1,0,1,0,0,0,1,0,0,0,1,0,1,0,1,0,0,"['огонь', 'готовить', 'тесто', 'тонкий', 'блин']"
1,1,0,1,1,1,1,1,1,1,1,1,1,0,1,1,1,1,0,1,1,0,"['нюх', 'чуять', 'бояться', 'лампочка']"
0,0,1,1,0,0,0,0,0,0,0,0,0,1,1,0,0,0,0,0,0,0,"['свет', 'бояться', 'слетаться', 'иринин', 'друг']"
1,1,1,1,1,1,1,1,1,1,1,1,0,1,1,1,1,1,0,1,1,0,"['необходимо', 'обеспечить', 'темный', 'помещение', 'свеча']"
0,0,0,1,0,0,0,0,0,1,1,1,0,1,1,1,0,1,0,1,0,0,"['памятный', 'свеча', 'возложить', 'цветок', 'место', 'захоронение', 'перхин', 'михаил', 'евлампиевич', 'супруга', 'перхина', 'татьяна', 'владимировна', 'г.', 'надгробье', 'могила', 'который', 'сохраниться']"
1,0,1,1,1,1,1,1,1,1,1,1,0,1,1,1,1,1,0,1,1,0,"['стол', 'фойе', 'пятигорский', 'дом', 'детский', 'творчество', 'свеча', 'бараний', 'голова', 'рог', 'шофар', 'мед', 'яблоко', 'инжир', 'финик', 'гранат']"
1,0,0,1,1,1,1,1,1,1,1,1,0,0,1,1,1,1,0,1,1,0,"['сюрприз', 'сделать', 'торт', 'который', 'начинать', 'вращаться', 'лампочка', 'мера', 'приближаться']"
1,1,1,1,1,1,1,1,1,1,1,1,1,1,1,1,1,1,1,1,1,0,"['католик', 'сохраниться', 'традиция', 'священник', 'диакон', 'выходить', 'читать', 'отрывок', 'евангелие', 'сторона', 'семинарист', 'свеча']"
1,0,0,0,1,1,0,1,0,0,0,1,0,0,0,1,0,1,0,1,0,0,"['должный', 'увидеть', 'свеча', 'ароматический', 'дым', 'прочий', 'предмет', 'совершение', 'магический', 'обряд']"
1,0,0,0,1,1,1,1,1,1,1,1,0,1,0,1,1,1,0,1,1,0,"['многий', 'квартира', 'дом', 'алексинец', 'ранний', 'утро', 'выставить', 'подоконник', 'свеча']"
1,1,1,1,1,1,1,1,1,1,1,1,0,1,1,1,1,1,0,1,1,0,"['включить', 'свет', 'другой', 'электроприбор', 'спичка', 'убедиться', 'помещение', 'отсутствовать', 'запах', 'природный', 'газ', 'взрывоопасный', 'вещество']"
0,1,0,0,0,0,0,0,0,0,0,0,0,0,0,0,0,0,0,0,0,0,"['велосипедный', 'генератор', 'яркий', 'фара', 'габаритный', 'задний', 'фонарь', 'скорость', 'ветр', 'миля', 'час']"
1,1,1,1,1,1,1,1,1,1,1,1,0,1,1,1,1,1,0,1,1,0,"['правильно', 'выставить', 'угол', 'опережение', 'зажигание', 'создать', 'благоприятный', 'условие', 'цилиндр', 'топливовоздушный', 'смесь', 'взорваться', 'самый', 'нужный', 'момент', 'знак-кавычки', 'знак-кавычки', 'знак-кавычки', 'знак-кавычки', 'знак-кавычки', 'знак-кавычки']"
0,0,1,1,0,1,1,0,1,1,1,0,0,1,1,0,1,0,0,0,1,0,"['свеча', 'священный', 'пламенник', 'робкий', 'дрожать', 'свет', 'хранить', 'пламень']"
1,1,1,1,1,1,1,1,1,1,1,1,1,1,1,1,1,1,1,1,1,0,"['поклонник', 'продолжать', 'нести', 'цветок', 'свеча', 'дом', 'уайнхаус']"
1,0,0,1,1,1,1,1,1,1,1,1,0,0,1,1,1,1,0,1,1,0,"['ритуал', 'неделя', 'печь', 'дом', 'топить', 'камин', 'улица', 'костер', 'жечь']"
1,1,1,0,1,1,1,1,1,1,1,1,1,1,1,1,1,1,0,1,1,0,"['пламень', 'свеча', 'колыхаться', 'взрыв']"
1,1,1,1,1,1,1,1,1,1,1,1,0,1,1,1,1,1,1,1,1,0,"['один', 'дело', 'конфорка']"
1,1,1,1,1,1,1,1,1,1,1,1,1,1,1,1,1,1,0,1,1,0,['люстра']
1,1,0,0,1,1,1,1,1,1,1,0,1,0,0,0,1,0,0,0,1,0,"['причина', 'пожар', 'самый', 'разный', 'спичка', 'зажигательный', 'пуля']"
1,1,1,1,1,1,1,1,1,1,1,1,1,1,1,1,1,1,0,1,1,0,"['тигель', 'закрывать', 'крышка', 'устанавливать', 'нагревательный', 'баня', 'вставлять', 'термометр', 'горелка', 'регулировать', 'пламень', 'иметь', 'форма', 'шар', 'диаметр', 'мм']"
1,1,0,0,1,1,1,1,1,1,1,1,0,0,0,1,1,1,0,1,1,0,"['жидкость', 'горелка', 'открытый', 'пламень', 'электрический', 'спираль']"
0,0,1,0,0,0,0,0,1,0,0,1,0,1,1,1,1,1,0,1,1,0,"['астма', 'необходимо', 'держаться', 'далеко', 'курящий', 'лицо', 'камин', 'следить', 'комната', 'постоянно', 'проветриваться']"
0,1,0,0,0,0,1,0,1,1,1,0,0,0,1,0,1,0,0,0,1,0,"['телегин', 'ходить', 'самый', 'вода', 'посматривать', 'курить', 'огнь']"
1,1,1,1,1,1,1,1,1,1,1,1,0,1,1,1,1,1,0,1,1,0,"['май', 'стела', 'свеча', 'память']"
1,1,1,0,1,1,1,1,1,1,1,1,1,1,1,1,1,1,0,1,1,0,"['квартира', 'вырасти', 'приготовить', 'вечер', 'оставаться', 'купить', 'мегафон', 'цветок', 'свеча']"
0,0,1,1,0,0,0,0,0,0,0,1,0,1,1,1,0,1,0,1,0,0,"['рано', 'утро', 'послушник', 'фонарик', 'идти', 'рак', 'нести', 'кухня']"
1,1,0,0,1,1,1,1,1,1,1,1,0,0,0,1,1,1,0,1,1,0,"['отель', 'почувствовать', 'желанный', 'гость', 'каждый', 'утро', 'номер', 'приносить', 'ароматный', 'кофе', 'ночь', 'ароматический', 'свеча']"
1,1,1,1,1,1,1,1,1,1,1,1,1,1,1,1,1,1,0,1,1,0,"['проводник', 'стеариновый', 'свеча', 'ставить', 'центр', 'круг']"
1,1,1,1,1,1,1,1,1,1,1,1,1,1,1,1,1,1,0,1,1,0,"['час', 'шаман', 'свеча']"
1,1,1,0,1,1,1,1,1,1,1,1,1,0,0,1,1,1,0,1,1,0,"['вечер', 'следующий', 'день', 'огромный', 'костер', 'который', 'совершаться', 'жертвоприношение', 'князь', 'тьма', 'смерть']"
0,1,0,0,0,0,1,0,0,0,0,1,0,0,0,1,0,1,0,1,1,0,"['участник', 'акция', 'свеча', 'разворачивать', 'плакат', 'изображение', 'погибший', 'ребенок', 'дедушка', 'маленький', 'внук', 'беззаботно', 'возиться', 'фонтан']"
1,0,1,1,1,1,1,1,1,1,1,1,0,1,1,1,1,1,0,1,1,0,"['например', 'свеча', 'влияние', 'принятый', 'гашиш', 'представляться', 'громадный', 'замок', 'сотня', 'светящийся', 'окно', 'фонарь', 'гирлянда', 'радуга', 'водопад']"
1,1,1,0,1,1,1,1,1,1,1,1,1,1,1,1,1,1,0,1,1,0,"['пить', 'шампанское', 'окружение', 'свеча']"
0,0,1,0,0,0,0,0,0,0,0,0,0,1,0,0,0,0,0,0,0,0,"['устрашающий', 'название', 'петарда', 'абсолютно', 'безопасный', 'соблюдать', 'элементарный', 'правило', 'задерживать', 'рука']"
0,1,1,1,0,0,1,1,1,1,1,0,0,1,1,0,1,0,0,0,1,0,"['степь', 'навстречу', 'пытаться', 'дуть', 'западный', 'ветер', 'дым', 'огонь', 'нести', 'расположение', 'рота']"
1,1,0,0,1,1,1,1,1,1,1,1,1,0,0,1,1,1,0,1,1,0,"['заходить', 'коридор', 'свет']"
1,0,1,1,1,1,1,1,1,1,1,1,1,1,1,1,1,1,0,1,1,0,"['попытаться', 'новый', 'звезда', 'придтись', 'вновь', 'бережно', 'собирать', 'энергия', 'очередной', 'аккумулятор']"
1,1,1,1,1,1,1,1,1,1,1,1,1,1,1,1,1,1,0,1,1,0,"['предположить', 'проблема', 'реконструкция', 'мир', 'решить', 'человечество', 'концентрировать', 'рассеянный', 'пространство', 'энергия', 'новый', 'звезда', 'любой', 'необходимый', 'объем', 'космос']"
0,0,1,1,0,0,1,0,0,0,1,0,0,1,1,0,0,0,0,0,1,0,"['вдвоем', 'напиться', 'чай', 'усесться', 'рядом', 'диван', 'ожидание', 'благовест', 'всенощная', 'огнь', 'сумерничать', 'разговаривать', 'знак-кавычки', 'буквально']"
1,1,0,1,1,1,1,1,1,1,1,1,0,1,1,1,1,1,0,1,1,0,"['например', 'ток', 'вырабатывать', 'свинцовый', 'аккумулятор', 'никель', 'кадмиевый', 'батарея', 'настолько', 'большой', 'короткий', 'замыкание', 'плавить', 'металл', 'огонь']"
1,1,1,1,1,1,1,1,1,1,1,1,1,1,1,1,1,1,1,1,1,0,"['ребенок', 'вставать', 'хоровод', 'елка']"
1,1,1,1,1,1,1,1,1,1,1,1,1,1,1,1,1,1,0,1,1,0,"['дедушка', 'шутить', 'елочка']"
1,1,0,0,1,1,1,1,1,1,1,1,1,0,0,1,1,1,1,1,1,0,"['день', 'концерт', 'бомбежка', 'авиаудара', 'филармония', 'люстра']"
1,0,1,1,1,1,1,1,1,1,1,1,0,1,1,1,1,1,1,1,1,0,"['напрягать', 'зрение', 'выкручиваться', 'выключать', 'основной', 'свет', 'открыть', 'дверь', 'ванный', 'комната']"
1,0,1,1,1,1,1,1,1,1,1,1,0,1,1,1,1,1,1,1,1,0,"['указанный', 'день', 'ровно', 'час', 'утро', 'столб', 'священный', 'огонь', 'рядом', 'который', 'пальмовый', 'лист', 'раскладывать', 'всевозможный', 'лакомство', 'ставить', 'сосуд', 'наполнить', 'рисовый', 'вино']"
1,1,1,0,1,1,1,1,1,1,1,1,1,1,0,1,1,1,1,1,1,0,['прожектор']
1,0,0,1,1,1,1,1,1,1,1,1,1,0,1,1,1,1,1,1,1,0,"['медленно', 'двигаться', 'десятый', 'ход', 'безопасный', 'глубина', 'мощный', 'прожектор', 'подлодка', 'привлекать', 'множество', 'водный', 'организм', 'доля', 'сидлер', 'помощник', 'шелавин', 'одновременно', 'художник', 'кинооператор', 'экспедиция', 'выпасть', 'чрезвычайно', 'увлекательный', 'работа']"
1,1,0,1,1,1,1,1,1,1,1,1,1,0,1,1,1,1,1,1,1,0,"['лаборатория', 'совсем', 'темно', 'зоолог', 'огнь']"
1,1,0,1,1,1,1,1,1,1,1,1,1,0,1,1,1,1,1,1,1,0,"['блуждать', 'десятый', 'ход', 'винт', 'метр', 'дно', 'фонарь', 'шлем', 'прислушиваться', 'металлоискатель', 'напрасный', 'ожидание', 'сигнал']"
1,1,1,1,1,1,1,1,1,1,1,1,1,1,1,1,1,1,1,1,1,0,"['довольно', 'светло', 'фонарь']"
0,1,1,0,0,0,0,0,0,1,1,0,1,1,0,0,0,0,1,0,1,0,"['отрог', 'афонский', 'гора', 'глубина', 'стенд', 'висеть', 'икона', 'рядом', 'стоять', 'лампада', 'седой', 'инок', 'строгий', 'черный', 'сутана', 'знак-кавычки']"
0,0,1,1,0,0,0,0,0,0,0,0,1,1,1,0,0,0,1,0,0,0,"['накрыться', 'голова', 'байковый', 'одеяло', 'небольшой', 'фонарик', 'ипровизированный', 'кабинет', 'интерес', 'открывать', 'удивительный', 'мир', 'дифференциальный', 'уравнение', 'формула', 'линейный', 'пространство', 'мечтать', 'левитация', 'путешествие', 'время', 'контролируемый', 'теромояд']"
1,0,1,1,1,1,1,1,1,1,1,1,1,1,1,1,1,1,1,1,1,0,"['час', 'подобать', 'протрубить', 'раковина', 'обстоятельство', 'позволять', 'сделать', 'равно', 'факел']"
0,1,1,1,0,1,1,1,1,1,1,1,1,1,1,1,1,1,1,1,1,0,"['готовить', 'вырезка', 'соус', 'свеча', 'ужинать', 'вместе', 'мать', 'отец', 'пить', 'красный', 'вино']"
1,1,1,0,1,1,1,1,1,1,1,1,1,1,0,1,1,1,1,1,1,0,"['стол', 'поставить', 'свеча', 'окно', 'достаточно', 'стемнеть']"
1,1,1,1,1,1,1,1,1,1,1,1,1,1,1,1,1,1,1,1,1,0,"['суеверный', 'человек', 'иметь', 'особый', 'представление', 'философия', 'веда', 'считать', 'огнь', 'дивали', 'привлечь', 'внимание', 'пролетать', 'лакшми', 'ганеша', 'знак-кавычки']"
1,1,0,1,1,1,1,1,1,1,1,1,1,0,1,1,1,1,1,1,1,0,"['день', 'сикх', 'огнь', 'дорога', 'золотой', 'храм', 'амритсар', 'самый', 'отмечать', 'годовщина', 'возвращение', 'плен', 'один', 'гуру', 'говинд', 'сингх']"
0,0,0,1,0,0,0,0,0,0,0,0,0,1,1,0,0,0,1,0,0,0,"['налить', 'аромалампа', 'теплый', 'вода', 'добавить', 'указанный', 'количество', 'масло', 'свеча']"
0,1,1,1,0,0,0,0,0,0,0,0,1,1,1,0,0,0,1,0,0,0,"['аромат', 'вкус', 'сигара']"
0,1,0,0,0,0,0,0,0,0,0,0,1,0,0,0,0,0,1,0,0,0,"['май', 'московский', 'техникум', 'космический', 'приборостроение', 'российский', 'государственный', 'торговый', 'экономический', 'университет', 'памятный', 'огонь', 'символизировать', 'вечный', 'память', 'благодарность', 'воин', 'который', 'проявлять', 'отвага', 'великий', 'отечественный', 'война', 'защищать', 'родной', 'страна']"
0,1,0,0,0,0,0,0,0,0,0,0,1,1,0,0,0,0,1,0,0,0,"['крикнуть', 'щелкать', 'выключатель', 'одновременно', 'свет', 'ванная', 'прихожая']"
0,0,0,0,0,0,0,0,0,0,0,0,1,0,0,0,0,0,1,0,0,0,"['цветок', 'растение', 'поднести', 'спичка', 'пара', 'вспыхнуть', 'голубоватый', 'пламень']"
0,1,0,1,0,0,0,0,0,0,0,0,1,0,0,0,0,0,1,0,0,0,"['проверить', 'направление', 'ветр', 'кинуть', 'факел', 'настил']"
0,0,1,1,0,0,0,0,0,0,0,0,0,0,1,0,0,0,1,0,0,0,"['огонь', 'приготовить', 'вкусненький', 'запах', 'дымка', 'дом', 'кухня', 'получаться', 'стараться']"
0,1,0,0,0,0,0,0,0,0,0,0,1,0,0,0,0,0,1,0,0,0,"['провод', 'передаваться', 'энерги', 'способный', 'скажем', 'лампа']"
0,0,0,0,0,0,0,0,0,0,0,0,0,0,0,0,0,0,1,0,0,0,"['улица', 'фонарь']"
0,1,0,0,0,0,0,0,0,0,0,0,1,0,0,0,0,0,1,0,0,0,"['исполнитель', 'садиться', 'лицо', 'зеркало', 'свеча']"
0,0,0,0,0,0,1,0,1,1,1,0,1,0,0,0,1,0,1,0,1,0,"['проживать', 'квартира', 'трудно', 'удержаться', 'желание', 'лампочка', 'воткнуть', 'вилка', 'холодильник', 'розетка']"
1,0,0,0,1,1,1,1,1,1,1,1,1,0,0,1,1,1,1,1,1,0,"['отличный', 'повод', 'познакомиться', 'праздник', 'фонарь', 'год', 'выпасть', 'январь', 'парк', 'вечер', 'вчерашний', 'день', 'включительно']"
0,0,0,0,0,0,0,0,0,0,0,0,1,0,0,0,0,0,1,0,0,0,"['один', 'поезд', 'везти', 'ребенок', 'встречать', 'дед', 'мороз', 'декабрь', 'отправляться', 'главный', 'елка', 'москва']"
0,0,0,0,0,0,0,0,0,0,0,0,0,0,0,0,0,0,1,0,0,0,"['день', 'наслаждаться', 'мягкий', 'полутень', 'вечер', 'стол', 'висячий', 'фонарь', 'устраивать', 'чаепитие']"
0,0,0,0,0,0,1,0,1,1,1,0,1,0,0,0,1,0,1,0,1,0,"['костас', 'должный', 'огонь', 'олимпиада']"
0,0,1,0,0,0,0,0,0,0,0,0,1,1,0,0,0,0,1,0,0,0,"['взять', 'спичка', 'кончиться', 'припасы', 'сигнальный', 'костер']"
0,0,0,0,0,0,0,0,0,0,0,0,0,0,0,0,0,0,1,0,0,0,"['газовый', 'камин', 'поджигать', 'спичка', 'полностью', 'оснастить', 'электрический', 'система', 'поджог']"
0,0,0,1,0,0,0,0,0,1,0,0,1,0,1,0,0,0,1,0,0,0,"['версил', 'образ', 'смысл', 'значение', 'очевидно', 'равнодушный', 'морщиться', 'сдерживать', 'отраженный', 'золоченый', 'риза', 'свет', 'лампадка', 'слегка', 'жаловаться', 'вредить', 'зрение', 'мешать', 'матерь']"
0,1,0,1,0,0,0,0,0,0,0,0,1,0,1,0,0,0,1,0,0,0,"['свечка', 'хотеть', 'бояться', 'оставить', 'пожар']"
0,0,0,1,0,0,0,0,0,0,0,0,0,0,1,0,0,0,1,0,0,0,"['хозяин', 'который', 'подвернуться', 'проскользнуть', 'комната', 'задвигаться', 'защелка', 'свечка', 'броситься', 'кровать', 'лицо', 'подушка', 'плакать']"
0,0,0,0,0,0,0,0,0,0,0,0,1,0,0,0,0,0,1,0,0,0,"['холод', 'сильно', 'гореть', 'стоять', 'рука', 'достать', 'один', 'березовый', 'полено', 'незачем', 'совсем', 'доставать', 'полено', 'сидеть', 'стена', 'содрать', 'береста', 'спичка', 'пропихнуть', 'дрова', 'пожар']"
1,0,0,0,1,1,0,0,0,0,0,1,1,0,0,1,0,1,1,0,0,0,"['ночь', 'дежурный', 'дискотека', 'стемнеть', 'датчик', 'лампа', 'зажечься', 'стать', 'светло', 'гасить', 'темно', 'закат', 'рассвет']"
0,1,0,0,0,0,0,0,0,0,0,0,1,0,0,0,0,0,0,0,0,0,"['каждый', 'сигарета', 'полагаться', 'штраф', 'тысяча', 'евро']"
0,1,1,0,0,0,0,0,0,0,0,0,1,0,0,0,0,0,1,0,0,0,"['франция', 'рождество', 'любить', 'петь', 'старый', 'народный', 'песня', 'напоминать', 'украинский', 'колядка', 'крестьянин', 'дом', 'печь', 'сжигать', 'большой', 'коряга', 'оставлять', 'тлеть', 'головешка', 'огонь', 'первый', 'день', 'год', 'провести', 'знак']"
0,1,0,1,0,0,1,0,1,1,1,0,1,0,1,0,1,0,1,0,1,0,"['море', 'украшать', 'елка', 'суденышко', 'рождественский', 'огонек']"
0,1,1,1,0,0,0,0,0,0,1,0,1,1,1,0,0,0,1,0,0,0,"['профиль', 'скудный', 'смесь', 'избегать', 'неудавшийся', 'воспламенение']"
0,0,0,0,0,0,1,0,1,1,1,0,1,0,0,0,1,0,1,0,1,0,"['собирать', 'сухой', 'трава', 'траншея', 'костерок', 'противник', 'заметить', 'огнь', 'дым', 'накрывать', 'палатка']"
1,0,1,0,1,1,0,1,1,1,1,1,0,0,0,1,0,1,1,1,1,0,"['полоса', 'го', 'гвардейский', 'стрелков', 'корпус', 'усилить', 'движение', 'автомашина', 'ночь', 'фара', 'тыл', 'фронт']"
0,0,0,0,0,0,0,0,0,0,0,0,0,0,0,0,0,0,0,0,0,0,"['несложный', 'расчет', 'показывать', 'свет', 'каждый', 'божий', 'день', 'выключатель', 'прослужить', 'год']"
0,0,0,0,0,0,0,0,0,0,0,0,0,0,0,0,0,0,1,0,0,0,"['попадать', 'виртуальный', 'храм', 'ганеша', 'написать', 'записка', 'желание', 'отправить', 'ароматический', 'палочка']"
0,1,0,0,0,0,1,0,1,1,1,0,1,0,0,0,1,0,1,0,1,0,"['запланировать', 'день', 'открытие', 'соревнование', 'легкий', 'атлетика', 'команда', 'общеобразовательный', 'школа', 'город', 'придтись', 'перенести', 'непогода', 'символический', 'олимпийский', 'огонь', 'показательный', 'забег', 'спортсмен', 'метр', 'состояться', 'дождь', 'низкий', 'температура']"
0,1,0,0,0,0,0,0,0,0,0,0,1,0,0,0,0,0,1,0,0,0,"['аромосвеча', 'лампа', 'сон', 'несомненно', 'доставить', 'удовольствие', 'партнер']"
1,1,1,0,1,1,0,1,0,0,0,1,1,1,0,1,0,1,1,1,0,0,"['начало', 'консультация', 'предложить', 'чай', 'свеча', 'клиент']"
0,0,0,0,0,0,0,0,0,0,0,0,1,0,0,0,0,0,1,0,0,0,"['жертвенный', 'костер', 'добропорядочный', 'горожанин', 'айодхья', 'собраться', 'возбужденный', 'престолонаследник', 'оказаться', 'празднество']"
0,0,0,0,0,0,0,0,0,0,0,0,0,0,0,0,0,0,1,0,0,0,"['беспокойный', 'блеск', 'полировка', 'дробить', 'поверхность', 'утомлять', 'зрение', 'темный', 'придавать', 'комната', 'мрачность', 'делать', 'вынуждать', 'мощный', 'лампа', 'поддержание', 'необходимый', 'освещенность']"
1,1,0,0,1,1,1,1,1,1,1,1,1,0,0,1,1,1,1,1,1,0,"['осветить', 'изнутри', 'снежный', 'убежище', 'палатка', 'видный', 'значительно', 'далеко', 'улица', 'свеча', 'знак-кавычки']"
0,0,0,0,0,0,0,0,0,0,0,0,0,0,0,0,0,0,1,0,0,0,"['палатка', 'свеча', 'одновременно', 'предел', 'обнаружение', 'световой', 'сигнал', 'ясный', 'погода', 'наблюдение', 'воздух', 'возрасти', 'километр']"
0,0,0,0,0,0,0,0,0,0,0,0,0,0,0,0,0,0,1,0,0,0,"['женщина', 'потрясти', 'голова', 'указать', 'далеко', 'коридор', 'замучить', 'вид', 'мужчина', 'который', 'остановиться', 'мгновение', 'сигара']"
0,1,0,1,0,0,0,0,0,0,0,0,1,0,1,0,0,0,1,0,0,0,"['мальчик', 'обрадоваться', 'вернуться', 'красный', 'лев', 'увидеть', 'ярко', 'пылать', 'огонь', 'приход', 'знак-кавычки']"
0,0,1,0,0,0,0,0,0,0,0,0,1,0,0,0,0,0,1,0,0,0,"['завидеть', 'потенциальный', 'клиент', 'владелец', 'отель', 'ароматический', 'палочка', 'пытаться', 'заглушить', 'смрад']"
1,1,0,0,1,0,0,0,0,0,0,0,1,0,0,0,0,0,1,0,0,0,"['лесной', 'чаща', 'глубоко', 'начертить', 'круг', 'свеча', 'осветить', 'пасха', 'взять', 'рука', 'полынь', 'читать', 'молитва']"
0,0,0,1,0,0,0,0,0,1,1,0,1,0,1,0,0,0,1,0,1,0,"['подножие', 'стела', 'открытие', 'комплекс', 'торжественно', 'вечный', 'огонь', 'символ', 'память', 'благодарность', 'потомок', 'павший', 'советский', 'власть']"
1,1,0,0,1,0,0,0,0,0,0,1,1,0,0,1,0,0,1,0,0,0,"['крулай', 'бочка', 'высота', 'метр', 'ставить', 'поп', 'топка', 'дрова', 'колоть', 'загружать', 'диаметр', 'бревно', 'мм', 'закутывать', 'происходить', 'внутренний', 'горение', 'час', 'готовый', 'охлаждать', 'вытаскивать', 'новый']"
0,1,0,1,0,0,1,0,1,1,1,0,1,0,1,0,1,0,1,0,1,0,"['желать', 'встретить', 'рождество', 'романтично', 'праздничный', 'стол', 'свеча', 'спалить', 'дом']"
0,0,0,0,0,0,0,0,0,0,0,0,1,0,0,0,0,0,1,0,0,0,"['церковный', 'свечка', 'спичка']"
0,0,0,0,0,0,0,0,0,0,0,0,1,0,0,0,0,0,1,0,0,0,"['указ', 'царь', 'петр', 'первый', 'год', 'житель', 'москва', 'велено', 'отмечать', 'встреча', 'новый', 'ночь', 'январь', 'пускать', 'фейерверк', 'потешный', 'огнь', 'знак-кавычки']"
0,0,0,1,0,0,0,0,0,0,0,0,1,0,1,0,0,0,1,0,0,0,"['помещение', 'храниться', 'взрывчатый', 'вещество', 'допускать', 'возникновение', 'огнь', 'сигарета', 'спичка']"
0,1,0,0,0,0,0,0,0,0,0,0,1,0,0,0,0,0,1,0,0,0,"['цветной', 'бенгальский', 'огнь', 'выделять', 'процесс', 'горение', 'вредный', 'окись', 'хорошо', 'открытый', 'воздух', 'проветривать', 'помещение']"
1,0,0,1,1,0,1,0,0,1,0,0,0,0,1,0,1,0,1,0,1,0,"['шестой', 'десяток', 'мыльников', 'гроза', 'террорист', 'иностранный', 'шпион', 'стать', 'лампадка', 'спать']"
0,0,0,0,0,0,0,0,0,0,0,0,1,0,0,0,0,0,1,0,0,0,"['лампа', 'напарник', 'особенный', 'нужда', 'поблизости', 'гореть', 'уличный', 'фонарь']"
1,1,0,0,1,1,1,1,1,1,1,1,1,0,0,1,1,1,1,1,1,0,"['рыбников', 'слушать', 'сбивчивый', 'рассказ', 'молча', 'один', 'свеча', 'канделябр']"
0,1,0,0,0,0,0,0,0,0,0,0,1,0,0,0,0,0,1,0,0,0,"['быстро', 'пройтись', 'комната', 'всюду', 'электричество']"
0,1,0,1,0,0,1,0,1,1,1,1,1,0,1,1,1,1,1,1,1,0,"['обычай', 'вновь', 'огонь', 'солнечный', 'луч', 'отраженный', 'особый', 'зеркало']"
1,0,0,0,1,1,1,1,1,1,1,1,0,0,0,1,1,1,1,1,1,0,"['традиция', 'среда', 'вечер', 'центральный', 'парк', 'прибрежный', 'город', 'сад', 'свеча', 'знак-кавычки']"
0,0,0,0,0,0,0,0,0,0,0,0,1,0,0,0,0,0,1,0,0,0,"['включать', 'электричество', 'газ', 'пить', 'вода', 'есть', 'продукт', 'попадать', 'зона', 'затопление']"
0,1,0,0,0,0,0,0,0,0,0,0,1,0,0,0,0,0,1,0,0,0,['лампа']
1,1,0,1,1,1,1,1,1,1,1,1,1,0,0,1,1,1,1,1,1,0,"['день', 'приходиться', 'свеча']"
1,0,0,0,1,1,0,1,0,0,0,1,1,0,0,1,0,1,0,1,0,0,"['свечка', 'особый', 'значение', 'иметь']"
0,0,0,1,0,0,0,0,0,0,0,0,1,0,0,0,0,0,1,0,0,0,"['прилепить', 'свеча', 'дно', 'коробка']"
0,1,0,0,0,0,0,0,0,0,0,0,1,0,0,0,0,0,1,0,0,1,"['юля', 'придумать', 'интересный', 'конкурс', 'особенно', 'запомниться', 'игра', 'зритель', 'змейка', 'дракон']"
0,0,0,1,0,0,0,0,0,0,0,0,0,0,1,0,0,0,1,0,0,1,"['главный', 'врач', 'санаторий', 'евгений', 'николаевич', 'никитин', 'горячий', 'поклонник', 'хороший', 'бардовская', 'песня', 'неиссякаемый', 'энергия', 'служить', 'залог', 'фестиваль', 'продолжить', 'крепнуть', 'новый', 'звезда', 'небосклон']"
0,0,1,0,0,0,0,0,0,0,0,0,0,1,0,0,0,0,1,0,0,1,"['создать', 'карнавал', 'миллион', 'танцевать', 'человек', 'знак-кавычки']"
0,1,0,0,0,0,0,0,0,0,0,0,1,0,1,0,0,0,1,0,0,1,"['один', 'сыграть', 'барабан', 'вместе', 'афро-американский', 'девушка', 'который', 'заводной', 'переход', 'мидтаун']"
0,1,0,1,0,0,0,0,1,0,0,0,1,0,0,0,0,0,1,0,0,1,"['любить', 'читать', 'разный', 'мотивировать', 'литература', 'бизнес', 'книга', 'надеяться', 'автор']"
0,1,0,0,0,0,0,0,0,0,0,0,1,0,0,0,0,0,1,0,0,1,"['непреднамеренный', 'фраза', 'неожиданно', 'душа', 'огонек']"
1,1,0,0,1,0,1,0,1,1,1,0,1,0,0,0,1,0,1,0,1,1,"['хех', 'твой', 'уста', 'мед', 'пить', 'дорогулечка', 'свышеприятноописанный', 'перспектива', 'придтись', 'чуток', 'обождать', 'засесть', 'опт', 'удовольствие', 'пледик', 'глинтвейн', 'положено']"
0,1,0,0,0,0,0,0,0,0,0,0,1,0,0,0,0,0,1,0,0,1,"['собственный', 'ребенок', 'душа', 'остаться', 'яркий', 'свет', 'который', 'воспитатель', 'суметь']"
1,1,0,0,1,1,1,1,1,1,1,1,1,0,1,1,1,1,1,1,1,1,"['имя', 'поэт', 'народоволец', 'п.', 'ф.', 'якубович', 'побывать', 'гуща', 'борьба', 'пережить', 'каторга', 'ссылка', 'сказать', 'близкий', 'поколение', 'поэзия', 'тютчев', 'тревожный', 'полный', 'горький', 'диссонанс', 'могучий', 'ценный', 'держать', 'мысль', 'чувство', 'читатель', 'постоянный', 'напряжение', 'тоска', 'идеал', 'знак-кавычки']"
0,1,0,0,0,0,0,0,0,0,0,0,1,0,0,0,0,0,1,0,0,1,"['страсть', 'удаться', 'супруга', 'канадец', 'уильям', 'макдугалл']"
1,1,0,0,1,1,1,1,1,1,1,0,1,0,0,0,1,0,1,0,1,1,"['магия', 'внутренний', 'огонь', 'действовать', 'жажда', 'кровь', 'дружеский', 'юнит', 'воля', 'победа', 'самый', 'увеличивать', 'атака', 'дальность', 'ход', 'знак-кавычки', 'знак-кавычки']"
1,1,0,0,1,1,1,1,1,1,1,1,1,0,0,1,1,1,1,1,1,1,"['роскошный', 'белый', 'рояль', 'образ', 'решить', 'расстаться', 'команда', 'максимум', 'показать', 'уметь', 'сцена', 'ребята', 'получить', 'малый', 'кивин', 'темный', 'пляж', 'знак-кавычки']"
1,1,0,1,1,1,1,1,1,1,1,1,1,0,1,1,1,1,1,1,1,1,"['бурный', 'время', 'протекать', 'девиз', 'секс', 'наркотик', 'рок-н-ролл', 'мир', 'любовь', 'всеобщий', 'свобода', 'девушка', 'фото', 'который', 'украшать', 'некоторый', 'бар', 'сцена', 'мотив', 'хиппи', 'появиться', 'ритм-энд-блюз', 'знак-кавычки']"
1,1,1,1,1,1,1,1,1,1,1,1,1,1,1,1,1,1,1,1,1,1,"['новый', 'звезда', 'сегмент', 'роскошный', 'автомобиль', 'категория', 'класс']"
1,0,1,1,1,1,1,1,1,1,1,1,0,1,1,1,1,1,1,1,1,1,"['народный', 'любимица', 'сцена', 'областной', 'филармония', 'май', 'призвать', 'владимирцев', 'дурачиться']"
1,0,1,0,1,1,1,1,1,1,1,1,0,1,0,1,1,1,1,1,1,1,"['берег', 'купаться', 'напиваться', 'дешевый', 'пиво', 'дон']"
1,1,1,1,1,1,1,1,1,1,1,1,1,1,1,1,1,1,1,1,1,1,"['белый', 'попугай', 'музыка', 'круто', 'танцевать', 'обезьяна', 'снять', 'дед', 'трусяль', 'пляж', 'любительский', 'съемка', 'малыш', 'задний', 'кадр', 'собачка', 'порить', 'подушка', 'черепашка', 'камера', 'ползти', 'схватить', 'чайка', 'вместе', 'унести', 'собака', 'кружиться', 'вид', 'ехать', 'автомобиль', 'вертолетофобия', 'барсик', 'гитара', 'хотеть', 'играть', 'взять', 'рука', 'тупица', 'блять']"
1,1,1,1,1,1,1,1,1,1,1,1,1,1,1,1,1,1,1,1,1,1,"['сердце', 'раб', 'предпринять', 'необходимый', 'усилие']"
1,0,1,0,1,1,1,1,1,1,1,1,1,1,0,1,1,1,1,1,1,1,"['октябрь', 'декабрь', 'компания', 'оао', 'сан', 'инбев', 'совместно', 'рекламный', 'агентство', 'проводить', 'национальный', 'промой', 'кампания', 'качественно', 'знак-кавычки', 'знак-кавычки', 'знак-кавычки']"
1,1,1,0,1,1,1,1,1,1,1,1,1,1,0,1,1,1,0,1,1,1,"['ребята', 'хорошо', 'подготовить', 'колледж', 'отбираться', 'талантливый', 'увлечь', 'химия', 'начало', 'обучение', 'способный', 'делать', 'научный', 'работа', 'вовлекаться', 'процесс', 'зажигаться', 'другой', 'знак-кавычки', 'знак-кавычки', 'знак-кавычки']"
1,1,1,1,1,1,1,1,1,1,1,1,1,1,1,1,1,1,1,1,1,1,"['микшироваться', 'нынешний', 'лето']"
1,1,1,1,1,1,1,1,1,1,1,1,1,1,1,1,1,1,0,1,1,1,"['круглый', 'стол', 'проект', 'конкурс', 'фонд', 'династия', 'наполнить', 'пробудить', 'молодежь', 'интерес', 'естественный', 'наука', 'роль', 'сетевой', 'взаимодействие', 'учитель', 'биология', 'химия', 'знак-кавычки', 'знак-кавычки', 'знак-кавычки', 'знак-кавычки']"
1,1,1,1,1,1,1,1,1,1,1,1,1,1,1,1,1,1,1,1,1,1,"['свойственный', 'гражданственность', 'чувство', 'причастность', 'дело', 'родина', 'ответственность', 'самостоятельность', 'мышление', 'умение', 'коллектив', 'творческий', 'заряд']"
1,1,1,1,1,1,0,1,0,0,0,1,1,1,1,1,0,1,1,1,0,1,"['красивый', 'талантливый', 'уметь', 'зал']"
1,0,1,1,1,1,1,1,1,1,1,1,0,1,1,1,1,1,1,1,1,1,"['заявлять', 'хотеть', 'юля', 'вернуться', 'идти', 'тусить', 'например', 'вчера', 'видеть', 'азиатка', 'целоваться']"
1,1,1,1,1,1,1,1,1,1,1,1,1,1,1,1,1,1,1,1,1,1,"['надя', 'ермакова', 'один', 'девушка', 'наверное', 'заколдовать', 'влад', 'интересно', 'вдвоем']"
1,1,1,0,1,1,1,1,1,1,1,1,1,1,1,1,1,1,1,1,1,1,"['хотеться', 'сделать', 'пара', 'финт', 'сноуборд', 'лыжа']"
1,0,1,1,1,1,1,1,1,1,1,1,1,1,1,1,1,1,1,1,1,1,"['надоесть', 'пресный', 'катание', 'хотеть', 'дать', 'рок']"
0,1,1,1,0,0,1,0,1,1,1,0,1,1,1,1,1,0,1,1,1,1,"['молодожены', 'решать', 'рискнуть', 'свадьба', 'веселый', 'танец']"
1,1,0,0,1,1,1,1,1,1,1,1,0,1,1,1,1,1,1,1,1,1,"['гвоздик', 'усиливать', 'половой', 'влечение', 'кровь', 'мысль']"
1,1,0,0,1,1,1,1,1,1,1,1,1,0,0,1,1,1,0,1,1,1,"['любить', 'трюк', 'удовольствие']"
1,1,1,1,1,1,1,1,1,1,1,1,1,1,1,1,1,1,1,1,1,1,"['николай', 'полный', 'бегать', 'один', 'сторона', 'сцена', 'другой', 'стараться', 'уделить', 'внимание']"
1,1,0,1,1,1,1,1,1,1,1,1,1,0,1,1,1,1,1,1,1,1,"['сказать', 'вчера', 'дискотека']"
1,1,0,0,1,1,1,1,1,1,1,1,1,0,0,1,1,1,1,1,1,1,"['проснуться', 'утро', 'подойти', 'зеркало', 'видеть', 'милый', 'детский', 'личико', 'веснушка', 'потрепать', 'локон', 'след', 'вчерашний', 'косметика', 'остаток', 'укладка', 'усталый', 'глаз', 'правильно', 'ночь', 'вчера', 'дискотека', 'сладко', 'спать', 'обнимка', 'плюшевый', 'заяц', 'знак-кавычки']"
0,1,1,1,0,0,1,1,1,1,1,1,1,1,1,1,1,1,1,1,1,1,"['глаз', 'согревать', 'сердце', 'говорить', 'тело', 'который', 'становиться', 'божественно', 'прекрасный', 'минута', 'смотреть']"
1,1,1,0,1,1,1,1,1,1,1,1,1,1,1,1,1,1,1,1,1,1,"['второй', 'легко', 'друг', 'вопить', 'свинцовый', 'мерзость', 'власть', 'знак-кавычки']"
1,0,1,1,0,1,0,1,0,0,0,1,0,1,1,1,0,1,1,1,0,1,"['важно', 'обучать', 'сегодняшний', 'бизнесмен', 'завтрашний', 'интерес', 'жизнь', 'показать', 'перспектива', 'который', 'стремиться']"
1,1,1,0,1,1,1,1,1,1,1,1,1,1,1,1,1,1,1,1,1,1,"['волнующий', 'эмоция', 'танец', 'живот', 'знак-кавычки']"
0,0,1,1,0,0,0,0,0,0,0,0,1,1,1,0,0,0,0,0,0,1,"['великолепный', 'песчаный', 'пляж', 'обрамлять', 'лазурный', 'море', 'экзотический', 'подводный', 'мир', 'тропический', 'джунгли', 'ресторан', 'изыскать', 'кухня', 'морепродукт', 'самый', 'вкусный', 'свет', 'фрукт', 'ночной', 'клуб', 'веселиться', 'утро']"
1,1,1,1,1,1,0,1,0,0,0,1,1,0,1,1,0,1,0,1,0,1,"['простой', 'одновременно', 'шикарный', 'короткий', 'прическа', 'знак-кавычки']"
0,1,1,0,0,0,0,0,0,0,0,0,1,1,0,0,0,0,1,0,0,1,"['музыка', 'стиль', 'диско', 'знак-кавычки']"
1,1,1,1,1,1,1,1,1,1,1,1,1,1,1,1,1,1,1,1,1,1,"['вдохновлять', 'работа']"
1,1,1,1,1,1,1,1,1,1,1,1,1,1,1,1,1,1,1,1,1,1,"['говорить', 'анжелика', 'валерьевна', 'свет', 'сердце', 'ученик', 'звать', 'добро', 'задавать', 'цель', 'видеть', 'смысл', 'любой', 'дело', 'знак-кавычки']"
1,0,1,1,1,1,1,1,1,1,1,1,1,1,1,1,1,1,1,1,1,1,"['желание', 'продлить', 'ощущение', 'молодость', 'испытать', 'сильный', 'чувство', 'знак-кавычки']"
1,1,1,1,1,1,1,1,1,1,1,1,1,0,0,1,1,1,1,1,1,1,"['очевидный', 'бог', 'пастор', 'огнь', 'служение']"
0,1,1,1,0,0,0,0,0,0,0,0,1,1,1,0,0,0,1,0,0,1,"['надеяться', 'заметка', 'помочь', 'огонь', 'любовь', 'дом']"
0,1,1,1,0,0,0,0,0,0,0,0,1,1,1,0,0,0,1,0,0,1,['энергия']
0,0,1,1,0,0,0,0,0,0,0,0,0,1,1,0,0,0,1,0,0,1,"['лучший', 'бармен', 'город', 'готовить', 'коктейль', 'мастер', 'шоу', 'продемонстрировать', 'чудо', 'пиро', 'техника', 'танцевальный', 'фитнес', 'клуб', 'танцпол', 'разножанровый', 'певица', 'исполнять', 'песня']"
1,1,0,0,1,1,1,1,1,1,0,0,1,0,0,0,1,0,1,0,1,1,"['летописец', 'характеризовать', 'каир', 'хана', 'яркий', 'неординарный', 'личность', 'способный', 'собственный', 'патриотизм', 'народ']"
0,0,1,1,0,0,0,0,0,0,0,0,1,1,1,0,0,0,1,0,0,1,"['пора', 'необходимый', 'мужество', 'решимость', 'слабый', 'огонек', 'разгореться', 'яркий', 'свет', 'вера', 'лучший', 'будущее']"
1,1,1,1,1,1,1,1,1,1,1,1,1,1,1,1,1,1,1,1,1,1,"['давать', 'сила', 'рука', 'негасимый', 'пламень', 'сердце']"
0,0,1,0,0,0,0,0,0,0,0,0,1,1,1,0,0,0,1,0,0,1,"['разноголосье', 'костер', 'палатка', 'ржать', 'храпеть']"
0,1,0,0,0,0,0,0,0,0,0,1,1,0,1,1,0,1,1,1,0,1,"['ровность', 'мягкость', 'обращение', 'крайний', 'скромность', 'полный', 'спокойствие', 'боевой', 'обстановка', 'умение', 'разбираться', 'человек', 'действовать', 'психика', 'огромный', 'способность', 'учитывать', 'любой', 'момент', 'использовать', 'постоянный', 'чувство', 'ответственность', 'доверенный', 'отсутствие', 'сухой', 'формализм', 'связь', 'близость', 'войско', 'особый', 'чутье', 'который', 'являться', 'ответственный', 'наиболее', 'опасный', 'место', 'вера', 'победа', 'наконец', 'пользоваться', 'положение', 'делить', 'горесть', 'радость', 'бессонный', 'часть']"
0,1,0,1,0,0,0,0,0,0,0,0,1,0,0,0,0,0,1,0,0,1,"['танцующий', 'смотреть', 'знак-кавычки']"
0,0,0,0,0,0,0,0,0,0,0,0,0,0,0,0,0,0,0,0,0,1,"['руль', 'жена', 'часто', 'последствие', 'хотеться', 'некий', 'девайс', 'ноут', 'поставить', 'возить', 'коленка', 'удобный']"
1,0,1,1,1,1,1,1,1,1,1,1,1,0,1,1,1,1,1,1,1,1,"['порадовать', 'одинокий', 'юноша', 'который']"
0,0,1,1,0,0,0,0,0,0,0,0,0,0,0,0,0,0,1,0,0,1,"['привести', 'память', 'сокурсник', 'обожать', 'брить']"
1,1,0,0,1,1,0,1,0,0,0,1,1,0,0,1,0,1,1,1,0,1,"['вильвинец', 'отмечать', 'закрытие', 'арт', 'резиденция', 'пойти', 'заводной', 'ритм', 'попмузыка', 'незнакомый', 'звук', 'африканский', 'австралийский', 'инструмент', 'группа', 'ярос', 'знак-кавычки', 'знак-кавычки']"
0,0,0,0,0,0,0,0,0,0,0,0,1,0,0,0,0,0,1,0,0,1,"['получиться', 'создать', 'несуетливый', 'спокойный', 'езда']"
0,0,0,1,0,0,0,0,0,0,0,0,1,0,0,0,0,0,1,0,0,1,"['знаменитый', 'французский', 'певица', 'ванесса', 'парадя', 'записать', 'дуэт', 'отец', 'ребенок', 'джонни', 'депп', 'который', 'чуждый', 'музыкальный', 'эксперимент', 'голливудский', 'актер', 'дело', 'попадаться', 'папарацци', 'сцена', 'различный', 'музыкант', 'гитарист', 'кит', 'ричардс', 'группа', 'фли', 'поклонник', 'пара']"
1,0,0,1,1,1,0,1,0,0,0,1,0,0,1,1,0,1,1,1,0,1,"['чемпион', 'россия', 'год', 'фигурный', 'катание', 'стать', 'воспитанник', 'алексей', 'мишина', 'евгений', 'плющенко', 'суметь', 'по-настоящему', 'зрительный', 'зал']"
1,0,0,0,0,0,0,0,0,0,0,1,1,0,0,0,0,0,1,0,0,1,"['главный', 'задача', 'педагог', 'заинтересовать', 'ребенок', 'сердце', 'развивать', 'творческий', 'активность', 'навязывать', 'собственный', 'мнение', 'вкус']"
0,1,1,0,0,0,0,0,0,0,0,0,0,1,1,0,0,0,1,0,0,1,"['мощно', 'заколбаситься', 'танцпол', 'дар']"
0,0,0,0,0,0,0,0,0,0,0,0,1,0,0,0,0,0,1,0,0,1,"['единодушно', 'эксперт', 'полагать', 'текущий', 'снижение', 'цена', 'феррованадий', 'новый', 'раунд', 'закупка', 'китайский', 'покупатель', 'вернуть', 'высоко', 'кг']"
0,0,0,0,0,0,0,0,0,0,0,0,1,0,0,0,0,0,1,0,0,1,"['стареть', 'вечноперспективный', 'захар', 'пашутин', 'суметь']"
0,1,0,0,0,0,0,0,0,0,0,0,1,0,0,0,0,0,1,0,0,1,"['мустаев', 'другой', 'замечательный', 'человек', 'идея', 'создание', 'институт']"
0,0,1,0,0,0,0,0,0,0,0,0,0,1,1,0,0,0,1,0,0,1,"['ирина', 'олеговна', 'кочнев', 'энергичный', 'инициативный', 'человек']"
0,0,0,0,0,0,0,0,0,0,0,0,1,0,0,0,0,0,1,0,0,1,"['огонь', 'гнев', 'глаз', 'который', 'бессмертный', 'бог', 'подключение', 'лезвие', 'враг', 'кровь', 'долго', 'ждать', 'страдать', 'жажда']"
0,0,0,1,0,0,0,0,0,0,0,0,1,0,1,0,0,0,1,0,0,1,"['ученик', 'способный', 'восприятие', 'нести', 'свет', 'учитель']"
0,0,0,1,0,0,0,0,0,0,0,0,1,0,1,0,0,0,1,0,0,1,"['слушатель', 'поглощать', 'тушенка', 'музыкант']"
0,1,0,0,0,0,0,0,0,0,0,0,1,0,0,0,0,0,0,0,0,1,"['мальчишка', 'интересно', 'работать', 'азартный']"
0,0,1,0,0,0,0,0,0,0,0,0,0,0,0,0,0,0,1,0,0,1,"['место', 'парень', 'разгонка', 'хороший', 'трасса', 'дуал']"
0,0,0,0,0,0,0,0,0,0,0,0,1,0,0,0,0,0,0,0,0,1,"['выразительность', 'пластика', 'фигура', 'восточный', 'женщина', 'стекло', 'терять', 'энергетический', 'сила', 'способный', 'пламень', 'страсть', 'газель', 'саади']"
0,0,1,0,0,1,1,0,1,1,1,0,0,1,0,0,1,1,1,0,1,1,"['сцена', 'энергетик', 'очередной', 'энергетика', 'фестиваль', 'художественный', 'самодеятельность', 'трудовой', 'коллектив', 'электропрофсоюз', 'рт', 'знак-кавычки']"
0,1,0,0,0,0,0,0,0,0,0,0,1,0,0,0,0,0,1,0,0,1,"['королева', 'песня', 'фигурка', 'барби', 'летать', 'сцена', 'зал', 'энергия', 'задор', 'певческий', 'талант', 'буквально']"
0,1,1,0,0,0,0,0,0,0,0,0,1,1,1,0,0,0,1,0,0,1,"['всякий', 'произведение', 'искусство', 'тема', 'иллюстрация', 'один', 'свеча', 'невинно', 'убиенный', 'сказать', 'наталья', 'дмитриевна', 'солженицын', 'встреча', 'предварять', 'премьера', 'опера', 'день', 'иван', 'денисович', 'знак-кавычки', 'знак-кавычки']"
0,0,0,1,0,0,0,0,0,0,0,0,1,0,1,0,0,0,1,0,0,1,"['день', 'клуб', 'проводить', 'масштабный', 'вечеринка', 'новый', 'звезда', 'небосвод', 'клубный', 'культура']"
0,0,0,0,0,0,0,0,0,0,0,0,1,0,0,0,0,0,1,0,0,1,"['развернуть', 'волжский', 'группа', 'корпус', 'дать', 'соратник', 'заслуженный', 'отдых', 'новый', 'больший', 'пополнение', 'ударить', 'враг', 'вести', 'победа', 'научить', 'будущий', 'подчиненный', 'воевать', 'побеждать', 'неглавный', 'воспитать', 'привить', 'вера', 'правда', 'дело', 'большой', 'любовь', 'россия', 'разработка', 'проект', 'план', 'оставлять', 'каппель', 'один', 'свободный', 'минута']"
0,0,0,0,0,0,0,0,0,0,0,0,1,1,0,0,0,0,1,0,0,1,"['говорить', 'гражданский', 'спортавто', 'один', 'респондент', 'вызывать', 'восторг', 'желание', 'погонять', 'знак-кавычки']"
1,1,0,0,1,1,1,1,1,1,1,1,1,0,0,1,1,1,1,1,1,1,"['наслать', 'идеальный', 'дорога', 'решить', 'помнить', 'лошадка', 'промчать', 'быстро', 'знак-кавычки']"
0,0,1,0,0,1,0,0,0,0,0,0,1,1,0,0,0,0,1,0,0,1,"['маска', 'новогодний', 'маскарад', 'хэллоуинский', 'ночь', 'друг']"
0,0,0,1,0,0,0,0,0,0,0,0,1,0,1,0,0,0,1,0,0,1,"['продолжить', 'успешный', 'существование', 'абонемент', 'джаз', 'фолк', 'коктейль', 'невероятный', 'сплав', 'этнический', 'джазовый', 'мотив', 'творчество', 'коллектив', 'способный', 'любой', 'слушатель', 'знак-кавычки', 'знак-кавычки']"
1,1,0,1,1,0,0,0,0,0,0,0,1,0,1,0,0,0,0,0,0,1,"['часто', 'услышать', 'дискотека', 'знать', 'основной', 'элемент', 'хауса', 'танцпол']"
0,0,0,0,0,0,0,0,0,0,0,0,0,0,0,0,0,0,1,0,0,1,"['педагогический', 'кредо', 'гореть', 'другой', 'знак-кавычки']"
0,0,0,0,0,0,0,0,0,0,0,0,1,0,0,0,0,0,1,0,0,1,"['ярослав', 'следовать', 'видеть']"
1,1,0,1,1,1,1,1,1,1,1,1,1,1,1,1,1,1,1,1,1,1,"['вечер', 'студентка', 'летний', 'галина', 'новиков', 'мария', 'державин', 'отправиться', 'ночной', 'клуб', 'рай', 'знак-кавычки']"
0,0,0,1,0,0,0,0,0,0,0,0,0,0,1,0,0,0,0,0,0,1,"['поразить', 'увидеть', 'россиянка', 'импровизированный', 'дискотека', 'место', 'который', 'большой', 'счет', 'заведение', 'предусмотреть', 'знак-кавычки']"
0,0,0,0,0,0,0,0,0,0,0,0,0,0,0,0,0,0,1,0,0,1,"['порыв', 'вскоре', 'гасить', 'узенький', 'шина', 'приветствовать', 'езда', 'небольшой', 'перегрузка']"
0,0,0,0,0,0,0,0,0,0,0,0,0,0,0,0,0,0,1,0,0,1,"['николай', 'вечер', 'удар', 'никто', 'наверное', 'видеть']"
0,0,0,0,0,0,0,0,0,0,0,0,0,0,0,0,0,0,1,0,0,1,"['заводить', 'публика', 'полуоборот', 'буквально']"
1,1,0,0,1,1,1,1,1,1,1,1,1,0,0,1,1,1,1,1,1,1,"['сказать', 'нечто', 'мыслить', 'чувство', 'слагать', 'мысль', 'выступать', 'совершенно', 'определенный', 'оказываться', 'присутствующий', 'сознание']"
0,0,0,0,0,0,0,0,0,0,0,0,1,1,0,0,0,0,1,0,0,1,"['плодотворный', 'ощущение', 'например', 'побудитель', 'дело', 'любовь', 'который', 'поднимать', 'самый', 'человечно', 'горячий', 'искренний', 'переживание']"
1,0,1,1,1,1,1,1,1,1,1,1,1,0,1,1,1,1,1,1,1,1,"['мурманск', 'впервой']"
0,0,0,0,0,0,1,0,1,0,0,0,1,0,0,0,1,0,1,0,0,1,"['хотеть', 'идея', 'который', 'компания', 'применять', 'бизнес', 'необычный', 'великолепный', 'ум', 'сердце', 'вести', 'человек', 'покупка', 'заставлять', 'думать', 'становиться', 'хорошо']"
0,0,0,0,0,0,0,0,0,0,0,0,1,0,0,0,0,0,1,0,0,1,"['падение', 'атеистический', 'режим', 'заря', 'демократический', 'преобразование', 'страна', 'задуматься', 'возродить', 'традиция', 'вновь', 'человек', 'свет', 'знание', 'вера']"
0,1,1,0,0,0,0,0,0,0,0,0,1,1,1,0,0,0,1,0,0,1,"['нужный', 'харизматичный', 'активный', 'человек', 'уметь', 'вести', 'переговоры', 'сектор', 'продажа', 'гореть', 'идея', 'бизнес', 'способный', 'партнер']"
0,0,0,0,0,0,0,0,0,0,0,0,0,0,0,0,0,0,1,0,0,1,"['обучение', 'творчество', 'банальный', 'передача', 'информация', 'включение', 'внутренний', 'мотивация', 'человек']"
0,0,0,0,0,0,0,0,0,0,0,0,1,0,0,0,0,0,0,0,0,1,"['тренировка', 'становиться', 'приятный', 'двигаться', 'ритм', 'любимый', 'музыка']"
0,0,0,1,0,0,0,0,0,0,0,0,0,1,1,0,0,0,1,0,0,1,"['винный', 'селар', 'раб', 'вид', 'звездный', 'небо', 'ждать', 'знаменательный', 'коктейль', 'диджей', 'музыка']"
0,0,1,0,0,0,0,0,0,0,0,0,0,0,0,0,0,0,1,0,0,1,"['некоторый', 'время', 'вернуться', 'николаев', 'костя', 'встретить', 'улица', 'самый', 'друг', 'который', 'колхозный', 'барак', 'узнать', 'институтский', 'музыкальный', 'группа', 'нужный', 'клавишник', 'знак-кавычки']"
0,0,1,0,0,0,0,0,0,0,0,0,1,0,0,0,0,0,1,0,0,1,"['успех', 'таков', 'скоро', 'вызвать', 'уныние', 'понизить', 'настроение', 'другой', 'увлечь', 'знак-кавычки']"
0,1,0,0,0,0,1,0,1,1,1,0,1,0,1,0,1,0,1,0,1,1,"['южный', 'город', 'ночной', 'клуб', 'который', 'молодой', 'талантливый', 'диджей', 'денис', 'орлов']"
0,1,0,0,0,0,0,0,0,0,0,0,1,0,0,0,0,0,1,0,0,1,"['взбираться', 'наперегонки', 'стена', 'занятие', 'альпинизм', 'танцевальный', 'площадка', 'семейный', 'отдых', 'однообразный']"
0,0,0,0,0,0,0,0,0,0,0,0,1,0,0,0,0,0,1,0,0,1,"['подарок', 'чувство']"
0,0,0,0,0,0,0,0,0,0,0,0,0,1,1,0,0,0,1,0,0,1,"['видеть', 'здорово', 'уметь', 'президент', 'чувашия', 'николай', 'васильевич', 'федоров']"
0,0,0,1,0,0,0,0,1,0,0,0,1,0,0,0,1,0,1,0,0,1,"['ролик', 'дмитрий', 'анатольевич', 'медведев', 'набрать', 'миллион', 'просмотр', 'знак-кавычки']"
0,1,1,1,0,0,0,0,0,0,0,0,1,0,0,0,0,0,1,0,0,1,"['свеча', 'рука', 'начало', 'молиться']"
0,0,1,1,0,0,0,0,0,0,0,0,0,0,1,0,0,0,1,0,0,1,"['вечер', 'огонек', 'наслаждаться', 'неописуемый', 'вид']"
0,0,0,0,0,0,0,0,0,0,0,0,0,0,0,0,0,0,1,0,0,1,"['дарить', 'песня', 'танцевальный', 'ритм', 'давний', 'друг', 'известный', 'российский', 'певец', 'влад', 'сташевский']"
1,1,1,1,1,1,1,1,1,1,1,1,1,1,1,1,1,1,1,1,1,1,"['день', 'планироваться', 'открытие', 'бразильский', 'карнавал', 'певица', 'сталь', 'дожидаться', 'начало', 'приняться', 'публика', 'рано']"
0,0,0,1,0,0,1,0,1,1,1,0,1,0,1,0,1,0,1,0,1,1,"['знаменитый', 'песня', 'охота', 'сердце', 'слушатель', 'эротический', 'танец', 'темный', 'даль', 'великий', 'множество']"
0,1,1,1,0,0,1,0,1,1,1,1,1,1,1,1,1,1,1,1,1,1,"['сердце', 'приказать', 'любить', 'любовь']"
1,1,1,1,1,1,1,1,1,1,1,0,1,0,1,1,1,1,1,1,1,1,"['призванный', 'сердце', 'праведный', 'негодование']"
1,0,0,1,1,1,1,1,1,1,1,1,1,0,1,1,1,1,1,1,1,1,"['истинный', 'учение', 'христов', 'способный', 'холодный', 'сердце']"
1,1,1,1,1,1,1,1,1,1,1,1,1,1,1,1,1,1,1,1,1,1,"['рот', 'губа', 'язык', 'относиться', 'наиболее', 'эрогенный', 'женский', 'зона', 'доктор', 'мириам', 'стоппард', 'который', 'написать', 'книга', 'магия', 'секс', 'стимуляция', 'тело', 'обладать', 'прямой', 'возбуждать', 'воздействие', 'гениталии', 'знак-кавычки', 'знак-кавычки']"
1,0,0,1,1,1,1,1,1,1,1,1,1,0,1,1,1,1,1,1,1,1,"['скрывать', 'физический', 'возбуждение', 'очередь', 'страсть', 'партнер']"
0,0,1,1,0,1,1,1,1,1,1,1,1,1,1,1,1,1,1,1,1,1,"['работа', 'сравниться', 'ребячий', 'сердце', 'исполнять', 'круг', 'несколько', 'другой', 'редакция', 'рубль', 'получать', 'знак-кавычки', 'знак-кавычки']"
0,0,1,1,0,1,0,0,0,0,0,1,0,1,1,1,0,1,1,1,0,1,"['один', 'самый', 'эмоция', 'энтузиазм', 'гореть', 'глаз']"
1,1,1,1,1,1,1,1,1,1,1,1,1,1,1,1,1,1,1,1,1,1,"['местный', 'кабак', 'знак-кавычки']"
1,0,0,0,1,1,1,1,1,1,1,1,1,0,0,1,1,1,1,1,1,1,"['юмористичный', 'составлять', 'фильм', 'действительно']"
1,1,1,1,1,1,1,1,1,1,1,1,1,1,1,1,1,1,1,1,1,1,"['последний', 'фестиваль', 'туристка', 'местный', 'житель', 'шок', 'знак-кавычки']"
1,1,1,0,1,1,1,1,1,1,1,1,1,1,0,1,1,1,1,1,1,1,"['один', 'пара', 'год', 'понять', 'двигать', 'танюха', 'придавать', 'неженский', 'сила', 'который', 'выбиваться', 'полный', 'программа', 'огонь', 'глаз']"
1,0,1,1,1,1,1,1,1,1,1,1,1,1,1,1,1,1,1,1,1,1,"['скрипач', 'похожий', 'фея', 'летать', 'сцена', 'забывать', 'играть', 'виолончелист', 'который', 'сидеть', 'умудряться', 'компенсировать', 'отстраненность', 'фронтмен']"
0,0,1,1,0,0,0,0,0,0,0,0,0,1,0,0,0,0,0,0,0,1,"['яркий', 'веселый', 'добрый', 'воздушный', 'шар', 'поднимать', 'настроение', 'радовать', 'глаз', 'улыбка', 'лицо', 'ребенок', 'взрослый']"
1,1,1,1,1,1,1,1,1,1,1,1,1,1,1,1,1,1,1,1,1,1,"['отчаяться', 'уничтожить', 'великий', 'народ', 'открытый', 'схватка', 'продолжать', 'гореть', 'вспыхивать', 'кровавый', 'сполох', 'национальный', 'этнический', 'конфликт']"
1,0,1,1,1,1,1,1,1,1,1,1,0,1,1,1,1,1,1,1,1,1,"['господь', 'миллион', 'сердце']"
1,1,1,0,1,1,1,1,1,1,1,1,1,1,1,1,1,1,1,1,1,1,"['лидер', 'дистрибьюторский', 'сеть', 'зайти', 'огонек', 'дружно', 'веский', 'повод', 'знак-кавычки', 'знак-кавычки']"
1,1,0,1,1,1,1,1,1,1,1,1,1,0,1,1,1,1,1,1,1,1,"['пожелать', 'добрый', 'здоровье', 'постоянно', 'человек', 'добро', 'тепло', 'душа']"
1,0,1,0,1,1,1,1,1,1,1,1,0,1,1,1,1,1,1,1,1,1,"['романтический', 'отношение', 'говорить', 'человек', 'знак-кавычки']"
0,1,1,1,0,0,0,0,0,0,0,0,0,1,1,0,0,1,1,1,0,1,"['учить', 'легко', 'красиво', 'двигаться', 'удерживать', 'взгляд', 'окружать', 'вечеринка', 'верить', 'сила', 'центр', 'внимание', 'знак-кавычки']"
1,0,1,1,1,1,1,1,1,1,1,1,0,0,1,1,1,1,1,1,1,1,"['день', 'город', 'обычный', 'сонный', 'ночь', 'любой', 'турист', 'знак-кавычки', 'буквально']"
1,1,0,1,1,1,1,1,1,1,1,1,1,0,1,1,1,1,1,1,1,1,"['часто', 'видеть', 'разный', 'клуб', 'девушка']"
0,1,1,1,0,0,1,1,1,1,1,0,1,1,1,0,1,1,1,1,1,1,"['совсем', 'недавно', 'шакира', 'москва', 'день', 'дать', 'танцевальный', 'мастер-класс', 'место', 'сцена', 'станцевать', 'звезда', 'испанский', 'футбол', 'дело', 'клуб', 'барселона', 'завоевать', 'кубок', 'лига', 'чемпмион', 'знак-кавычки']"
1,1,1,1,1,1,1,1,1,1,1,1,1,1,1,1,1,1,1,1,1,1,"['атмосфера', 'радушие', 'творчество', 'оптимизм', 'коллега']"
1,1,1,0,1,1,0,1,0,0,1,1,1,1,0,1,0,1,0,1,0,1,"['вдохновить', 'подвиг', 'знак-кавычки']"
0,0,1,0,0,0,0,0,0,0,0,0,1,1,0,0,0,0,0,0,0,1,"['охладить', 'вызвать', 'желание', 'страсть']"
1,1,1,1,1,1,1,1,1,1,1,1,0,1,1,1,1,1,1,1,1,1,"['госпожа', 'пампадур', 'использовать', 'страсть', 'знак-кавычки']"
0,0,1,1,0,1,1,1,1,1,1,0,0,1,1,0,1,1,1,1,1,1,"['нежиться', 'солнечный', 'пляж', 'молодежный', 'дискотека', 'вместе', 'рыбак', 'совершить', 'прогулка', 'море', 'маленький', 'рыбацкий', 'деревушка', 'курорт', 'слушать', 'смесь', 'итальянский', 'английский', 'морской', 'история', 'знак-кавычки']"
1,0,0,0,1,1,1,1,1,1,1,1,0,0,0,1,1,1,1,1,1,1,"['ребята', 'вести', 'активно', 'публика', 'посылать', 'сцена', 'сильнейший', 'энергетический', 'звуковой', 'посыл']"
1,0,0,0,1,1,1,1,1,1,1,1,0,0,0,1,1,1,1,1,1,1,"['приятно', 'смотреть', 'талантливый', 'ребенок', 'задор', 'веселье', 'непосредственность', 'излучать', 'необыкновенный', 'тепло', 'передавать', 'энергия', 'окружающие', 'мастерство']"
0,0,1,1,0,1,1,1,1,1,1,1,0,1,1,1,1,1,1,1,1,1,"['любитель', 'звук', 'литровый', 'двойной', 'турбонаддув', 'слух', 'ласкать', 'сидеть', 'сзади', 'начальник', 'скоро', 'быстро', 'надоесть', 'знак-кавычки']"
1,1,1,1,1,1,1,1,1,1,1,1,1,1,1,1,1,1,1,1,1,1,"['девушка', 'получить', 'множество', 'подарок', 'спонсор', 'профком', 'студент', 'выслушать', 'поздравление', 'отправиться']"
1,0,1,1,1,1,1,1,1,1,1,1,0,1,1,1,1,1,1,1,1,1,"['хотеть', 'иметь', 'приятель', 'бухать', 'отрываться']"
1,1,1,1,1,1,1,1,1,1,1,1,1,1,1,1,1,1,1,1,1,1,"['хотеть', 'танцевать', 'интересно', 'непринужденный', 'любой', 'клуб', 'модный', 'вечеринка', 'друг', 'знак-кавычки']"
1,1,1,1,1,1,1,1,1,1,1,1,1,1,1,1,1,1,1,1,1,1,"['настоящий', 'интересный', 'искра', 'интерес', 'твой', 'сердце']"
1,1,1,1,1,1,1,1,1,1,1,1,1,1,1,1,1,1,1,1,1,1,"['клубиться', 'ночь', 'напролет']"
1,1,1,0,1,1,1,1,1,1,1,1,0,1,0,1,1,1,0,1,1,1,"['некорректный', 'говорить', 'классовый', 'расизм', 'автор', 'откровенно', 'термин']"
1,1,1,1,1,1,1,1,1,1,1,1,0,1,1,1,1,1,1,1,1,1,"['сегодня', 'утверждать', 'ленин', 'чистый', 'история', 'кпсс', 'переврать', 'время', 'перестройка', 'солженицын', 'нуль', 'уточнять', 'список', 'замучить', 'репрессировать', 'коммунист', 'правда', 'всплывать']"
1,1,1,1,1,1,1,1,1,1,1,1,1,1,1,1,1,1,1,1,1,1,"['знать', 'легко', 'факт', 'просто', 'простой', 'снять', 'пропагандистский', 'документалка', 'противоположный', 'окрас', 'грузинский', 'старуха', 'рыдать', 'тело', 'сын', 'защитник', 'гордый', 'демократический', 'республика', 'монструозный', 'империалистический', 'замашка', 'недружелюбный', 'сосед']"
0,1,1,0,0,0,1,1,1,1,1,0,1,1,1,0,1,0,1,1,1,1,"['брат', 'умело', 'аккуратно']"
0,0,1,1,0,0,0,0,0,0,0,0,1,1,1,0,0,0,1,0,0,1,"['решить', 'рассказать', 'здорово', 'рабочий', 'стол', 'иметь', 'мышка', 'доп', 'клавиша', 'компизом', 'бортовый', 'компьютер']"
1,0,1,0,1,1,1,1,1,1,1,1,0,1,1,1,1,1,1,1,1,1,['цифра']
0,0,0,1,0,0,1,0,1,1,1,0,1,0,1,0,0,0,1,0,1,1,"['цифра', 'увеличиться', 'издержки', 'миллиард', 'год', 'объяснить', 'ржд', 'возвращение', 'груз', 'главный', 'ход', 'проолжать', 'грузоотправитель', 'брать', 'цена', 'доставка', 'вологда']"
1,0,0,0,1,1,1,1,1,1,1,1,1,1,1,1,1,1,1,1,1,1,"['ловко', 'факт', 'лишний', 'подтверждать', 'мнение']"
0,0,1,1,0,1,1,1,1,1,1,1,0,1,1,1,1,1,1,1,1,1,"['научить', 'один', 'предмет', 'рассказать', 'мир', 'впервые', 'прийти', 'голова', 'заняться', 'ловкий', 'дело', 'подсказать', 'избегнуть', 'типичный', 'ошибка', 'новичок']"
1,0,0,0,1,1,1,1,1,1,1,1,0,1,1,1,1,1,1,1,1,1,"['врач', 'непонятный', 'медицинский', 'термин', 'постоянно', 'возникать', 'разговор', 'похудеть', 'приводиться', 'фантастический', 'результат']"
0,0,0,1,0,0,1,0,1,1,1,0,0,1,0,0,1,0,1,0,1,1,"['вчерашний', 'тинейджер', 'модный', 'идея', 'теория', 'информационный', 'общество', 'услать', 'отрыв']"
1,0,1,1,1,1,1,1,1,1,1,1,0,1,1,1,1,1,1,1,1,1,"['сбивчивый', 'речь', 'простой', 'трудящийся', 'звучать', 'постоянно', 'выработать', 'железобетонный', 'штамп', 'который', 'журналист', 'рассказывать', 'трудовой', 'подвиг']"
1,1,0,0,1,1,1,1,1,1,1,1,1,0,0,1,1,0,1,0,1,1,"['термин', 'заимствованный', 'научный', 'эзотерический', 'литература', 'присваивать', 'звание', 'целитель', 'адепт', 'черный', 'белый', 'магия', 'посвятить', 'обманывать', 'доверчивый', 'извериться', 'официальный', 'медицина', 'человек', 'хвататься', 'утопать', 'соломинка']"
1,0,1,1,1,1,1,1,1,1,1,1,0,0,0,1,1,1,1,1,1,1,"['психолог', 'эквилибрист', 'формулировка', 'сообщение', 'психологический', 'информация']"
1,0,0,1,0,0,1,0,1,1,1,1,0,0,1,1,1,1,1,1,1,1,"['жонглер', 'неплохой', 'денежка', 'яблочко']"
0,0,0,1,0,0,0,0,0,0,0,0,0,0,1,0,0,0,1,0,0,1,"['цифра', 'гигантский', 'тонна', 'объяснять', 'иметься', 'вес', 'собственно', 'холст', 'старый', 'мастер', 'скульптура', 'тончайший', 'французский', 'фарфор', 'брутто', 'товар', 'вместе', 'упаковка', 'знак-кавычки']"
1,1,0,0,1,1,1,1,0,1,1,1,1,0,0,1,1,1,1,1,1,1,"['добавить', 'ситуация', 'очевидный', 'некоторый', 'сми', 'фраза', 'извращать', 'суть', 'высказывание', 'знак-кавычки']"
0,0,0,0,0,0,1,0,0,1,0,0,0,0,0,0,1,0,1,0,0,1,"['знакомый', 'технология', 'необходимый', 'выполнение', 'задание', 'предмет', 'персонаж', 'расставлять', 'разный', 'точка', 'уметь', 'запечатывать', 'наоборот', 'открывать', 'дополнительный', 'маршрут']"
1,0,1,1,1,1,1,1,1,1,1,1,1,1,1,1,1,1,1,1,1,1,"['научиться', 'уверенно', 'широко', 'употреблять', 'слово', 'счастье']"
0,0,0,1,0,0,0,0,0,0,0,0,1,0,1,0,0,0,1,0,0,1,"['хотеть', 'цифра', 'складывать', 'умножать', 'любой', 'статистический', 'отчетность', 'лукавый', 'суть', 'рискнуть', 'предположить', 'официальный', 'сообщение', 'катастрофический', 'размер', 'коррупционный', 'проявление', 'повальный', 'воровство', 'наблюдать', 'верхушка', 'айсберг', 'проблема']"
0,0,0,1,0,0,0,0,0,0,0,0,0,0,1,0,0,0,1,0,0,1,"['слово', 'брызгать', 'слюна', 'еврей', 'достать']"
0,0,0,0,0,0,1,0,1,1,1,0,0,0,0,0,1,0,1,0,1,1,"['совмещать', 'метод', 'аккуратно', 'основной', 'способ', 'перемешивать', 'динамичный', 'коктейль', 'композиция', 'внутренний', 'сюжет', 'художник', 'способный', 'получить', 'результат', 'оригинальный', 'запоминаться', 'работа']"
0,0,0,0,0,0,1,0,1,1,1,0,0,1,0,0,1,0,1,0,1,1,"['казаться', 'савельев', 'всякий', 'ярлычок', 'тип', 'красный', 'словцо']"
1,0,0,0,1,1,1,1,1,1,1,0,1,0,0,0,1,0,1,0,1,1,"['вертеть', 'слово', 'ключ', 'голова', 'сообразить', 'смущать', 'привлечь', 'внимание', 'знак-кавычки', 'буквально']"
1,1,1,0,1,1,1,1,1,1,1,1,1,1,0,1,1,1,1,1,1,1,"['идея', 'занятие', 'немощный', 'пресытиться', 'немедленно', 'нужный', 'впечатление', 'сочный', 'красочный']"
0,0,0,1,0,0,1,0,1,1,1,0,0,0,1,0,1,0,1,0,1,1,"['десяток', 'человек', 'сотня', 'мысль', 'чувство', 'окружить', 'джейк', 'замара', 'который', 'умело']"
1,1,0,0,1,0,1,0,1,1,1,1,1,0,0,1,1,0,1,0,1,1,"['имя', 'который', 'алистер', 'протяжение', 'многий', 'год', 'сталь', 'притча', 'языцах', 'высокопоставленный', 'офицер', 'ариман', 'сет', 'гора', 'молох', 'легион', 'языческий', 'бог', 'демон', 'древность', 'прибыль', 'германия', 'лето', 'официальный', 'визит']"
0,1,0,0,0,0,0,0,0,0,0,0,1,0,0,0,0,0,1,0,0,1,"['денис', 'любой', 'спор', 'оказаться', 'правый', 'часто', 'начинать', 'факт', 'аки', 'заправский', 'циркач', 'действительно', 'трудно', 'представить', 'реальный', 'компоновка', 'фюзеляж', 'заданный', 'мидель', 'хватать', 'объем', 'процент-знак', 'случай', 'использоваться', 'малый', 'заполнение', 'поперечный', 'сечение', 'однозначно', 'определяться', 'ширина', 'высота', 'задавать', 'размещение', 'экипаж', 'больший', 'часть', 'занимать', 'пустовать', 'лучший', 'дирижабль', 'который', 'соотношение', 'сопротивление', 'особенно', 'важный', 'иметь', 'удлинение', 'поглядеть', 'мотогондола', 'габарит', 'мотор', 'увидеть', 'тип', 'самолет']"
0,0,1,1,0,0,0,0,0,0,0,0,0,0,1,0,0,0,1,0,0,1,"['буржуазия', 'заинтересовать', 'подготовка', 'слуга', 'защитник', 'интерес', 'гансберг', 'обязывать', 'слово', 'оставаться', 'представитель', 'определенный', 'класс', 'педагогический', 'построение', 'итог', 'исходить']"
0,1,1,0,0,0,0,0,0,1,1,0,1,1,1,1,0,1,1,1,0,1,"['стоять', 'отделочный', 'компания', 'угроза', 'задержка', 'программа', 'производитель', 'заставлять', 'центр', 'отделка', 'слот', 'выражение', 'президент', 'питер', 'эдвардс', 'производящий', 'эффект', 'карточный', 'домик', 'знак-кавычки', 'знак-кавычки']"
0,0,0,0,0,0,0,0,0,0,0,0,0,1,0,0,0,0,1,0,0,1,"['поступать', 'плант', 'песня', 'хотеть', 'импровизировать', 'звук', 'добиваться', 'нужный', 'эффект']"
1,1,0,1,1,1,1,1,1,1,1,1,1,1,1,1,1,1,1,1,1,1,"['разговор', 'олег', 'колесников', 'легко', 'непринужденный', 'фамилия', 'великий', 'философ', 'цифра']"
0,0,0,1,0,0,0,0,0,0,0,0,0,0,1,0,0,0,1,0,0,1,"['дело', 'формула']"
0,1,1,1,0,0,1,0,1,1,1,1,1,1,1,1,1,1,1,1,1,1,"['начинающий', 'игрок', 'рынок', 'ценный', 'бумага', 'часто', 'бывать', 'сложно', 'понять', 'идти', 'разговор', 'знать', 'понятие', 'который', 'знак-кавычки']"
0,0,0,1,0,0,0,0,0,0,0,0,1,0,1,0,0,0,1,0,0,1,"['невероятно', 'понимание', 'номинальность', 'желание', 'имя', 'обычно', 'несовместимый']"
1,1,1,0,1,1,1,1,1,1,1,1,1,0,0,1,1,1,1,1,1,1,"['уметь', 'делать', 'один', 'фокусничать', 'деньги']"
1,1,0,1,1,1,1,1,1,1,1,1,1,0,1,1,1,1,1,1,1,1,"['казаться', 'неизбитый', 'расцветка', 'мягкий', 'ткань', 'повседневность', 'делаться', 'привлекательный', 'простой', 'фасон', 'хорошо', 'принимать', 'компаньон', 'давать', 'возможность', 'дозировать', 'степень', 'острота', 'стиль', 'нюанс', 'открытость', 'манить', 'знак-кавычки']"
1,1,0,1,1,0,0,1,0,0,0,1,1,1,1,1,0,0,1,1,0,1,"['крупный', 'городской', 'торговый', 'центр', 'время', 'придтись', 'изрядно', 'потрудиться', 'ставка', 'арендный', 'плата', 'удержать', 'арендатор', 'знак-кавычки']"
0,1,0,1,0,0,1,0,1,1,1,0,1,1,1,0,1,0,1,0,1,1,"['свобода', 'отважный', 'хуглар', 'слово']"
1,0,0,1,1,1,0,1,0,0,0,1,1,0,1,1,0,1,1,1,0,1,"['забывать', 'осточертеть', 'мертвый', 'дочь', 'симидзу', 'основной', 'жанровый', 'элемент', 'западный', 'хоррор', 'традиция', 'совершенно', 'ромеровский', 'зомби', 'оживать', 'кукла', 'съемка', 'фильм', 'ужас', 'полигон', 'подозрительный', 'заимствование', 'сияние', 'знак-кавычки']"
1,1,1,1,1,1,1,1,0,1,1,1,1,1,1,1,1,1,1,1,1,1,"['сетевой', 'структура', 'реализовать', 'потенциал', 'полезность', 'лишенный', 'возможность', 'играться', 'цена', 'наценка', 'находиться', 'рамка', 'коридор', 'общий', 'рентабельность', 'отдельный', 'товар']"
0,1,0,0,0,0,0,0,0,0,0,0,0,0,0,0,0,0,1,0,0,1,"['возвратиться', 'призывной', 'система', 'сокращение', 'срок', 'служба', 'год', 'оправдать', 'надежда', 'приток', 'желающий', 'служить', 'отлавливание', 'призывник', 'дедовщина', 'кануть', 'лет', 'призыв', 'отсрочка', 'формировать', 'стойкий', 'представление', 'хаос', 'армия', 'знак-кавычки', 'знак-кавычки']"
0,0,0,1,0,0,0,0,0,0,0,0,0,0,1,0,0,0,1,0,0,1,"['главный', 'вопрос', 'айоади', 'старательный', 'визуализировать', 'тонкий', 'душевный', 'устройство', 'герой', 'всерьез', 'заботить', 'проблема', 'юный', 'хипстер', 'отпадать', 'осознавать', 'умело', 'счастье', 'отстраненно', 'растиражировать', 'образ', 'морской', 'биолог', 'девушка', 'красный', 'плащ']"
0,1,0,1,0,0,0,0,0,0,0,0,1,0,1,0,0,0,1,0,0,1,"['первый', 'бесстрастно', 'освещать', 'очередной', 'волнение', 'виртуозно', 'число', 'задействовать', 'беспорядок', 'вуз', 'студент', 'тысяча', 'миллион', 'элегантно', 'микшировать', 'высказывание', 'вильпен', 'заявление', 'представитель', 'профсоюз', 'знак-кавычки']"
0,1,0,0,0,0,0,0,0,0,0,0,0,0,0,0,0,0,1,0,0,1,"['осторожно', 'урановый', 'стрежень', 'спросить', 'самуэль', 'словно']"
0,1,0,1,0,0,0,0,0,0,0,0,0,0,1,0,0,0,1,0,0,1,"['россия', 'принятый', 'понятие', 'народ', 'делать', 'мудрый', 'разобраться', 'примета', 'правильный', 'решение', 'далее', 'знак-кавычки']"
0,0,0,0,0,0,0,0,0,0,0,0,1,0,0,0,0,0,1,0,0,1,"['даль', 'савельзона', 'карт-бланш', 'получить', 'возможность', 'цифра', 'деньги', 'стоимость']"
0,0,0,0,0,0,0,0,0,0,0,0,0,0,0,0,0,0,1,0,0,1,"['должный', 'манипулировать', 'человек', 'цифра']"
0,1,0,0,0,0,0,0,0,0,0,0,1,0,0,0,0,0,1,0,0,1,"['производитель', 'продавец', 'множество', 'уловка', 'направленный', 'сознание', 'покупатель', 'выдавать', 'дешевый', 'некачественный', 'товар', 'эликсир', 'здоровье']"
0,0,0,0,0,0,0,0,0,0,0,0,0,0,0,0,0,0,1,0,0,1,"['фикс', 'никакой', 'проблема', 'запуск', 'испытывать', 'известно', 'взломать', 'игра', 'ставить', 'лицензионный', 'патч', 'затребовать', 'активация']"
0,1,0,0,0,0,0,0,0,0,0,0,1,0,0,0,0,0,1,0,0,1,"['понять', 'процент-знак', 'избиратель', 'обычно', 'ходить', 'региональный', 'выборы', 'цифра', 'избирком', 'делать', 'вывод', 'отражать', 'реальный', 'соотношение', 'политический', 'сила']"
0,0,0,0,0,0,0,0,0,0,0,0,1,1,0,0,0,0,1,0,0,1,"['матерь', 'жена', 'бизнесвумен', 'предмет', 'следовать', 'подготовить']"
0,0,0,0,0,0,0,0,0,0,0,0,1,0,0,0,0,0,1,0,0,1,"['пытаться', 'определить', 'скрываться', 'слово', 'русскоязычный', 'израильский', 'поэтесса', 'знак-кавычки']"
0,0,0,1,0,0,0,0,0,0,0,0,0,0,1,0,0,0,1,0,0,1,"['мари', 'слово', 'прирожденный', 'литератор']"
0,0,0,0,0,0,1,0,1,1,1,0,0,0,0,0,1,0,1,0,1,1,"['слово', 'государственный', 'служба', 'обязанный', 'заниматься', 'проблема', 'мораль']"
0,1,0,0,0,0,1,0,1,1,1,0,1,0,0,0,1,0,1,0,1,1,"['планировать', 'посмотреть', 'остальной', 'европа', 'больший', 'часть', 'предстоящий', 'трип', 'связывать', 'испания', 'причина', 'стараться', 'испанский', 'словечко', 'создавать', 'атмосфера', 'песня']"
0,1,0,1,0,0,0,0,0,0,0,0,1,0,0,0,0,0,1,0,0,1,"['приходить', 'власть', 'многий', 'политика', 'начинать', 'искать', 'любой', 'возможность', 'отобрать', 'разделить', 'эксплуатировать', 'чужое', 'использовать', 'благо', 'стоять', 'кресло', 'играть', 'игра', 'праведность', 'грех', 'увольнение', 'политический', 'давление', 'аморальность', 'прямой', 'шантаж', 'становиться', 'норма', 'взятка', 'подскакивать', 'рвотный', 'рефлекс']"
0,0,0,0,0,0,0,0,0,0,0,0,0,0,0,0,0,0,1,0,0,1,"['человек', 'браться', 'понять', 'рассказать', 'выше', 'самый', 'простой', 'форма', 'вообразить', 'вольно', 'энергия', 'резонанс', 'вибрация', 'модуляция']"
0,1,0,0,0,0,0,0,0,0,0,0,1,0,0,0,0,0,1,0,0,1,"['продавец', 'сотовый', 'телефон', 'никакой', 'шанс', 'слово', 'технический', 'термин', 'отказать', 'покупатель', 'обмен', 'возврат', 'деньги']"
0,0,0,0,0,0,0,0,0,0,0,0,0,0,0,0,0,0,1,0,0,1,"['слово', 'доктор']"
0,0,0,0,0,0,0,0,0,0,0,0,0,0,0,0,1,0,1,0,0,1,"['поздно', 'наверстать', 'упустить', 'маска', 'представать', 'коварный', 'искуситель', 'несчастный', 'влюбленный']"
0,0,0,0,0,0,1,0,1,1,1,0,1,0,0,0,1,0,1,0,1,1,"['позволять', 'думать', 'человек', 'обдумывать', 'порядок', 'тщательно', 'пытаться', 'аспект', 'мышление']"
0,1,0,0,0,0,0,0,0,0,0,0,0,0,1,0,0,0,1,0,0,1,"['итог', 'выясниться', 'никакой', 'второй', 'слой', 'фильм', 'автор', 'сценарий', 'постановщик', 'один', 'лицо', 'хватать', 'ирония', 'явно', 'любоваться', 'дерзко', 'обращаться', 'жанр', 'играть', 'фактура', 'кинематографический', 'прием', 'обманывать', 'иллюзионист', 'излишне', 'доверчивый', 'зритель', 'словно']"
0,0,0,0,0,0,0,0,0,0,0,0,0,0,0,0,0,0,1,0,0,1,"['художница', 'весело', 'подначивать', 'втягивать', 'занимательный', 'игра', 'интеллектуальный', 'эмоциональный', 'одновременно', 'привычный', 'образ', 'понятие', 'фокусник', 'легко', 'менять', 'противоположный', 'показывать', 'условность', 'необязательность', 'господствовать', 'общество', 'стереотип']"
0,0,0,0,0,0,0,0,0,0,0,0,0,0,0,0,0,0,1,0,0,1,"['белый', 'володя', 'цифра']"
1,0,0,0,1,1,0,1,0,0,0,1,1,0,0,1,0,1,1,1,0,1,"['клоунада', 'работа', 'сознание', 'подсознание', 'искусство', 'эмоция', 'психоделика', 'тонкий', 'ювелирный', 'скрытый', 'образ', 'грим', 'костюм', 'клоун']"
0,0,0,1,0,0,0,0,0,0,0,0,1,0,1,0,0,0,1,0,0,1,"['подключение', 'домашний', 'кинотеатр', 'телевизор', 'научить', 'чувство', 'вызывать', 'мертвый', 'душа', 'делать', 'эйзенхайм', 'иллюзионист']"
0,0,0,0,0,0,1,0,1,1,1,0,1,0,0,0,1,0,1,0,1,1,"['язык', 'идеология', 'мертвый', 'понятие', 'утратить', 'связь', 'действительность', 'включать', 'множество', 'знак', 'проклятие', 'заклинание', 'бесспорный', 'истина', 'понятный', 'единомышленник', 'противник', 'знак-кавычки']"
0,0,0,1,0,0,0,0,0,0,0,0,1,0,1,0,0,0,1,0,0,1,"['третий', 'этап', 'пойти', 'дизайнерский', 'коктейль', 'фантазия', 'бармен', 'всевозможный', 'ликер', 'фруктовый', 'пюре', 'специя', 'овощ', 'трава', 'знак-кавычки']"
0,0,0,0,0,0,0,0,0,0,0,0,0,0,0,0,0,0,1,0,0,1,"['астрология', 'геомантика', 'гомеопатия', 'столоверчение', 'психодрама', 'гипноз', 'коуч']"
0,0,0,0,0,0,0,0,0,0,0,0,0,0,0,0,0,0,1,0,0,1,"['действительно', 'роль', 'переходить', 'сказочный', 'долго', 'ожидаться', 'фея', 'никакой', 'обман', 'курс', 'фейной', 'несомненно', 'дело', 'один', 'важнейший', 'обучение', 'коучинг', 'тренер', 'настоящий', 'мужик', 'сильный', 'бережный', 'чувствовать', 'одновременно', 'тонко', 'умно', 'последовательно', 'вести', 'забывать', 'беседа', 'шутить', 'иронизировать', 'слегка', 'взгляд', 'менять', 'казаться', 'серьезный', 'проблема', 'вместе', 'клиент', 'увлекательный', 'совместный', 'движение', 'ход', 'обычно', 'протекать', 'время', 'коуч', 'решать', 'поставить', 'вопрос', 'совершенно', 'полагать', 'справедливо', 'суть']"
0,1,0,0,0,0,0,0,0,0,0,0,1,0,0,0,0,0,1,0,0,1,"['лето', 'смело', 'цветок', 'комбинировать', 'разный', 'оттенок', 'использовать', 'неоновый', 'лак', 'перегрузить', 'блестка', 'одержимый', 'дива', 'голливуд']"
0,1,0,0,0,0,0,0,0,0,0,0,1,0,0,0,0,0,1,0,0,1,"['решение', 'кхл', 'дело', 'зиновьев', 'вице-президент', 'ак', 'барс', 'равиль', 'шавалеев', 'начало', 'регламентный', 'война', 'различный', 'пункт', 'документ', 'пытаться', 'доказать', 'контракт', 'расторгнуть', 'незаконно', 'знак-кавычки', 'знак-кавычки']"
0,0,1,1,0,0,0,0,0,0,0,0,1,0,0,0,0,0,1,0,0,1,"['миллион', 'мысль', 'перекрутиться', 'голова', 'чтение', 'сюжет', 'заставлять', 'серьезно', 'подумать', 'стиль', 'который', 'подчеркнуть', 'мастерски', 'автор', 'помогать', 'проникнуться', 'произведение', 'большой', 'буква']"
0,0,0,0,0,0,0,0,0,0,0,0,1,0,0,0,0,0,1,0,0,1,"['гузик', 'мастерски', 'фокусник', 'миллион']"
0,1,0,0,0,0,0,0,0,0,0,1,0,0,0,1,0,0,1,0,0,1,"['пытаться', 'средство', 'производство', 'приводить', 'пример', 'основной', 'игрок', 'являться', 'деньги']"
0,1,0,0,0,0,0,0,0,0,0,0,1,0,0,0,0,0,1,0,0,1,"['далекий', 'мысль', 'средство', 'производство']"
0,1,0,0,0,0,1,0,1,1,1,0,1,0,0,0,1,0,1,0,1,1,"['некоторый', 'артист', 'проявлять', 'чудо', 'эквилибристика', 'простейшее', 'клише', 'который', 'закрепить', 'фишка', 'знак-кавычки']"
0,1,0,0,0,0,0,0,0,0,0,0,1,0,0,0,0,0,1,0,0,1,"['заметить', 'время', 'измениться', 'честь', 'перестать', 'реальный', 'сила', 'слово', 'который', 'лень', 'знак-кавычки']"
1,1,0,0,1,1,0,1,0,0,0,1,1,0,0,1,0,0,1,0,0,1,"['ученый', 'выяснить', 'пара', 'криптохром', 'супероксид', 'электрон', 'ответ', 'воздействие', 'геомагнитный', 'поле', 'показать', 'работа', 'живой', 'компас', 'достаточно', 'малый', 'концентрация', 'свободный', 'радикал', 'кислород', 'клетка']"
0,0,0,0,0,0,0,0,0,0,0,0,0,0,0,0,0,0,0,0,0,1,"['сказочный', 'принц', 'притягивать', 'человек', 'предмет', 'закон', 'гравитация', 'сила', 'харизма', 'словно']"
0,0,0,0,0,0,0,0,0,0,0,0,0,0,0,0,0,0,1,0,0,1,"['продюсер', 'год', 'вынужденный', 'придумывать', 'новый', 'смысловой', 'поворот', 'рисковать', 'ракурс', 'тема', 'портновский', 'сноровка', 'перекраивать', 'формат']"
0,0,1,0,0,0,0,0,0,0,0,0,0,0,0,0,0,0,1,0,0,1,"['журналистика', 'многий', 'пишущий', 'братия', 'умение', 'ловко', 'чужой', 'мысль', 'выдавать', 'собственный']"
0,0,0,0,0,0,0,0,0,0,0,0,1,0,0,0,0,0,1,0,0,1,"['подходить', 'экспозиция', 'сосед', 'планета', 'анна', 'юрьевна', 'матецкая', 'старший', 'преподаватель', 'кафедра', 'ботаника', 'физиология', 'пи', 'юфу', 'менять', 'препарат', 'микроскоп', 'кусочек', 'орган', 'насекомое', 'моллюск', 'подобный', 'сведение', 'обогащать', 'юный', 'ум', 'знание', 'знак-кавычки']"
0,0,0,0,0,0,0,0,0,0,0,0,0,0,0,0,0,0,1,0,0,1,"['хозяйничать', 'слово', 'очередной', 'вступать', 'борьба', 'властитель', 'побеждать']"
0,1,0,0,0,0,0,0,0,0,0,0,1,0,0,0,0,0,1,0,0,1,"['понятно', 'оказать', 'самый', 'влияние', 'алкогольный', 'бренд']"
0,0,0,0,0,0,0,0,0,0,0,0,1,0,0,0,0,0,1,0,0,1,"['библейский', 'цитата', 'козлов', 'утверждать', 'семя', 'даново', 'приравниваться', 'давидов']"
0,0,0,0,0,0,0,0,0,0,0,0,1,0,0,0,0,0,1,0,0,1,"['устройство', 'тачскрин', 'процессор', 'предел', 'домашний', 'сеть', 'позволять', 'информация', 'фотография', 'документ', 'обычный', 'телефонный', 'разговорамих']"
1,0,0,0,1,0,0,0,0,0,0,0,1,0,0,0,0,0,1,0,0,1,"['некий', 'безликий', 'позволить', 'плод', 'желание', 'успех', 'перебрасывать', 'один', 'потребительский', 'корзина', 'другой', 'пробовать', 'тестировать', 'новый', 'образ']"
0,1,0,0,0,0,0,0,0,0,0,0,0,0,1,0,0,0,1,0,0,1,"['самолюбование', 'изящно', 'метафора', 'мэтр', 'изложить', 'взгляд', 'образ', 'жизнь', 'человек', 'который', 'составлять', 'называть', 'элита', 'российский', 'общество']"
1,1,0,0,1,0,1,0,1,1,1,1,1,0,0,1,1,1,1,1,1,1,"['неполнота', 'нечеткость', 'посылка', 'некий', 'достаточно', 'первый', 'взгляд', 'невинный', 'искажение', 'смысл', 'позволять', 'вполне', 'свободно', 'ограниченный', 'набор', 'тезис', 'конструировать', 'любой', 'необходимый', 'автор', 'вывод', 'знак-кавычки']"
0,0,0,1,0,0,0,0,0,0,0,0,0,0,1,0,0,0,1,0,0,1,"['ленни', 'виртуозный', 'импровизатор', 'уметь', 'мастерски', 'словом', 'нередко', 'пользоваться', 'дубина']"
0,0,0,1,0,0,0,0,0,0,0,0,0,0,1,0,0,0,1,0,0,1,"['год', 'супруга', 'емельянов', 'развращать', 'неокрепший', 'православный', 'душа', 'создавать', 'сектантский', 'группировка', 'пропагандировать', 'лжекульт', 'лжедуховность', 'вместе', 'просветительский', 'центр', 'благовещение', 'сеять', 'смута', 'епархия', 'ложный', 'архипастырский', 'благословение', 'бывать', 'священник', 'геннадий', 'продолжать', 'служить', 'выступать', 'радио', 'знак-кавычки', 'знак-кавычки']"
0,0,0,0,0,0,0,0,0,0,0,0,0,0,0,0,0,0,1,0,0,1,"['тема', 'бесконечно', 'рассуждать', 'словеса', 'осознать', 'переходить', 'действие', 'возвращаться']"
0,0,1,0,0,0,0,0,0,0,0,0,1,1,0,0,0,0,1,0,0,1,"['джем', 'престиж', 'ночь', 'герой', 'первый', 'день', 'фестиваль', 'трубач', 'жан', 'лу', 'лоньон', 'лихо', 'стиль', 'импровизировать', 'манера', 'гиллеспать', 'армстронг', 'знак-кавычки']"
0,0,0,0,0,0,0,0,0,0,0,0,1,0,0,0,0,0,1,0,0,1,"['поверхность', 'замечательно', 'словоохотливый', 'сыпать', 'бесконечный', 'афоризм', 'собственный', 'производство', 'искренне', 'невежественный', 'многий', 'вопрос', 'признавать', 'природа', 'любознательный', 'тащить', 'знание', 'область', 'наука', 'пора', 'заслушаться', 'неизменно', 'примешивать', 'непосредственность', 'опыт', 'путь', 'долгий', 'неприкаянный', 'бродяжничество', 'хватка', 'ум', 'который', 'достаться', 'родственник', 'неуемный', 'жизнь', 'вечно', 'искать', 'великий', 'истина', 'находить', 'знать', 'делать', 'ворота', 'далее', 'внести', 'требовать', 'величайший', 'доработка', 'отшлифовка', 'мастер', 'каждый', 'некий', 'борец', 'самоучка', 'сознание', 'понимание', 'смысл', 'поиск', 'трагедия', 'тараданов']"
0,0,0,0,0,0,0,0,0,0,0,0,0,0,0,0,0,0,1,0,0,1,"['отрезать', 'кусочек', 'мясо', 'перекладывать', 'вилка', 'правый', 'рука', 'нож', 'левый', 'съедать', 'горошек', 'обратно', 'прибор', 'достаточно', 'утомительно']"
0,0,0,0,0,0,0,0,0,0,0,0,0,0,0,0,0,0,1,0,0,1,"['восторгаться', 'легкость', 'который', 'играть', 'улавливать', 'новый', 'идея', 'привычный', 'колыбель', 'чувствовать', 'неловкий', 'туповатый', 'мучительно', 'взбираться', 'крутой', 'путь', 'глупый', 'бык', 'стоящий', 'аморфный', 'гора', 'вещь', 'изучить', 'убежденный', 'сущность', 'неспособный', 'понять', 'проследить', 'конец', 'подобно']"
0,0,0,1,0,0,1,0,1,1,1,0,0,0,1,0,1,0,0,0,1,1,"['ока', 'слово']"
0,0,0,0,0,0,0,0,0,0,0,0,0,0,0,0,0,0,0,0,0,1,"['проблема', 'мракобес', 'лихо', 'буддистский', 'понятие', 'антимракобесный', 'выступление', 'легко', 'воспринять', 'антибуддистский']"
0,0,0,1,0,0,1,0,1,0,0,0,0,0,1,0,1,0,1,0,1,1,"['минаев', 'мастерски', 'раскладывать', 'контингент', 'вид', 'подвид', 'демонстрировать', 'представительница', 'блестящий', 'безумно', 'жестокий', 'мир', 'провинциальный', 'студентка', 'готовый', 'любой', 'способ', 'поза', 'покорить', 'столица', 'тюнинговать', 'телочка', 'неопределенный', 'возраст', 'научиться', 'олигарх', 'интерес', 'знак-кавычки', 'знак-кавычки']"
0,0,0,0,0,0,0,0,0,0,0,0,0,0,0,0,0,0,0,0,0,1,"['антисоветский', 'пропаганда', 'за', 'рубежом', 'некоторый', 'российский', 'средство', 'массовый', 'информация', 'проводить', 'идеологический', 'обработка', 'население', 'кощунственный', 'цифра', 'потеря', 'великий', 'отечественный', 'война']"
0,0,0,0,0,0,0,0,0,0,0,0,0,0,0,0,0,0,1,0,0,1,"['легко', 'хороший', 'случай', 'переменять', 'суть', 'событие']"
0,0,0,0,0,0,0,0,0,0,0,0,1,0,0,0,0,0,0,0,0,1,"['художник', 'образ', 'играть', 'бегемот', 'каба', 'по-японски', 'оберточный', 'бумага', 'созвучный', 'слово', 'англ', 'цветочный', 'горшок', 'коза', 'который', 'излишек', 'вода', 'сливаться', 'вымя', 'вызывать', 'улыбка', 'большинство', 'зритель', 'знак-кавычки', 'знак-кавычки']"
1,0,0,0,1,1,1,1,1,1,1,1,0,0,1,1,1,1,0,1,1,1,"['словом', 'интеллектуализация', 'вычеркивать', 'иметь', 'отношение', 'эмоциональный', 'сфера', 'культура', 'знак-кавычки', 'словно']"
0,0,0,0,0,0,0,0,0,0,0,0,0,0,0,0,0,0,0,0,0,1,"['вячеслав', 'николаевич', 'продолжать', 'имя', 'покровитель', 'особый', 'место', 'занимать', 'глава', 'район', 'заместитель', 'безопасность', 'постиг']"
0,0,0,0,0,0,0,0,0,0,0,0,0,0,0,0,0,0,0,0,0,1,"['другой', 'газета', 'писать', 'должный', 'следить', 'чешский', 'пытаться', 'прокрасться', 'настроение', 'народ', 'цензура', 'слово', 'знак-кавычки']"
0,0,0,1,0,0,0,0,0,0,0,0,0,0,1,0,0,0,0,0,0,1,"['возможность', 'лаборатория', 'тесла', 'ужас', 'вспоминать', 'изобретатель', 'воздух', 'светящийся', 'сгусток', 'энергия', 'шаровой', 'молния', 'складывать', 'чемодан']"
0,0,0,0,0,0,0,0,0,0,0,0,0,0,0,0,0,0,0,0,0,1,"['год', 'запатентовать', 'кирлиан', 'эффект', 'удивительный', 'свечение', 'аура', 'предмет', 'который', 'тесло', 'демонстрировать', 'конец', 'век', 'истечение', 'шаровой', 'молния', 'попытаться', 'создать', 'лауреат', 'нобелевский', 'премия', 'п.', 'л.', 'капица', 'экспериментальный', 'установка', 'создание', 'м.', 'шахпаронов', 'получить', 'побочный', 'продукт', 'магнитный', 'графит', 'уникальный', 'свойство', 'знак-кавычки', 'знак-кавычки']"
0,0,0,0,0,0,0,0,0,0,0,0,0,0,0,0,0,0,0,0,0,1,"['многий', 'факт', 'изложить', 'видео', 'поспорить', 'любить', 'журналюга']"
1,0,0,0,1,1,1,1,1,1,1,1,0,0,0,1,1,1,0,1,1,1,"['солнце', 'активный', 'область', 'хотеть', 'привлечь', 'внимание', 'мировой', 'сообщество', 'предупредить', 'знак-кавычки']"
1,1,0,0,1,1,1,1,1,1,1,1,1,0,0,1,1,1,0,1,1,1,"['неструктурированность', 'ощущение', 'шарик', 'тарантайка', 'который', 'ехать', 'плохой', 'дорога']"
1,1,0,0,1,1,1,1,1,1,1,1,1,0,0,1,1,1,0,1,1,1,"['год', 'пропасть', 'враг', 'завистник', 'бунтовщик', 'доносчик', 'держать', 'рука', 'гетманский', 'булава']"
1,0,1,1,1,1,1,1,1,1,1,1,0,1,1,1,1,1,0,1,1,1,"['называть', 'улучшить', 'версия', 'механизм', 'суперскалярный', 'внеочередной', 'выполнение', 'инструкция', 'процессор', 'нарушать', 'естественный', 'последовательность', 'цель', 'плотный', 'загрузка', 'исполнительный', 'модуль', 'пункт', 'относиться', 'издержки', 'применение', 'длинный', 'конвейер', 'призванный', 'минимизировать', 'связать', 'увеличение', 'задержка']"
1,1,0,0,1,1,1,1,1,1,1,1,1,1,0,1,1,1,0,1,1,1,"['любопытно', 'импровизировать', 'дом', 'пушкин', 'мицкевич', 'который', 'русский', 'национальный', 'гений', 'величать', 'туз', 'присутствие', 'отводить', 'скромный', 'место', 'двойка', 'рассказ', 'вяземский', 'вулканический', 'образ', 'гениальный', 'поляк', 'сравнивать', 'мысль', 'чувство', 'пылать', 'лава', 'кипеть', 'земля', 'иметь', 'вулкан', 'извержение', 'знак-кавычки', 'знак-кавычки', 'знак-кавычки', 'знак-кавычки']"
1,1,1,1,1,1,1,1,1,1,1,1,1,1,1,1,1,1,0,1,1,1,"['музыкант', 'упоенно', 'стиль', 'терять', 'собственный', 'лицо']"
0,1,1,1,0,1,1,1,1,1,1,1,0,1,1,1,1,1,0,1,1,1,"['призывать', 'термин']"
1,1,1,0,1,1,1,1,1,1,1,1,0,1,0,1,1,1,0,1,1,1,"['просто', 'словеса', 'закапывание', 'окапывание', 'переписывать', 'общеизвестный', 'факт', 'написать', 'считать', 'знак-кавычки', 'знак-кавычки', 'знак-кавычки']"
1,0,1,1,1,1,1,1,1,1,1,1,0,1,1,1,1,1,0,1,1,1,"['головоломка', 'желать', 'цифра', 'заправский', 'фокусник']"
1,0,1,1,1,1,1,1,1,1,1,1,0,1,1,1,1,1,0,1,1,1,"['мысль', 'паранормальность', 'происшедшее', 'показаться', 'интерсена', 'играть', 'лингвистический', 'магия', 'начало', 'корень', 'пара', 'план', 'докс', 'гнедой', 'запрячь', 'заря', 'капсула', 'тарандафил', 'великий', 'новгород']"
1,1,1,1,1,1,1,1,1,1,1,1,0,1,1,1,1,1,0,1,1,1,"['хотеть', 'обидеть', 'идеал', 'делать', 'заявление', 'вдумываться', 'цифра']"
1,0,1,1,1,1,1,1,1,1,1,1,0,1,1,1,1,1,0,1,1,1,"['смотря', 'особенно', 'привлекательный', 'внешность', 'проблема', 'поиск', 'готовый', 'партнерша', 'подлинный', 'виртуоз', 'любовница', 'путь', 'пересекаться']"
1,0,0,1,1,1,1,1,1,1,1,1,1,1,1,1,1,1,0,1,1,1,"['соответственно', 'например', 'действовать', 'масштабный', 'скупить', 'средство', 'виртуальный', 'акция', 'один', 'звезда', 'команда', 'ждать', 'рост', 'верить', 'успех', 'покупать', 'продавать', 'звездный', 'эмитент', 'одновременно', 'ориентироваться', 'ежедневный', 'изменение', 'стоимость', 'зависимость', 'фактор', 'описать', 'ниже']"
0,1,0,0,0,0,0,0,0,0,0,0,0,1,1,0,0,0,0,0,0,1,"['бялый', 'цитата', 'подгонять', 'концепция', 'реконструировать', 'авторский', 'замысел', 'сжатый', 'сконцентрировать', 'вид', 'научный', 'текст']"
1,0,0,1,1,1,1,1,1,1,1,1,0,0,1,1,1,1,1,1,1,1,"['отснять', 'материал', 'цирк', 'определенный', 'момент', 'начало', 'напрягать']"
1,0,0,1,1,1,1,1,1,1,1,1,0,1,1,1,1,1,0,1,1,1,"['проблема', 'отсутствие', 'средство', 'медучреждение', 'очевидный', 'чиновник', 'профильный', 'министерство', 'нередко', 'цифра', 'подменивать', 'объем', 'финансирование', 'больница', 'сумма', 'который', 'ежегодно', 'тратить', 'украинец', 'услуга', 'врач']"
1,0,0,1,1,1,1,1,1,1,1,1,1,1,1,1,1,1,0,1,1,1,"['категория', 'современный', 'реклама', 'знак-кавычки']"
1,0,1,1,1,1,1,1,1,1,1,1,1,1,1,1,1,1,0,1,1,1,"['адрес', 'единственный', 'назначение', 'указатель', 'принимать', 'значение', 'создать', 'объект', 'последующий', 'обращение', 'объявлять', 'создавать', 'никакой', 'новый', 'оператор']"
1,1,1,1,1,1,1,1,1,1,1,1,1,1,1,1,1,1,0,1,1,1,"['поэт', 'научить', 'слово']"
0,1,1,1,1,1,1,1,1,1,1,1,1,1,1,1,1,1,0,1,1,1,"['музыкальный', 'стиль', 'музыкант', 'передать', 'осенний', 'настроение', 'один', 'лучший', 'стихотворение', 'поэт', 'символист', 'поле', 'верлен']"
1,0,1,1,1,1,1,1,1,1,1,1,0,1,1,1,1,1,1,1,1,1,"['цена', 'откатиться', 'робот', 'начинать', 'лот', 'пора', 'выйти', 'прибыль', 'знак-кавычки']"
0,0,1,1,0,0,1,0,1,1,1,0,0,1,1,0,1,0,1,0,1,1,"['мастерски', 'фактура', 'шелк', 'сочетать', 'шерсть', 'кружево', 'кожа']"
0,1,1,0,0,0,0,0,0,0,0,0,0,1,0,0,0,0,0,0,0,1,"['щекочихин', 'по-прежнему', 'опасный', 'имя', 'смерть', 'политический', 'интрига']"
1,0,1,1,1,1,0,1,0,0,0,1,0,1,1,1,0,1,0,1,0,1,"['беспочвенный', 'вопрос', 'любой', 'человек', 'отбить', 'охота', 'отвечать', 'первый', 'знать', 'делать', 'ответ', 'второй', 'хороший', 'пример', 'научиться', 'плохой', 'последствие', 'дурной', 'поступок', 'помогать', 'понять', 'насколько', 'плохо', 'поступать', 'плохо', 'короче', 'говорить', 'умный', 'учиться', 'чужой', 'ошибка', 'дурень', 'обычный', 'церковник', 'понятие', 'дама']"
1,1,1,0,1,1,1,1,0,1,1,1,1,1,0,1,1,1,0,1,1,1,"['уметь', 'крошечный', 'казаться', 'неуловимый', 'глаз', 'деталь']"
0,1,0,1,0,0,0,0,0,0,0,0,0,0,1,0,0,0,0,0,0,1,"['сожаление', 'недостаток', 'моральный', 'потенциал', 'позволять', 'прикрываться', 'цитата', 'применять', 'мимикрия', 'бесчестный', 'проталкивание', 'всякий', 'вздор', 'заимствовать', 'новый', 'система', 'системок', 'знак-кавычки']"
1,0,1,1,1,1,1,1,1,1,1,1,0,1,1,1,1,1,0,1,1,1,"['автор', 'хватить', 'сила', 'конец', 'история']"
1,1,0,0,1,1,0,1,1,1,1,1,1,1,1,1,1,1,0,1,1,1,"['парень', 'легко', 'сбой', 'слово', 'интервью', 'журналист']"
0,1,1,1,0,0,0,0,0,0,0,0,1,1,1,0,0,0,0,0,0,1,"['признак', 'выдающийся', 'ученость', 'считаться', 'умение', 'ловко', 'слово']"
0,0,1,1,0,0,0,0,0,0,0,0,1,0,0,0,0,0,0,0,0,1,"['аналогичный', 'ситуация', 'оказаться', 'высококвалифицированный', 'эксперт', 'обслуживающий', 'богатый', 'корпоративный', 'клиент', 'миллион', 'марка', 'электронный', 'пространство', 'мировой', 'финансовый', 'рынок']"
0,0,1,0,0,0,0,0,0,0,0,0,0,1,0,0,0,0,0,0,0,1,"['глупо', 'устраивать', 'один', 'углубленный', 'исследование', 'название', 'термин', 'пытаться', 'сравнивать', 'различный', 'стиль', 'боевой', 'искусство', 'объявлять', 'лучший', 'худший', 'знак-кавычки']"
0,0,0,1,0,0,0,0,0,0,0,0,0,1,1,0,0,0,0,0,0,1,"['наконец', 'конфликт', 'москва', 'подорвать', 'доверие', 'международный', 'сообщество']"
0,1,1,1,0,0,0,0,0,0,0,0,0,0,1,0,0,0,0,0,0,1,"['тюремщик', 'играть', 'связка', 'ключ', 'камера']"
0,0,1,0,0,0,0,0,0,0,0,0,0,1,0,0,0,0,1,0,0,1,"['использовать', 'специфический', 'терминология', 'знаменитый', 'способность', 'смысл', 'значение']"
1,0,0,0,1,1,0,1,0,0,0,1,0,0,0,1,0,1,0,1,0,1,"['получить', 'сверхспособность', 'трендовый', 'черный', 'прикид', 'становиться', 'самый', 'настоящий', 'плейбой', 'стиль', 'эмо', 'шутить', 'кадрит', 'кувыркаться', 'слово', 'вызывать', 'максимум', 'симпатия']"
1,1,1,0,1,1,0,1,0,0,0,0,1,0,0,0,0,0,1,0,0,1,"['дальнейший', 'выясниться', 'придумать', 'образ', 'цифра', 'зарплата']"
1,1,1,0,1,1,0,1,0,0,0,0,1,0,0,0,0,0,0,0,0,1,"['наиболее', 'свежий', 'нововведение', 'возможность', 'время', 'заглядывать', 'секунда', 'будущее']"
1,0,1,1,1,1,0,1,0,0,0,1,0,1,1,1,0,1,0,1,0,1,"['весы', 'близнец', 'полярность', 'противоречие', 'одновременно', 'соединять', 'противоположный', 'мысль', 'двойственный', 'знак-кавычки']"
0,0,0,0,0,0,0,0,0,0,0,0,0,0,0,0,0,0,0,0,0,1,"['право', 'лево', 'хорошо', 'эммануэль', 'ловко', 'русский', 'слово']"
1,0,1,0,1,1,0,1,0,0,0,0,0,0,0,0,0,0,0,0,0,1,"['идея', 'который', 'словесный', 'нечто', 'прожевать', 'проглотить']"
0,1,1,1,0,0,0,0,0,0,0,0,1,1,1,0,0,0,0,0,0,1,"['отвлеченный', 'отвлекать', 'термин', 'реформа', 'реформатор', 'предприниматель', 'честный', 'бизнесмен', 'знак-кавычки', 'знак-кавычки', 'знак-кавычки', 'знак-кавычки']"
1,0,1,1,1,1,1,1,1,0,0,1,1,1,1,1,1,1,0,1,1,1,"['другой', 'мешать', 'самый', 'одиозный', 'нувориш', 'ловко', 'прикрываться', 'имя', 'говорить', 'патриотический', 'риторика', 'аки', 'волк', 'овечий', 'шкура', 'дурачить', 'веровать', 'путин', 'обыватель', 'знак-кавычки', 'знак-кавычки']"
0,0,0,0,0,0,0,0,0,0,0,0,1,0,0,0,0,0,0,0,0,1,"['конкретный', 'ситуация', 'столетие', 'противостояние', 'продолжать', 'слово', 'плохой', 'нация', 'сеять', 'вражда', 'человеколюбие', 'братство', 'вековой', 'дружба', 'мир', 'провокация', 'многий', 'другой', 'словесный', 'туфтагонство', 'неуместно']"
0,0,0,0,0,0,0,0,0,0,0,0,0,0,0,0,0,0,0,0,0,1,"['разносчик', 'сновать', 'толпа', 'ловко', 'поднос', 'полный', 'сладость', 'небольшой', 'бокал', 'вино']"
0,0,1,0,0,0,1,0,1,1,1,0,1,0,0,0,1,0,0,0,1,1,"['счастье', 'мир', 'планшет', 'актуальный', 'митоз', 'произвольно', 'менять', 'конфигурация', 'суффикс', 'название', 'получить', 'выход', 'десяток', 'неотличимый', 'аппарат', 'сносно', 'понять', 'лежать', 'коробка', 'знак-кавычки']"
0,0,0,1,0,0,0,0,0,0,0,0,0,0,1,0,0,0,0,0,0,1,"['словеса', 'свобода', 'мир', 'государство', 'рушить', 'кровь', 'ручей', 'пускать', 'знак-кавычки', 'знак-кавычки']"
1,1,0,0,1,1,1,1,1,1,1,1,1,0,0,1,1,1,0,1,1,1,"['манипулировать', 'эмоция', 'чувство', 'порождать', 'воевать']"
1,0,1,1,1,1,0,1,0,0,0,1,0,1,1,1,0,1,0,1,0,1,"['попробовать', 'симка', 'неделя', 'понять', 'насколько', 'неудачный', 'идея']"
1,1,0,0,1,1,0,1,0,0,0,1,1,1,0,1,0,1,0,1,0,1,"['увидеть', 'ниже', 'никита', 'муравей', 'необходимость', 'готовый', 'аргумент', 'политический', 'богословие']"
1,1,1,1,1,1,1,1,1,1,1,1,1,1,0,1,1,1,0,1,1,1,['интеграл']
1,1,1,0,1,1,1,1,1,1,1,1,1,0,0,1,1,1,0,1,1,1,"['время', 'режиссер', 'продолжать', 'экспериментировать', 'зритель', 'эмоция', 'суждение', 'аттитюд', 'персонаж']"
1,0,1,1,1,1,1,1,1,1,1,1,0,1,1,1,1,1,0,1,1,1,"['фокусник', 'одновременно', 'шара', 'наличие']"
1,1,1,1,1,1,1,1,1,1,1,1,1,1,1,1,1,1,0,1,1,1,"['иоанн', 'восторгов', 'академический', 'богословие', 'который', 'виртуозно', 'цитата', 'зачастую', 'стремиться', 'оправдать', 'реалия', 'мир', 'знак-кавычки']"
1,1,1,1,1,1,1,1,1,1,1,1,1,1,1,1,1,1,0,1,1,1,"['валентино', 'сердце', 'судьба']"
1,1,1,0,1,1,1,1,1,1,1,1,1,1,0,1,1,1,0,1,1,1,"['посему', 'преподаватель', 'автошкола', 'министерский', 'стандарт', 'степень', 'богобоязненность']"
1,0,1,0,1,1,0,1,0,0,0,1,0,1,0,1,0,1,0,1,0,1,"['эстетика', 'должный', 'оказаться', 'власть', 'очарование', 'предмет', 'фокусничать', 'понятие', 'добиваться', 'исчезновение', 'словно']"
1,1,1,1,1,1,1,1,1,1,1,1,1,1,1,1,1,1,0,1,1,1,"['повсеместно', 'признать', 'первенство', 'эксперимент', 'складываться', 'парадоксальный', 'ситуация', 'васька', 'слушать', 'есть', 'значение', 'стать', 'модный', 'хороший', 'тон', 'опираться', 'рассуждение', 'различный', 'малопроверенный', 'гипотеза', 'признавать', 'окончательный', 'решение', 'знак-кавычки']"
1,1,1,1,1,1,1,1,1,1,1,1,1,1,1,1,1,1,0,1,1,1,"['посмотреть', 'цифра', 'унижать', 'русский']"
1,1,1,0,1,1,0,1,0,0,0,1,1,1,0,1,0,1,0,1,0,1,"['улыбчивый', 'фортуна', 'сопутствовать', 'любимица', 'прокладывать', 'путь', 'пожелать', 'наташа', 'легкий', 'уверенный', 'поступь', 'шагать', 'жизнь', 'бодро', 'интимный', 'прегрешение', 'жених', 'перехват', 'наоборот', 'говорить', 'медленно', 'равнодушно', 'делать', 'одолжение', 'поддержание', 'упрек', 'звучать', 'вяло', 'безжизненный', 'палец', 'крепко', 'сжимать', 'кисть', 'маша', 'смс', 'безмолвствовать', 'как будто']"
1,0,1,1,1,1,1,1,1,1,1,1,0,1,1,1,1,1,0,1,1,1,"['огюстен', 'время', 'продолжать', 'бывать', 'слово', 'упражняться', 'софистика', 'доказывать', 'герой', 'вина']"
1,1,1,1,1,1,1,1,1,1,1,1,0,1,1,1,1,1,0,1,1,1,"['кантовский', 'напряженный', 'ожидание', 'серьезный', 'разговор', 'задать', 'начало', 'анекдот', 'тема', 'слушатель', 'находиться', 'юмористический', 'настрой', 'знать', 'получиться', 'предвкушение', 'толчок', 'который', 'обратить', 'ничто', 'остаться', 'слово', 'кант', 'представление', 'рассудок', 'мыслиться', 'знак-кавычки', 'знак-кавычки', 'знак-кавычки']"
1,1,1,1,1,1,1,1,1,1,1,1,0,1,1,1,1,1,0,1,1,1,"['пакет', 'келли', 'выйти', 'магазин', 'налететь', 'мужчина', 'уронить', 'один', 'нагнуться', 'незнакомец', 'опередить']"
1,1,1,1,1,1,1,1,1,1,1,1,0,1,1,1,1,1,1,1,1,1,"['несгибаемый', 'уверовать', 'любой', 'бессмысленный', 'утверждение', 'легкость', 'парировать', 'наскок', 'противник', 'цитата', 'маркс', 'виртуозно', 'языковед', 'советский', 'марра', 'неприлично', 'беззастенчиво', 'утверждать', 'общественный', 'значимость', 'изыскание', 'важный', 'научный', 'содержание']"
0,0,1,1,0,1,0,0,0,0,0,1,0,1,1,1,0,1,0,0,0,1,"['научный', 'термин', 'биографический', 'факт', 'курехин', 'уверенно', 'доказывать', 'телеэкран', 'ленин', 'самый', 'дело', 'гриб']"
1,0,1,1,1,1,1,1,0,1,1,1,1,1,1,1,1,1,0,1,1,1,"['высокий', 'цель', 'оправдываться', 'средство', 'честный', 'термин', 'путь', 'познание', 'разрушение']"
1,1,0,0,1,1,1,1,0,1,1,1,1,0,0,1,1,1,0,1,1,1,"['пользоваться', 'прямо', 'присоединиться', 'телефонный', 'конференция', 'процесс', 'придтись', 'телефон', 'блокнот']"
1,1,1,1,1,1,1,1,1,1,1,1,0,1,1,1,1,1,1,1,1,1,"['директория', 'пистолет', 'торопливо', 'просмотреть', 'файл']"
1,1,1,1,1,1,1,1,1,1,1,1,0,1,1,1,1,1,1,1,1,1,"['факт', 'сделать', 'хороший', 'качественный', 'машина', 'человек', 'покупать']"
1,1,1,1,1,1,1,1,1,1,1,1,1,1,1,1,1,1,0,1,1,1,"['девальвация', 'начать', 'словечко', 'эффективность', 'конкуренция', 'знак-кавычки']"
1,0,1,0,0,1,0,1,0,0,0,0,0,1,0,0,0,0,0,0,0,1,"['аллюзия', 'пятикнижие', 'античный', 'трагедия', 'средневековый', 'хроника', 'хасидский', 'притча', 'возводить', 'интертекстуальность', 'закон', 'жанр']"
1,1,1,0,1,1,1,1,1,1,1,1,0,1,0,1,1,1,1,1,1,1,"['идти', 'миф', 'факт']"
1,0,0,1,1,1,1,1,1,1,1,1,0,1,1,1,1,1,1,1,1,1,"['резко', 'расходиться', 'официальный', 'доктрина', 'позволять', 'номенклатурный', 'прохвост', 'год', 'понятие', 'гегемон', 'диктатура', 'пролетариат', 'пр', 'знак-кавычки', 'знак-кавычки']"
0,1,1,0,0,0,0,0,0,0,0,0,0,0,0,0,0,0,0,0,0,1,"['сегодня', 'нетаниягу', 'миллиард', 'сумма', 'который', 'предоставить', 'распоряжение', 'нди', 'выделить', 'строительство', 'жилье', 'новый', 'репатриант']"
0,1,1,1,0,0,0,0,0,0,0,1,1,1,1,1,0,1,0,1,0,1,"['мужчина', 'способный', 'разговор', 'тема', 'одновременно']"
1,1,1,1,1,1,1,1,1,1,1,1,0,1,1,1,1,1,0,1,1,1,"['штаб', 'кузня', 'набор', 'заверение', 'клуб', 'непременно', 'вернуть', 'утерять', 'позиция', 'дая', 'знак-кавычки']"
1,0,1,1,1,1,1,1,1,1,1,1,0,1,1,1,1,1,1,1,1,1,"['доставить', 'удовольствие', 'слово', 'перебрасываться', 'мячик']"
0,0,1,1,0,1,0,0,0,0,0,0,0,1,1,0,0,0,0,0,0,1,"['значить', 'продукт', 'стать', 'плохо', 'уровень', 'работа', 'по-прежнему', 'недосягаемый', 'превосходный', 'старина', 'эм', 'легкость', 'слово', 'напрягать', 'один', 'лицевой', 'мышца', 'резко', 'переходить', 'агрессивный', 'нападение', 'конкурент', 'добивать', 'запоминаться', 'припев', 'трек', 'сталь', 'сурово']"
1,1,1,1,1,1,1,1,1,1,1,1,1,1,1,1,1,1,0,1,1,1,"['запретный', 'искусство', 'стерильно', 'первый', 'взгляд', 'иронично', 'чересчур', 'продажный', 'смысл', 'продаваться', 'паттерн', 'современность', 'потреба', 'удовлетворение', 'значит']"
0,0,1,1,0,1,1,1,1,1,1,1,0,1,1,1,1,1,0,1,1,1,"['устояться', 'клише', 'понятный', 'аудитория', 'штамп', 'строить', 'двумерный', 'блеклый', 'аппликация', 'реальный', 'событие']"
1,0,0,0,1,1,1,1,1,1,1,1,0,0,0,1,1,1,0,1,1,1,"['оторваться', 'наконец', 'жена', 'красотка', 'народ', 'вытягивать', 'рука', 'толпа', 'несказанный', 'веселить', 'разгорячить', 'публика', 'буквально']"
0,0,1,0,0,0,0,0,0,0,0,0,0,0,0,0,0,0,0,0,0,1,"['умение', 'слово', 'манипулировать', 'человек', 'знать', 'равный']"
0,1,0,0,0,0,0,0,0,0,0,0,0,0,0,0,0,0,0,0,0,1,"['плотина', 'прорвать', 'математик', 'впасть', 'крайность', 'свободно', 'нуль', 'бесконечность', 'сходиться', 'несходящийся', 'ряд']"
0,0,0,0,0,0,0,0,0,0,0,0,0,1,1,0,0,0,0,0,0,1,"['шестидиапазонный', 'автомат', 'передача', 'деликатно', 'расторопный']"
1,1,0,0,1,1,1,1,1,1,1,1,1,0,0,1,1,1,0,1,1,1,"['перемешать', 'жизнь', 'смерть', 'иметь', 'значение', 'шар', 'цирк']"
0,0,0,0,0,0,0,0,0,0,0,0,1,0,0,0,0,0,0,0,0,1,"['допустимый', 'гроссман', 'дочь', 'писатель', 'соглашаться', 'скрывать', 'читатель', 'неудобный', 'свидетельство', 'источник']"
0,0,0,0,0,0,0,0,0,0,0,0,0,0,0,0,0,0,0,0,0,1,"['ожидание', 'новый', 'картина', 'джеймс', 'кэмерон', 'момент', 'превратиться', 'подобие', 'приятный', 'спортивный', 'дисциплина', 'хотеться', 'ждать', 'строить', 'догадка', 'бесконечность', 'спорить', 'показать', 'деталь', 'мелочь', 'немногочисленный', 'важный', 'вдруг', 'ничто', 'знак-кавычки', 'знак-кавычки', 'знак-кавычки', 'знак-кавычки']"
0,0,0,0,0,0,0,0,0,0,0,0,1,0,0,0,0,0,0,0,0,0,"['пластинка', 'сплошной', 'хлипкий', 'безжизненный', 'звук', 'трям', 'гитара', 'собираться', 'кегли', 'проигрыватель', 'отвлечь', 'внимание', 'гость']"
0,0,0,0,0,0,0,0,0,0,0,0,0,0,0,0,0,0,0,0,0,0,"['нерабочий', 'правый', 'нога', 'знак-кавычки']"
0,1,1,1,0,0,0,0,0,0,0,0,1,1,1,0,0,0,0,0,0,0,"['семья', 'ходить', 'выходной', 'понравиться', 'кошка', 'девушка', 'который', 'нога', 'лично', 'хотеть', 'признаться', 'шоу', 'красивый', 'необычно', 'отметить', 'гимнастка', 'качели', 'западать', 'душа']"
0,1,1,1,0,0,0,0,0,0,0,0,0,1,1,0,0,0,0,0,0,0,"['пример', 'научиться']"
0,0,0,0,0,0,0,0,0,0,0,0,1,0,0,0,0,0,0,0,0,0,"['голословный', 'сказать', 'начало', 'получаться', 'час', 'уверенно', 'день', 'фактически', 'научиться', 'выходной', 'ничто', 'покупать', 'слово', 'поначалу', 'использовать', 'картошка', 'каждый', 'дом', 'падать', 'далеко', 'катиться', 'часто', 'данный', 'статья', 'ставить', 'цель', 'написать', 'точный', 'инструкция', 'подтолкнуть', 'нужный', 'направление', 'вариант', 'масса', 'достаточно', 'просто', 'понаблюдать', 'друг', 'знакомый', 'любимый', 'герой', 'кинофильм', 'хотеть', 'знак-кавычки']"
0,0,0,1,0,0,0,0,0,0,0,0,0,0,0,0,0,0,0,0,0,0,"['пробежать', 'марафонский', 'дистанция', 'километр', 'час', 'минута', 'непрерывно', 'мяч']"
0,0,0,0,0,0,0,0,0,0,0,0,1,0,0,0,0,0,0,0,0,0,"['конец', 'год', 'хотеть', 'попробовать', 'установить', 'новый', 'рекорд', 'непрерывно', 'мяч', 'час', 'сказать', 'интервью', 'местный', 'телеканал', 'знак-кавычки']"
0,0,0,0,0,0,0,0,0,0,0,0,0,0,0,0,0,0,1,0,0,0,"['летать', 'робот', 'мяч']"
0,0,0,0,0,0,0,0,0,0,0,0,0,0,0,0,0,0,0,0,0,0,"['руслан', 'оказаться', 'парень', 'физически', 'развитый', 'начало', 'заниматься', 'подростковый', 'возраст', 'год', 'стать', 'хороший', 'акробат', 'научиться', 'преподаватель', 'хвалить', 'занятие', 'хореография']"
1,1,1,0,1,1,1,1,1,1,1,1,1,1,0,1,1,1,0,1,1,0,"['цирковой', 'клоун', 'например', 'устраивать', 'часовой', 'веселый', 'представление', 'жанр', 'который', 'специализироваться', 'играть', 'музыкальный', 'инструмент', 'дрессировщик', 'эквилибрист']"
0,1,0,0,0,0,0,0,0,0,0,0,1,0,0,0,0,0,0,0,0,0,"['любить', 'танцевать', 'лунный', 'свет', 'горящий', 'ветка', 'кирилл', 'королев']"
0,0,1,0,0,0,1,0,0,1,1,0,0,1,0,0,1,1,0,0,1,0,"['придумать', 'замысловатый', 'яркий', 'техника', 'смешивание', 'коктейль', 'флейринг', 'бармен', 'бутылка', 'бокал', 'шейкер']"
1,1,0,0,1,0,0,0,0,0,0,1,1,0,0,1,0,1,0,1,0,0,"['зритель', 'увидеть', 'самый', 'яркий', 'момент', 'известный', 'спектакль', 'упсала', 'цирк', 'город', 'чемодан', 'который', 'юный', 'циркач', 'танцевать', 'прыгать', 'делать', 'рискованный', 'акробатический', 'трюк', 'знак-кавычки']"
0,0,1,0,0,0,0,0,0,0,0,0,0,1,0,0,0,0,0,0,0,0,"['прокатиться', 'планер', 'научиться', 'поиграть', 'пейнтбол', 'бункер']"
0,1,0,0,0,0,0,0,0,0,0,0,0,0,0,0,0,0,1,0,0,0,"['удивить', 'шамиль', 'ловкость', 'эквилибрист', 'который', 'лежать', 'спина', 'нога', 'множество', 'предмет', 'держать', 'подбородок', 'шест', 'сын', 'делать', 'различный', 'фигура', 'вращать', 'тарелка', 'длинный', 'жердь']"
1,1,0,0,1,1,0,1,0,0,0,1,1,0,0,1,0,1,0,1,0,0,"['топор', 'валька', 'удалиться', 'повалить', 'лес', 'костер']"
1,0,0,1,1,1,1,1,1,1,1,1,0,0,1,1,1,1,0,1,1,0,"['девятый', 'десятка', 'способный', 'пробегать', 'помногу', 'километр', 'жара', 'градусный', 'мороз', 'шорты', 'купаться', 'полярный', 'круг', 'килограммовый', 'гиря', 'приседать', 'отжиматься', 'пол']"
0,0,1,0,0,0,0,0,0,0,0,0,0,1,1,0,0,0,0,0,0,0,"['давать', 'сначала', 'один', 'тарелка']"
1,1,0,0,1,1,1,1,1,1,1,1,1,1,0,1,1,1,1,1,1,0,"['сталь', 'тазик', 'нечаянно', 'попадать', 'окно']"
1,0,1,0,1,1,1,1,1,1,1,1,0,0,0,1,1,1,0,1,1,0,"['сторонка', 'бутылка', 'внимательно', 'проверять', 'забыть', 'приготовление', 'фирменный', 'коктейль']"
1,1,1,0,1,1,1,1,1,1,1,1,1,1,1,1,1,1,0,1,1,0,"['сначала', 'ловко', 'бутылка', 'постепенно', 'перейти']"
1,1,0,0,1,1,1,1,1,1,1,1,1,0,0,1,1,1,0,1,1,0,"['детский', 'мюзикл', 'который', 'юный', 'актер', 'петь', 'танцевать', 'бить', 'степ', 'настоящий', 'ревю']"
1,0,0,1,1,1,1,1,1,1,1,1,0,1,1,1,1,1,1,1,1,0,"['завидеть', 'лимузин', 'казак', 'подослать', 'близко', 'явно', 'надеяться', 'щедрый', 'вознаграждение', 'исполнить', 'кавказский', 'танец', 'ловко', 'острый', 'кинжал']"
1,1,0,0,1,1,1,1,1,1,1,1,1,0,0,1,1,1,0,1,1,0,"['первый', 'хорошист', 'победитель', 'конкурс', 'оказаться', 'андрей', 'макуров', 'бармен', 'арт', 'кафе', 'профессиональный', 'жизнь', 'перебить', 'один', 'ямщик', 'посуда', 'учиться', 'бутылка', 'приложить', 'рука', 'стакан', 'практически', 'каждый', 'уважать', 'потребитель', 'алкоголь', 'город', 'знак-кавычки', 'знак-кавычки']"
1,1,0,0,1,1,1,1,1,1,1,1,1,0,0,1,1,1,1,1,1,0,"['ученик', 'играть', 'флейта', 'петь', 'уметь', 'вязать', 'шить']"
1,1,1,1,1,1,1,1,1,1,1,1,0,1,1,1,1,1,1,1,1,0,"['первый', 'сделать', 'защитник', 'начало', 'мяч', 'выполнить', 'просьба', 'подбадривать', 'зритель']"
1,1,1,0,1,1,1,1,1,1,1,0,1,0,0,0,1,0,1,0,1,0,"['уметь', 'ребенок', 'садик', 'безумно', 'нравиться']"
1,1,1,1,1,1,1,1,1,1,1,1,1,0,1,1,1,1,1,1,1,0,"['цирковой', 'искусство', 'самоконтроль', 'ничто', 'выйти', 'уравновешенность', 'пройти', 'канат', 'предмет']"
1,1,1,1,1,1,1,1,1,1,1,1,1,1,1,1,1,1,1,1,1,0,"['острие', 'нож', 'удерживать', 'бокал', 'выставить', 'друг', 'ряд', 'бутылка', 'стоять', 'шарик', 'положенный']"
1,1,1,0,1,1,1,1,1,1,1,1,1,1,1,1,1,1,1,1,1,0,"['залп', 'выпить', 'чашка', 'горячий', 'чай', 'тарелка', 'рука', 'нога', 'милость', 'просить']"
1,1,1,1,1,1,1,1,1,1,1,1,1,1,1,1,1,1,1,1,1,0,"['чарли', 'ездить', 'велосипед', 'всякий', 'штука', 'строить', 'рожа', 'думать', 'леший', 'забраться', 'джунгли', 'даль', 'бананов', 'бомбежка', 'знак-кавычки']"
1,1,1,0,1,1,1,1,1,1,1,1,1,1,0,1,1,1,1,1,1,0,"['мария', 'токмачева', 'предмет']"
1,1,1,1,1,1,1,1,1,1,1,1,1,1,1,1,1,1,1,1,1,0,"['один', 'побочный', 'впечатлять', 'результат', 'привести', 'следующий', 'факт', 'первый', 'полдня', 'участник', 'тренинг', 'начать', 'мяч', 'конец', 'многий', 'овладеть', 'искусство', 'вполне', 'профессионально', 'освоить', 'различный', 'вид', 'жонглирование']"
1,0,1,0,1,1,0,1,0,0,0,1,1,1,0,1,0,1,0,1,0,0,"['уметь', 'свистеть', 'по-птичьи', 'мячик']"
1,1,1,1,1,1,1,1,1,1,1,1,1,1,1,1,1,1,1,1,1,0,"['выжидающе', 'глазеть', 'приняться', 'отбивать', 'чечетка', 'затянуть', 'блюзовый', 'баллада', 'словно']"
1,1,1,1,1,1,1,1,1,1,1,1,1,1,1,1,1,1,1,1,1,0,"['грузинский', 'артист', 'падать', 'колено', 'микрофонный', 'стойка', 'дирижировать', 'оркестр', 'организовать', 'перекличка', 'зал', 'общий', 'вести', 'мик', 'джаггер']"
1,0,1,1,1,1,1,1,1,1,1,1,1,1,1,1,1,1,1,1,1,0,"['проволока', 'ходить', 'рука', 'стоять', 'прыгать']"
1,1,1,1,1,1,1,1,1,1,1,1,1,1,1,1,1,1,1,1,1,0,"['хорошо', 'предмет', 'гитара']"
1,1,1,1,1,1,1,1,1,1,1,1,1,1,1,1,1,1,1,1,1,0,"['один', 'аттракцион', 'адольф', 'гореть', 'факел', 'раскачиваться', 'груда', 'бочка', 'порох', 'знак-кавычки']"
1,1,1,1,1,1,1,1,1,1,1,1,1,1,1,1,1,1,1,1,1,0,"['переодеться', 'веселый', 'клоунский', 'костюм', 'мера', 'возможность', 'устроить', 'настоящий', 'цирковой', 'представление', 'показывать', 'фокус', 'шутить']"
1,1,1,1,1,1,1,1,1,1,1,1,1,1,1,1,1,1,1,1,1,0,"['задача', 'заключаться', 'разъезжать', 'скейт', 'подбрасывать', 'фрукт', 'который', 'подкидывать', 'рыжик', 'сидеть', 'жердочка', 'съестной', 'припасы']"
1,1,1,1,1,1,1,1,1,1,1,1,1,1,0,1,1,1,1,1,1,0,"['новоявленный', 'циркачка', 'отчаиваться', 'энтузиазм', 'ходить', 'проволока']"
1,1,1,1,1,1,1,1,1,1,1,1,1,1,1,1,1,1,1,1,1,0,"['небольшой', 'футболист', 'длинный', 'спина', 'короткий', 'нога', 'сильный', 'грудь', 'душа', 'команда', 'великолепный', 'дирижер', 'ансамбль', 'вальдир', 'перейра', 'кличка', 'диди', 'совсем', 'вразвалочку', 'направиться', 'середина', 'поле', 'мяч', 'ход', 'перебрасывать', 'рука', 'знак-кавычки']"
1,1,1,1,1,1,1,1,1,1,1,1,1,1,1,1,1,1,1,1,1,0,"['горячий', 'сеньор', 'теплый', 'страна', 'удовольствие', 'мяч', 'проделывать', 'пора', 'немыслимый', 'трюк']"
1,1,1,1,1,1,1,1,1,1,1,1,1,1,1,1,1,1,1,1,1,0,"['петь', 'глотать', 'шпага', 'факел', 'проваливаться', 'появляться']"
0,1,1,1,0,0,0,0,0,0,0,0,1,1,1,0,0,0,1,0,0,0,"['робиньо', 'красиво', 'мяч', 'пора', 'обломать', 'линейный', 'арбитр', 'знак-кавычки']"
1,1,1,1,1,1,1,1,1,1,1,1,1,1,1,1,1,1,1,1,1,0,"['обычно', 'специалист', 'уметь', 'практически', 'показывать', 'различный', 'фокус', 'смешить', 'ребенок', 'разный', 'предмет', 'танцевать']"
0,1,1,1,0,0,1,0,1,1,0,0,1,1,1,0,1,0,1,0,1,0,"['общий', 'вести', 'жонглер', 'научиться', 'виртуозно', 'один', 'предмет', 'постепенно', 'добавлять', 'новый']"
1,1,1,1,1,1,1,1,1,1,1,1,1,1,1,1,1,1,1,1,1,0,"['сегодня', 'девушка', 'работать', 'цирковой', 'жанр', 'гимнастка', 'бамбук', 'кольцо', 'блестяще', 'одновременно', 'танцевать', 'степ']"
1,1,1,1,1,1,1,1,1,1,1,1,1,1,1,1,1,1,1,1,1,0,"['проехать', 'мотоцикл', 'канат', 'пробовать', 'шар', 'полетать', 'красочный', 'воздушный']"
1,1,1,0,1,1,1,1,1,1,1,1,1,1,1,1,1,1,1,1,1,0,"['сегодня', 'недостаточно', 'ходить', 'канат', 'артист', 'необходимо', 'создать', 'раскрыть', 'некий', 'художественный', 'образ', 'серьезный', 'режиссерский', 'задача']"
1,1,1,1,1,1,1,1,1,1,1,1,1,0,1,1,1,1,1,1,1,0,"['мяч', 'играть', 'бильярд']"
1,1,1,1,1,1,1,1,1,1,1,1,1,1,1,1,1,1,1,1,1,0,"['соревнование', 'наездник', 'должный', 'выполнять', 'задание', 'например', 'метать', 'цель', 'дротик', 'вести', 'мяч', 'зажечь', 'факел']"
1,1,1,1,1,1,1,1,1,1,1,1,1,1,1,1,1,1,1,1,1,0,"['мужчина', 'женщина', 'делать', 'нечто', 'умопомрачительный', 'выдувать', 'огонь', 'огненный', 'палец', 'алый', 'язык', 'пламень', 'околдовывать', 'придавать', 'некий', 'таинственность', 'знак-кавычки']"
1,1,1,1,1,1,0,1,0,1,1,1,1,1,1,1,0,1,1,1,0,0,"['попробовать', 'мяч']"
0,1,1,0,0,0,0,0,0,0,0,1,1,1,0,1,0,1,1,1,0,0,"['далее', 'учиться', 'маленький', 'мяч', 'сначала', 'один', 'другой', 'рука']"
0,1,1,1,0,0,0,0,0,1,1,0,1,1,1,0,0,0,1,0,0,0,"['львиный', 'грива', 'рассыпаться', 'алый', 'военный', 'кафтан', 'забавляться', 'небрежно', 'огромный', 'палица']"
0,1,0,1,0,0,0,0,0,0,0,1,1,1,1,1,0,0,1,0,0,0,"['наконец', 'поставить', 'один', 'валик', 'наложить', 'дощечка', 'ловко', 'вскакивать', 'молодой', 'человек', 'начинать', 'непостижимый', 'быстрота', 'мяч', 'невольно', 'вырываться', 'восклицание', 'догадка', 'настоящий', 'цирк', 'знак-кавычки']"
0,1,0,1,0,0,0,0,0,0,0,0,1,1,1,0,0,0,1,0,0,0,"['запросто', 'класть', 'лопатка', 'мастер', 'ушу', 'первый', 'пробегать', 'кросс', 'курить', 'умело', 'крутить', 'ножичек']"
0,0,0,0,0,0,0,0,0,0,0,0,0,0,1,0,0,0,1,0,0,0,"['второй', 'наконец', 'прекратить', 'созерцать', 'нога', 'мэри', 'стать', 'камешек']"
0,0,0,1,0,0,1,0,1,1,1,0,1,0,1,0,1,0,1,0,1,0,"['красавица', 'уметь', 'ходить', 'канат']"
0,1,1,1,0,0,0,0,0,0,0,0,1,1,1,0,0,0,1,0,0,0,"['коварно', 'предположить', 'четверть', 'эльф', 'дело', 'приниматься', 'печенье']"
0,0,0,1,0,0,0,0,0,0,0,0,1,0,1,0,0,0,1,0,0,0,"['знать', 'ходить', 'проволока', 'тарелочка', 'шарик']"
0,0,1,1,0,1,0,0,0,0,0,0,1,0,0,0,0,0,1,0,0,0,"['шарик', 'суть', 'одинаковый', 'один', 'жонглер', 'хорошо', 'другой', 'неважно', 'третий', 'рука', 'вон', 'плохо']"
1,0,0,0,1,0,1,0,1,0,1,0,1,0,0,0,1,0,1,0,1,0,"['крупный', 'мяч', 'сложный', 'трюк', 'вынести', 'сцена', 'требоваться', 'год', 'репетиция']"
0,0,0,0,0,0,0,0,0,0,0,0,1,0,0,0,0,0,0,0,0,0,"['начало', 'порекомендовать', 'амарантов', 'забыть', 'мяч', 'начать', 'работать', 'простой', 'реквизит', 'булава', 'бросать', 'маленький', 'мячик', 'помнить', 'недовольный', 'амарант']"
0,1,0,0,0,0,0,0,0,0,0,0,1,0,0,0,0,0,1,0,0,0,"['скалить', 'желтый', 'зуб', 'обезьянка', 'ловко', 'яблоко', 'банан']"
0,1,0,0,0,0,0,0,0,0,0,0,1,0,0,0,0,0,1,0,0,0,"['переставать', 'приняться', 'откусывать', 'один', 'другой', 'яблоко', 'умудряться', 'нога', 'сдирать', 'шкурка', 'банан', 'запихивать', 'очищенная', 'рот']"
1,0,0,1,1,1,1,1,1,1,1,1,0,0,1,1,1,1,1,1,1,0,"['рядом', 'палуба', 'оказаться', 'обезьянка', 'который', 'сцена', 'фрукт']"
0,0,0,0,0,0,0,0,0,0,0,0,1,0,0,0,0,0,1,0,0,0,"['выучиться', 'одновременно', 'предмет']"
0,0,1,0,0,0,0,0,0,0,0,0,1,0,0,0,0,0,1,0,0,0,"['танцевать', 'кататься', 'ролик', 'превосходно', 'исполнять', 'вокальный', 'партия']"
0,0,0,0,0,0,0,0,0,0,0,0,0,0,0,0,0,0,1,0,0,0,"['девочка', 'охотно', 'мяч', 'мальчик', 'больше', 'интересный', 'играть', 'который', 'идентифицировать', 'футболист', 'баскетболист']"
0,0,0,1,0,0,1,0,0,1,0,0,1,0,1,0,1,0,1,0,0,0,"['выпить', 'начинать', 'бутылка', 'петь', 'песня']"
0,0,1,1,0,0,0,0,0,0,0,0,1,1,1,0,0,0,1,0,0,0,"['парижский', 'олимпиада', 'год', 'например', 'матч', 'сборная', 'югославия', 'пронести', 'мяч', 'голова', 'половина', 'поле', 'уронить', 'земля']"
0,1,0,0,0,0,1,0,1,1,1,0,1,0,1,0,1,0,1,0,1,0,"['мяч', 'бура', 'ждать', 'прикрывать', 'соперник', 'андре', 'занять', 'место', 'ворота']"
0,0,0,0,0,0,0,0,0,0,0,0,1,0,0,0,0,0,1,0,0,0,"['учесть', 'танец', 'обязательно', 'дзэни', 'дайко', 'музыкальный', 'инструмент', 'полый', 'стебель', 'бамбук', 'наполнить', 'монетка', 'масса', 'положительный', 'эмоция', 'зритель', 'наверняка', 'обеспечить']"
1,0,0,0,1,0,1,0,1,0,0,1,0,0,0,1,1,1,1,1,1,0,"['комедия', 'райан', 'джонсон', 'брат', 'блум', 'сравнить', 'цирковой', 'трюк', 'исполнитель', 'который', 'велосипед']"
0,1,1,0,0,0,0,0,0,0,0,0,1,0,0,0,0,0,1,0,0,0,"['самый', 'дело', 'работать', 'огнь', 'устраивать', 'фейерверк', 'факел', 'соответствовать', 'правило', 'противопожарный', 'безопасность']"
0,0,1,1,0,0,1,0,1,1,1,0,1,1,1,0,1,0,1,0,1,0,"['роднить', 'больничный', 'клоун', 'манежный', 'собрат', 'умение', 'делать', 'фокус']"
1,1,0,0,1,1,1,1,1,0,1,1,1,0,0,1,1,1,1,1,1,0,"['приготовление', 'повар', 'умудряться', 'добиваться', 'необходимый', 'качество', 'блюдо', 'прибор', 'продукт', 'превращать', 'посещение', 'ресторан', 'настоящий', 'шоу']"
1,1,1,1,1,1,1,1,1,1,1,1,1,1,1,1,1,1,1,1,1,0,"['прислуживать', 'студент', 'отрок', 'год', 'который', 'звонко', 'петь', 'ударять', 'такт', 'кастаньета', 'прыгать', 'выделывать', 'разный', 'фокус', 'ловкость']"
0,0,1,1,0,0,0,0,0,1,1,0,1,1,1,0,0,0,1,0,0,0,"['хотеть', 'научиться', 'факел']"
0,1,0,1,0,0,1,0,1,1,1,0,1,0,1,0,1,0,1,0,1,0,"['играть', 'волынка', 'скакать', 'верхом', 'выпить', 'винчи', 'ботль', 'половина', 'харло']"
1,1,1,1,1,1,1,1,1,1,1,1,1,1,1,1,1,1,1,1,1,0,"['жонглер', 'виртуозно', 'подбрасывать', 'воздух', 'трость', 'девушка', 'змея', 'показать', 'гибкий', 'человеческий', 'тело', 'представитель', 'редкий', 'жанр', 'антипод', 'удивить', 'зритель', 'умение', 'различный', 'цирковой', 'атрибут', 'один', 'нога', 'знак-кавычки']"
1,1,1,1,1,1,1,1,1,1,1,1,1,1,1,1,1,1,1,1,1,0,"['нога', 'сложно', 'вдвойне', 'работать', 'неустойчивый', 'предмет', 'легкий', 'зонтик']"
1,0,1,1,1,1,1,1,1,1,1,1,1,1,1,1,1,1,1,1,1,0,"['наверное', 'заметить', 'трудно', 'думать', 'посторонний']"
0,1,0,1,0,0,0,0,0,0,0,0,1,0,0,0,0,0,1,0,0,0,"['например', 'научиться', 'уравновешенный', 'прилагать', 'адекватный', 'усилие', 'концентрироваться', 'один', 'мяч', 'произойти', 'взять']"
1,1,1,1,1,1,1,1,1,1,1,1,1,1,1,1,1,1,1,1,1,0,"['придтись', 'кинжал', 'гореть', 'факел']"
1,1,1,0,1,1,0,1,0,0,0,1,1,1,0,1,0,1,1,1,0,0,"['граммофон', 'лопаться', 'пружина', 'раскрываться', 'створка', 'симпатичный', 'девушка', 'извлечь', 'память', 'старик', 'аппарат', 'первый', 'десятилетие', 'век', 'незатейливый', 'песенка', 'танцевать', 'чарльстон', 'одновременно', 'котелок', 'словно']"
1,1,0,0,1,1,1,1,1,1,1,1,1,0,0,1,1,1,1,1,1,0,"['пройти', 'акробат', 'тренированный', 'канатоходец', 'свободно', 'легко', 'жонглирование', 'помогать']"
1,1,0,1,1,1,1,1,1,1,1,1,1,0,1,1,1,1,1,1,1,0,"['зрелище', 'рассчитать', 'любитель', 'экстрим', 'артист', 'одетый', 'кинопроба', 'четвертый', 'безумный', 'макс', 'бензопила', 'прикреплять', 'половой', 'орган', 'целый', 'заводской', 'станок', 'носиться', 'грохотать', 'мотоцикл', 'вытворять', 'нечто', 'невероятный', 'нож', 'горящий', 'факел', 'знак-кавычки', 'словно']"
1,1,0,0,1,1,1,1,1,1,1,1,1,0,0,1,1,1,1,1,1,0,"['аккомпанемент', 'спеть', 'лихо', 'играть', 'футбол', 'бейсбол', 'баскетбол', 'катать', 'собака', 'плотик', 'перебрасываться', 'мяч']"
1,1,0,1,1,1,1,1,1,1,1,1,1,1,1,1,1,1,1,1,1,0,"['начинать', 'принимать', 'посильный', 'участие', 'закулисный', 'жизнь', 'прыгать', 'батут', 'тренировать', 'гибкость', 'учиться', 'помогать', 'взрослый', 'ухаживать', 'животное']"
1,1,1,1,1,1,1,1,1,1,1,1,1,1,1,1,1,1,1,1,1,0,"['например', 'помощь', 'борьба', 'курение', 'урок', 'приготовление', 'суша', 'научиться', 'играть', 'гитара', 'сайт', 'помочь', 'большой', 'теннис']"
1,0,0,0,0,1,1,0,1,1,1,0,1,0,0,0,1,0,1,0,1,0,"['мина', 'азартно', 'щелкнуть', 'палец', 'голова', 'начало', 'граната']"
1,1,1,1,1,1,1,1,1,1,1,1,1,1,1,1,1,1,1,1,1,0,"['эдгар', 'универсал', 'ездить', 'моноцикл', 'выступать', 'лестница']"
1,1,1,1,1,1,1,1,1,1,1,1,1,1,1,1,1,1,1,1,1,0,"['попугай', 'любить', 'прокатиться', 'ветерок', 'велосипед', 'танцевать', 'играть', 'баскетбол', 'кататься', 'горка', 'скейт', 'лежать', 'спина']"
1,1,0,1,1,1,1,1,1,1,1,1,1,0,1,1,1,1,1,1,1,0,"['делать', 'изюминка', 'выступление', 'танго', 'рано', 'танцевать', 'показывать', 'фокус', 'апельсин', 'ничто', 'пробовать']"
1,1,1,1,1,1,1,1,1,1,1,1,1,1,0,1,1,1,1,1,1,0,['уметь']
1,0,1,1,1,1,1,1,1,1,1,1,1,1,1,1,1,1,1,1,1,0,"['разноцветный', 'погремушка', 'банан', 'туфелька', 'чашка', 'медвежонок', 'зонтик']"
1,1,1,1,1,1,1,1,1,1,1,1,1,1,1,1,1,1,1,1,1,0,"['давать', 'попросить', 'музыкант', 'симфонический', 'оркестр', 'фрак', 'выйти', 'купальный', 'костюм', 'перерыв', 'партия', 'мячик']"
1,1,0,0,1,1,1,1,1,1,1,1,1,1,0,1,1,1,1,1,1,0,"['звучать', 'ритм', 'гора', 'участник', 'одноименный', 'ансамбль', 'демонстрировать', 'барабан', 'играть']"
0,0,1,1,0,0,1,0,1,1,1,0,1,1,1,0,1,0,1,0,1,0,"['крауч', 'уверять', 'теннисный', 'мяч', 'плохо', 'маррей']"
1,1,1,1,1,1,1,1,1,1,1,1,1,1,1,1,1,1,1,1,1,0,"['продавец', 'универсальный', 'коричневый', 'напиток', 'протискиваться', 'пешеход', 'жестяной', 'ведро', 'полный', 'бутылка', 'лед', 'запотевший', 'стакан']"
1,1,1,1,1,1,1,1,1,1,1,1,1,1,1,1,1,1,1,1,1,0,"['следующий', 'день', 'вячеслав', 'порадовать', 'японский', 'ребенок', 'представление', 'зонтик', 'мяч', 'шляпа', 'катать', 'плечо', 'восседать', 'моноцикл']"
1,1,1,1,1,1,1,1,1,1,1,1,1,1,1,1,1,1,1,1,1,0,"['александр', 'ревва', 'мяч', 'рассказать', 'скабрезный', 'анекдот']"
1,0,0,1,1,1,1,1,1,1,1,1,1,1,1,1,1,1,1,1,1,0,"['бармен', 'музыка', 'бутылка', 'шейкер', 'салфетка', 'стакан', 'параллельно', 'флиртовать', 'публика', 'смешивать', 'напиток']"
1,1,1,1,1,1,1,1,1,1,1,1,0,1,1,1,1,1,1,1,1,0,"['туляк', 'сергей', 'прокопец', 'бутылка', 'перерыв', 'хореографический', 'па', 'составлять', 'сложный', 'алкогольный', 'букет', 'блендер', 'добавлять', 'горсть', 'свежий', 'клубника', 'перемешивать']"
1,1,1,1,1,1,1,1,1,1,1,1,1,1,0,1,1,1,1,1,1,0,"['уметь', 'фехтовать', 'танцевать', 'мазурка', 'совершенно', 'нужный', 'создание', 'хороший', 'сайт']"
1,0,1,1,1,1,1,1,1,1,1,1,1,1,1,1,1,1,1,1,1,0,"['май', 'год', 'красный', 'площадь', 'поставить', 'виктор', 'царев', 'долго', 'мир', 'мяч']"
1,1,1,1,1,1,1,1,1,1,1,1,1,1,1,1,1,1,1,1,1,0,"['способный', 'сыронизировать', 'николай', 'епифанович', 'приняться', 'безупречно', 'тарелка']"
1,1,1,0,1,1,1,1,1,1,1,1,1,1,0,1,1,1,1,1,1,0,"['представление', 'ребенок', 'учиться', 'танцевать', 'петь', 'делать', 'поделка', 'рука', 'отгадывать', 'видео', 'загадка']"
1,0,1,1,1,1,1,1,1,1,1,1,1,1,1,1,1,1,1,1,1,0,"['морковка', 'начать', 'яблоко', 'апельсин']"
1,1,1,1,1,1,1,1,1,1,1,1,1,1,1,1,1,1,1,1,1,0,"['правило', 'игра', 'должный', 'касаться', 'пол', 'игрок', 'пасовать', 'мяч', 'нога']"
1,1,0,0,1,1,1,1,1,1,1,1,1,0,0,1,1,1,1,1,1,0,"['поднимать', 'опускать', 'держать', 'смотреть', 'слушать', 'делать', 'другой', 'мышца', 'расти']"
1,1,1,0,1,1,1,1,1,1,1,1,1,1,0,1,1,1,0,1,1,0,"['огненный', 'шоу', 'устроить', 'яварына', 'участник', 'факел', 'дышать', 'огнь', 'танцевать', 'гореть', 'веер', 'увлечь', 'исключение', 'гость', 'фестиваль', 'реконструкция', 'знак-кавычки', 'знак-кавычки']"
1,1,1,0,1,1,1,1,1,1,1,1,1,1,0,1,1,1,0,1,1,0,"['человек', 'размер', 'муравей', 'запросто', 'делать', 'стойка', 'мизинец', 'любой', 'рука', 'нога', 'товарищ', 'мышечный', 'масса', 'составлять', 'процент', 'вес', 'тело', 'насекомое']"
1,0,1,0,1,1,1,1,1,1,1,1,1,1,0,1,1,1,0,1,1,0,"['заключаться', 'теннисный', 'мячик']"
1,1,1,0,1,1,0,1,0,0,0,1,0,1,1,1,0,1,0,1,0,0,"['валентина', 'ивановна', 'неплохо', 'вместе', 'год']"
1,0,1,1,1,1,1,1,1,1,1,1,0,1,1,1,1,1,0,1,1,0,"['зал', 'замирание', 'сердце', 'следить', 'айдамир', 'лесенка', 'верх', 'который', 'стойкий', 'оловянный', 'солдатик', 'стоять', 'четырехлетний', 'сынишка', 'словно']"
0,1,1,1,0,0,0,0,0,0,0,0,0,1,1,0,0,0,0,0,0,0,"['матрос', 'сбивать', 'стрела', 'пламень', 'светильник', 'метать', 'копье', 'меч', 'кинжал']"
1,1,1,1,1,1,1,1,1,1,1,1,1,1,1,1,1,1,0,1,1,0,"['особенно', 'понравиться', 'номер', 'парень', 'мяч', 'апельсин']"
1,1,1,1,1,1,1,1,0,1,1,1,0,1,1,1,0,1,0,1,0,0,"['бумеранг', 'должный', 'иметь']"
1,0,1,1,1,1,0,1,0,0,0,1,0,1,1,1,0,1,0,1,0,0,"['празднование', 'запланировать', 'ряд', 'мероприятие', 'человек', 'ветеран', 'юниор', 'ребенок', 'одновременно', 'мяч', 'проводить', 'эстафета', 'бить', 'ворота', 'пр']"
1,1,0,0,1,1,1,1,1,1,1,1,1,0,0,1,1,1,0,1,1,0,"['востребовать', 'умение', 'одновременно', 'предмет']"
1,1,1,1,1,1,1,1,1,1,1,1,0,1,1,1,1,1,0,1,1,0,"['бармен', 'легкость', 'бутылка', 'спиртной', 'напиток', 'дополнять', 'мастерство', 'акробатика', 'танец', 'факир', 'шоу', 'элемент', 'пиротехника']"
1,0,1,0,1,1,1,1,1,1,1,1,0,1,1,1,1,1,0,1,1,0,"['пить', 'танцевать', 'шарлотта', 'сползаться', 'занавес', 'доноситься', 'вопль', 'петя', 'трофимов', 'здравствовать', 'новый', 'жизнь', 'знак-кавычки']"
1,0,0,0,1,1,1,1,1,1,1,1,1,0,0,1,1,1,0,1,1,0,['мяч']
1,1,1,1,1,1,1,1,1,1,1,1,1,1,1,1,1,1,0,1,1,0,"['антракт', 'сцена', 'ходить', 'девушка', 'белье', 'рекламировать', 'бутик', 'название', 'который', 'удаться', 'запомнить', 'появиться', 'бармен', 'искусно', 'бутылка', 'срывать', 'каждый', 'бросок', 'большой', 'количество', 'аплодисменты']"
0,1,1,1,0,0,0,0,0,0,0,0,1,1,0,0,0,0,0,0,0,0,"['бутылка', 'выстраивать', 'многометровый', 'пирамида', 'фужер', 'готовить', 'коктейль', 'гигант']"
1,1,1,1,1,1,1,1,1,1,1,1,1,1,1,1,1,1,0,1,1,0,"['научиться', 'точка', 'зрение', 'современный', 'общество', 'бесполезный', 'вещь', 'например']"
1,1,0,0,1,1,1,1,1,1,1,1,1,0,0,1,1,1,0,1,1,0,"['секрет', 'научиться']"
1,1,1,0,1,1,1,1,1,1,1,1,1,1,0,1,1,1,0,1,1,0,"['жена', 'уметь']"
1,0,1,0,1,1,0,1,0,0,0,1,0,1,0,1,0,1,0,1,0,0,"['вынужденный', 'многий', 'шарик', 'терять', 'контроль', 'один', 'буквально']"
0,0,1,1,0,0,0,0,0,0,0,0,0,1,1,0,0,0,0,0,0,0,['работа']
1,1,1,1,1,1,1,1,1,1,1,1,0,1,0,1,1,1,0,1,1,0,"['веселиться', 'душа', 'помогать', 'клоун', 'кристианета', 'андрюня', 'майкл', 'аннета', 'который', 'учить', 'ребята', 'устроить', 'небольшой', 'цирковой', 'представление']"
1,1,1,1,1,1,1,1,1,1,1,1,1,1,1,1,1,1,0,1,1,0,"['цирк', 'один', 'хорошо', 'второй', 'тяжесть', 'поднимать']"
1,0,0,0,1,1,1,1,1,1,1,1,0,1,0,1,1,1,0,1,1,0,"['сцена', 'городской', 'дворец', 'культура', 'час', 'петь', 'танцевать', 'срывать', 'овация']"
1,1,1,1,1,1,1,1,1,1,1,1,1,1,1,1,1,1,0,1,1,0,"['посмотреть', 'новомодный', 'диск-жокей', 'мастерски', 'винил', 'доставать', 'сервиз', 'подарить', 'летие', 'свинья', 'копилка', 'возносить', 'голова']"
0,0,0,0,0,0,0,0,0,0,0,0,0,0,0,0,0,0,0,0,0,0,"['дом', 'построить', 'научиться', 'молоток', 'проломать', 'голова']"
1,1,1,0,1,1,0,1,0,0,0,1,0,1,0,1,0,1,0,1,0,0,"['советовать', 'попробовать', 'мяч', 'весело', 'первый', 'попытка', 'безуспешный', 'пойти', 'масло']"
1,0,1,1,1,1,1,1,1,1,1,1,0,1,1,1,1,1,1,1,1,0,"['город', 'происходить', 'странный', 'вещь', 'оживать', 'памятник', 'дворовый', 'кошка', 'разноцветный', 'мяч', 'время', 'дождь', 'гриб', 'вырастать', 'человеческий', 'рост', 'начинать', 'разговаривать', 'язык', 'который', 'понятный', 'зритель']"
1,0,1,0,1,1,1,1,1,1,1,1,0,1,1,1,1,1,0,1,1,0,"['удаваться', 'огненный', 'шарик', 'одновременно', 'трудно', 'держать', 'контроль', 'обжечься']"
1,1,0,0,1,1,1,1,1,1,1,1,1,0,0,1,1,1,0,1,1,0,"['зверь', 'развлекать', 'публика', 'мяч', 'перелезать', 'различный', 'препятствие', 'кататься', 'шар', 'вверх', 'голова']"
1,1,0,0,1,1,1,1,1,1,1,1,1,1,0,1,1,1,0,1,1,0,"['петь', 'танцевать', 'читать', 'мысль', 'расстояние', 'продавать', 'галстук', 'работать', 'спасатель', 'конь', 'айленд']"
1,0,1,1,1,1,0,1,0,1,0,1,0,1,1,1,0,1,0,1,1,0,"['гол', 'сибирь', 'совершенно', 'дворовый', 'классный', 'команда', 'позволить', 'секунда', 'мяч', 'штрафной', 'спокойно', 'ударить']"
0,0,1,0,0,0,0,0,0,0,0,0,1,0,0,0,0,0,0,0,0,0,"['вместе', 'мюзик-холл', 'танцевать', 'петь', 'выступать', 'акробатический', 'номер', 'молодой', 'человек', 'год', 'приехать', 'сша', 'начало', 'работать', 'режиссер', 'м']"
0,0,1,0,0,0,0,0,0,0,0,0,0,1,0,0,0,0,0,0,0,0,"['найти', 'человек', 'который', 'уметь', 'попросить', 'научить', 'сотрудник']"
0,0,1,1,0,0,0,0,0,0,0,0,0,1,1,0,0,0,0,0,0,0,"['наездник', 'скак', 'оружие', 'оглушительный', 'стрелять', 'воздух', 'лошадиный', 'ухо']"
1,0,1,1,1,1,1,1,1,1,1,1,0,1,1,1,1,1,0,1,1,0,"['костюмированный', 'фигура', 'мальчишка', 'газета', 'яблоко', 'полицейский', 'обходить', 'квартал', 'красотка', 'мальчишеский', 'стрижка', 'танцевать', 'чарльстон']"
1,0,0,0,1,0,0,0,0,0,0,1,0,0,0,0,0,0,0,0,0,0,"['оладья', 'сковородка', 'знак-кавычки']"
0,0,0,0,0,0,0,0,0,0,0,0,0,0,0,0,0,0,0,0,0,0,"['повар', 'который', 'готовить', 'блюдо', 'разговаривать', 'гость', 'нож', 'вилка', 'солонка', 'перечница']"
0,1,0,0,0,0,0,0,0,0,0,0,1,0,0,0,0,0,0,0,0,0,"['удерживать', 'один', 'мяч', 'шея', 'другой', 'вращать', 'рука', 'пояс', 'третий', 'совершить', 'удар', 'минута', 'секунда']"
0,0,0,0,0,0,0,0,0,0,0,0,0,0,0,0,0,0,0,0,0,0,"['однажды', 'московский', 'виртуоз', 'одновременно', 'мяч', 'манипулировать', 'трость', 'читать', 'стих', 'александр', 'сергеевич', 'пушкин', 'обойти', 'тверской', 'бульвар', 'минута', 'секунда']"
0,0,0,0,0,0,0,0,0,0,0,0,0,0,0,0,0,0,0,0,0,0,"['мерлин', 'кадоган', 'минута', 'секунда', 'один', 'дыхание', 'предмет', 'вода']"
0,1,0,0,0,0,0,0,0,0,0,0,1,1,0,0,0,0,0,0,0,0,"['старомодный', 'шляпа', 'южный', 'кафе', 'булава']"
0,0,0,0,0,0,0,0,0,0,0,0,0,0,0,0,0,0,0,0,0,0,"['продолжать', 'мулат', 'очередь', 'осторожно', 'бросать', 'нож', 'сторона']"
0,1,0,0,0,0,0,0,0,0,0,0,0,0,0,0,0,0,0,0,0,0,"['устрашающий', 'вид', 'панк', 'выпить', 'бессчетный', 'количество', 'пиво', 'кидать', 'прохожий', 'пустой', 'бутылка', 'начинать', 'ловко', 'вызывать', 'аплодисменты', 'радостный', 'толпа']"
0,0,1,1,0,0,0,0,0,0,0,0,0,1,1,0,0,0,0,0,0,0,"['обливаться', 'садовый', 'шланг', 'опрокидывать', 'друг', 'ведро', 'ледяной', 'вода', 'танцевать', 'музыка', 'индийский', 'кинематограф', 'разноцветный', 'мячик', 'ходить', 'рука', 'подтягиваться', 'ветка', 'береза', 'покрикивать']"
1,1,0,0,1,1,1,1,1,0,1,1,1,0,1,1,1,1,0,1,1,0,"['слово', 'постараться', 'швыряться', 'нож', 'лезвие']"
0,0,0,0,0,0,0,0,0,0,0,0,0,0,0,0,0,0,0,0,0,0,"['специально', 'обученный', 'паренек', 'маленький', 'кусочек', 'тесто', 'фокусник', 'делать', 'трехметровый', 'лапша', 'крутить', 'голова', 'следить', 'шоу', 'завороженный']"
0,0,0,0,0,0,0,0,0,0,0,0,0,0,0,0,0,0,0,0,0,0,"['покидать', 'пост', 'плита', 'ловко', 'вок', 'открытый', 'зал', 'кухня', 'никто', 'доверить', 'момент', 'знак-кавычки']"
0,0,0,0,0,0,0,0,0,0,0,0,0,1,0,0,0,0,0,0,0,0,"['научиться', 'слушать', 'лекция', 'цирковой', 'искусство']"
0,1,0,1,0,0,0,0,0,0,0,0,1,0,1,0,0,0,0,0,0,0,"['силач', 'бойный', 'играть', 'гиря', 'рискованно', 'булава', 'ловкий', 'ребята', 'солдатский', 'гимнастерка', 'танцевать', 'проволока', 'смуглянка', 'храбрый', 'парень', 'девушка', 'знак-кавычки']"
0,1,0,0,0,0,0,0,0,0,1,1,1,0,1,1,0,1,0,1,0,0,"['участник', 'организовать', 'выездной', 'бар', 'любой', 'праздник', 'проводить', 'обучать', 'курсы', 'научиться', 'смешивать', 'коктейль', 'бутылка']"
0,0,0,0,0,0,0,0,0,0,0,0,0,1,0,0,0,0,0,0,0,0,"['направление', 'движение', 'задавать', 'бармен', 'бутылка', 'который']"
0,1,0,0,0,0,0,0,0,0,0,0,0,1,1,0,0,0,0,0,0,0,"['научиться', 'важно', 'подходить', 'дело', 'творчески']"
0,0,0,0,0,0,0,0,0,0,0,0,0,0,0,0,0,0,0,0,0,0,"['один', 'бутылка', 'другой', 'улыбаться', 'бабочка']"
0,1,1,0,0,0,0,0,0,0,0,0,0,1,1,0,0,1,0,1,0,0,"['видеть', 'однажды', 'бармен', 'бутылка']"
0,0,0,0,0,0,0,0,0,0,0,0,0,0,0,0,0,0,0,0,0,0,"['кравчук', 'рассказать', 'басня', 'показать', 'мяч']"
1,1,0,1,1,1,1,1,1,1,1,1,0,0,1,1,1,1,0,1,1,0,"['один', 'ходить', 'проволока', 'второй', 'дышать', 'огнь', 'третий', 'бутылка', 'бар', 'шоу']"
0,0,0,0,0,0,0,0,0,0,0,0,0,0,0,0,0,0,0,0,0,0,"['количество', 'предмет', 'который', 'артист', 'беспредельно']"
0,1,0,1,0,0,0,0,0,0,0,0,0,1,1,0,0,0,0,0,0,0,"['кисс', 'палочка', 'стоять', 'катушка', 'вдобавок', 'балансировать', 'лоб', 'длинный', 'трость', 'мяч', 'конец']"
0,1,0,0,0,0,0,0,0,0,0,0,1,0,0,0,0,0,0,0,0,0,"['свободно', 'киса', 'палочка', 'спина', 'повторять', 'прием', 'другой', 'жонглер', 'человек', 'суметь', 'освоить', 'выбрасывание']"
0,0,0,0,0,0,0,0,0,0,0,0,0,0,0,0,0,0,0,0,0,0,"['один', 'предмет']"
0,0,0,0,0,0,0,0,0,0,0,0,0,0,0,0,0,0,0,0,0,0,"['сделать', 'сложный', 'шарик', 'научиться', 'полчаса', 'рассказать', 'зап', 'знак-кавычки']"
1,1,0,1,1,1,1,1,1,1,1,1,1,1,1,1,1,1,0,1,1,0,"['артист', 'выступать', 'ходуля', 'метр', 'совершать', 'различный', 'трюк', 'выдувать', 'огонь']"
1,0,0,0,1,1,1,1,1,1,1,1,1,1,0,1,1,1,0,1,1,0,"['виртуоз', 'мастер', 'коктейльный', 'дело', 'илья', 'глаз', 'гость', 'бутылка', 'приготовить', 'коктейль', 'брачный', 'ночь', 'угостить', 'молодожены', 'знак-кавычки', 'знак-кавычки']"
1,0,0,0,1,1,1,1,1,1,1,1,0,0,0,1,1,1,0,1,1,0,"['например', 'один', 'паренек', 'получить', 'награда', 'футбольный', 'мяч', 'который', 'долгий', 'время', 'ведущий', 'конкурс', 'насчитать', 'удар']"
1,1,0,0,1,1,1,1,1,1,1,0,0,0,0,0,1,0,0,0,1,0,"['секунда', 'быстро', 'мешочек', 'мыльный', 'пена', 'банщик', 'покрывать', 'тело', 'лежак', 'огромный', 'мягкий', 'покрывало', 'знак-кавычки']"
0,1,0,0,0,0,0,0,0,0,0,0,1,0,0,0,0,0,0,0,0,0,"['данный', 'напиток', 'подаваться', 'ловкий', 'бармен', 'который', 'вечер', 'представить', 'зрелищный', 'шоу', 'бутылка', 'показывать', 'фокус', 'огнь']"
0,1,0,0,0,0,1,0,1,1,1,0,1,0,1,0,1,0,0,0,1,0,"['смеяться', 'апельсин']"
0,0,1,0,0,0,0,0,0,0,0,0,0,1,1,0,0,0,0,0,0,0,"['ребята', 'развлекать', 'совершенно', 'очаровательный', 'клоун', 'который', 'показывать', 'фокус', 'раздавать', 'конфета']"
0,0,0,0,0,0,0,0,0,0,0,1,0,1,0,1,0,1,0,1,0,0,"['уметь', 'петь', 'оперный', 'ария', 'апельсин']"
1,0,1,0,1,1,1,1,1,1,1,1,0,1,0,1,1,1,0,1,1,0,"['шар', 'цель', 'качество', 'количество']"
0,1,0,0,0,0,0,0,0,0,0,0,0,0,0,0,0,0,0,0,0,0,"['мать', 'мстислав', 'запашный', 'лидия', 'карловна', 'дочь', 'клоун', 'мильтон', 'пятнадцатилетний', 'девочка', 'лихо', 'скакать', 'лошадь', 'крутить', 'сальто', 'играть', 'фортепиано']"
0,0,0,0,0,0,0,0,0,0,0,0,0,0,0,0,0,0,0,0,0,0,"['пригласить', 'артист', 'выдыхать', 'огонь', 'пламенеть', 'факел']"
1,1,0,0,1,1,0,1,1,0,0,1,1,0,0,1,0,1,0,1,0,0,"['чарли', 'петь', 'танцевать', 'делать', 'акробатический', 'номер']"
0,0,0,0,0,0,0,0,0,0,0,1,0,1,0,1,0,1,0,1,0,0,"['носиться', 'один', 'конец', 'сцена', 'другой', 'запрыгивать', 'колонка', 'виртуозно', 'микрофонный', 'стойка', 'постоянно', 'общаться', 'публика']"
1,1,0,0,1,1,1,1,1,1,1,1,0,0,0,1,1,1,1,1,1,0,"['прекрасный', 'профессиональный', 'подготовка', 'комический', 'актер', 'театральный', 'подмостки', 'принести', 'свобода', 'движение', 'тонкий', 'мимика', 'танцевать', 'фред', 'астер', 'играть', 'рояль', 'кошачий', 'ловкость']"
0,0,0,0,0,0,0,0,0,0,0,0,0,0,0,0,0,0,0,0,0,0,"['комбинационный', 'жонглирование', 'представлять', 'умение', 'сложный', 'ритмический', 'рисунок']"
0,1,0,1,0,0,0,0,0,0,0,0,1,0,0,0,0,0,0,0,0,0,"['например', 'никто', 'оставить', 'равнодушный', 'шоу', 'бармен', 'клуб', 'пульс', 'который', 'глаз', 'изумленный', 'публика', 'бутылка', 'приготовить', 'изысканный', 'коктейль', 'знак-кавычки']"
0,1,0,0,0,0,0,0,0,0,0,0,1,0,0,0,0,0,0,0,0,0,"['патрик', 'демпси', 'будущий', 'звезда', 'популярный', 'телесериал', 'анатомия', 'страсть', 'научиться', 'юный', 'возраст', 'летний', 'знак-кавычки']"
1,0,1,1,1,1,1,1,1,1,1,1,0,1,1,1,1,1,0,1,1,0,"['другой', 'звезда', 'давно', 'позабыть', 'детский', 'увлечение', 'демпси', 'активно', 'эксплуатировать', 'талант', 'пора', 'умение', 'пригодиться', 'актер', 'съемка', 'романтический', 'комедия', 'друг', 'невеста', 'знак-кавычки']"
0,1,0,0,0,0,0,0,0,0,0,0,0,0,0,0,0,0,0,0,0,0,"['небольшой', 'скроить', 'студент', 'известный', 'свободный', 'занятие', 'время', 'предаваться', 'жонглирование', 'сказать', 'самый', 'дело', 'мяч', 'булава', 'кольцо', 'готовиться', 'переметнуться', 'другой', 'род', 'искусство', 'цирковой', 'бросить', 'изобразительный', 'который', 'вполне', 'преуспеть', 'природа', 'дать', 'фотоаппарат', 'глаз', 'совершенно', 'бездумный', 'автоматический', 'точность', 'рука']"
1,1,0,0,1,1,0,1,0,0,0,1,1,0,0,1,0,1,0,1,0,0,"['рубить', 'цветок', 'украшать', 'девушка', 'плясать', 'подпрыгивать', 'щелкать', 'секатор']"
0,0,1,0,0,0,0,0,0,0,0,0,0,0,0,0,0,0,0,0,0,0,"['первый', 'выступать', 'жонглер', 'кирпичик', 'знак-кавычки']"
